indicator,type,event_type,severity,confidence,status,first_seen,last_seen,hits,asn,as_name,country,malware_family
109.160.32.38,ip,ssh-post-auth,high,90,active,2026-09-11,2026-09-30,65035,198364,"BANATSYNC-SRL - BANATSYNC SRL, RO",BG,
109.160.32.30,ip,ssh-post-auth,high,90,active,2026-09-15,2026-09-26,45205,198364,"BANATSYNC-SRL - BANATSYNC SRL, RO",BG,
109.160.32.28,ip,ssh-post-auth,high,90,active,2026-09-14,2026-09-25,39163,198364,"BANATSYNC-SRL - BANATSYNC SRL, RO",BG,
109.160.32.124,ip,ssh-post-auth,high,90,active,2026-09-30,2026-10-09,39084,198364,"BANATSYNC-SRL - BANATSYNC SRL, RO",BG,
109.160.32.25,ip,ssh-post-auth,high,90,active,2026-09-22,2026-09-22,35240,198364,"BANATSYNC-SRL - BANATSYNC SRL, RO",BG,
45.142.193.164,ip,ssh-post-auth,high,90,active,2026-09-13,2026-09-13,33273,213388,"IIC-AS - IIC RAIL LIMITED, GB",RO,
109.160.32.156,ip,ssh-post-auth,high,90,active,2026-09-25,2026-09-25,32718,198364,"BANATSYNC-SRL - BANATSYNC SRL, RO",BG,
109.160.32.167,ip,ssh-post-auth,high,90,active,2026-09-30,2026-10-07,30461,198364,"BANATSYNC-SRL - BANATSYNC SRL, RO",BG,
109.160.32.111,ip,ssh-post-auth,high,90,active,2026-09-23,2026-09-24,29104,198364,"BANATSYNC-SRL - BANATSYNC SRL, RO",BG,
109.160.32.43,ip,ssh-post-auth,high,90,active,2026-09-11,2026-10-02,28029,198364,"BANATSYNC-SRL - BANATSYNC SRL, RO",BG,
109.160.32.134,ip,ssh-post-auth,high,90,active,2026-10-01,2026-10-09,27930,198364,"BANATSYNC-SRL - BANATSYNC SRL, RO",BG,
210.99.112.82,ip,ssh-post-auth,high,90,active,2026-09-15,2026-09-23,25702,4766,"KIXS-AS-KR-KR - Korea Telecom, KR",KR,
77.239.124.155,ip,ssh-post-auth,high,90,active,2026-10-04,2026-10-04,23498,198364,"BANATSYNC-SRL - BANATSYNC SRL, RO",US,
109.160.32.80,ip,ssh-post-auth,high,90,active,2026-09-15,2026-09-24,23282,198364,"BANATSYNC-SRL - BANATSYNC SRL, RO",BG,
109.160.32.175,ip,ssh-post-auth,high,90,active,2026-10-01,2026-10-07,21982,198364,"BANATSYNC-SRL - BANATSYNC SRL, RO",BG,
109.160.32.159,ip,ssh-post-auth,high,90,active,2026-10-03,2026-10-08,21939,198364,"BANATSYNC-SRL - BANATSYNC SRL, RO",BG,
109.160.32.131,ip,ssh-post-auth,high,90,active,2026-10-02,2026-10-03,21560,198364,"BANATSYNC-SRL - BANATSYNC SRL, RO",BG,
109.160.32.46,ip,ssh-post-auth,high,90,active,2026-09-10,2026-10-08,21086,198364,"BANATSYNC-SRL - BANATSYNC SRL, RO",BG,
109.160.32.200,ip,ssh-post-auth,high,90,active,2026-10-04,2026-10-04,20178,198364,"BANATSYNC-SRL - BANATSYNC SRL, RO",BG,
109.160.32.40,ip,ssh-post-auth,high,90,active,2026-09-23,2026-09-23,20042,198364,"BANATSYNC-SRL - BANATSYNC SRL, RO",BG,
109.160.32.115,ip,ssh-post-auth,high,90,active,2026-09-27,2026-09-28,19480,198364,"BANATSYNC-SRL - BANATSYNC SRL, RO",BG,
77.239.124.145,ip,ssh-post-auth,high,90,active,2026-10-03,2026-10-04,19436,198364,"BANATSYNC-SRL - BANATSYNC SRL, RO",US,
109.160.32.135,ip,ssh-post-auth,high,90,active,2026-09-30,2026-10-03,19092,198364,"BANATSYNC-SRL - BANATSYNC SRL, RO",BG,
109.160.32.97,ip,ssh-post-auth,high,90,active,2026-09-27,2026-09-27,17626,198364,"BANATSYNC-SRL - BANATSYNC SRL, RO",BG,
109.160.32.64,ip,ssh-post-auth,high,90,active,2026-09-27,2026-09-27,17620,198364,"BANATSYNC-SRL - BANATSYNC SRL, RO",BG,
109.160.32.34,ip,ssh-post-auth,high,90,active,2026-09-27,2026-09-27,17617,198364,"BANATSYNC-SRL - BANATSYNC SRL, RO",BG,
109.160.32.68,ip,ssh-post-auth,high,90,active,2026-09-15,2026-09-15,16844,198364,"BANATSYNC-SRL - BANATSYNC SRL, RO",BG,
109.160.32.21,ip,ssh-post-auth,high,90,active,2026-09-27,2026-09-27,16827,198364,"BANATSYNC-SRL - BANATSYNC SRL, RO",BG,
109.160.32.70,ip,ssh-post-auth,high,90,active,2026-09-26,2026-09-26,16769,198364,"BANATSYNC-SRL - BANATSYNC SRL, RO",BG,
109.160.32.150,ip,ssh-post-auth,high,90,active,2026-09-29,2026-10-04,15042,198364,"BANATSYNC-SRL - BANATSYNC SRL, RO",BG,
109.160.32.20,ip,ssh-post-auth,high,90,active,2026-09-10,2026-09-26,14981,198364,"BANATSYNC-SRL - BANATSYNC SRL, RO",BG,
109.160.32.67,ip,ssh-post-auth,high,90,active,2026-09-26,2026-09-26,14096,198364,"BANATSYNC-SRL - BANATSYNC SRL, RO",BG,
77.239.124.157,ip,ssh-post-auth,high,90,active,2026-09-28,2026-09-28,13782,198364,"BANATSYNC-SRL - BANATSYNC SRL, RO",US,
109.160.32.110,ip,ssh-post-auth,high,90,active,2026-09-15,2026-09-15,13366,198364,"BANATSYNC-SRL - BANATSYNC SRL, RO",BG,
109.160.32.171,ip,ssh-post-auth,high,90,active,2026-09-30,2026-09-30,13332,198364,"BANATSYNC-SRL - BANATSYNC SRL, RO",BG,
109.160.32.100,ip,ssh-post-auth,high,90,active,2026-09-26,2026-09-27,12763,198364,"BANATSYNC-SRL - BANATSYNC SRL, RO",BG,
109.160.32.22,ip,ssh-post-auth,high,90,active,2026-09-26,2026-09-27,12216,198364,"BANATSYNC-SRL - BANATSYNC SRL, RO",BG,
109.160.32.157,ip,ssh-post-auth,high,90,active,2026-10-09,2026-10-09,12104,198364,"BANATSYNC-SRL - BANATSYNC SRL, RO",BG,
109.160.32.142,ip,ssh-post-auth,high,90,active,2026-10-06,2026-10-06,11876,198364,"BANATSYNC-SRL - BANATSYNC SRL, RO",BG,
62.171.133.1,ip,ssh-post-auth,high,90,active,2026-09-14,2026-10-10,11427,51167,"CONTABO - Contabo GmbH, DE",DE,
109.160.32.148,ip,ssh-post-auth,high,90,active,2026-10-07,2026-10-07,10141,198364,"BANATSYNC-SRL - BANATSYNC SRL, RO",BG,
109.160.32.152,ip,ssh-post-auth,high,90,active,2026-10-07,2026-10-07,10067,198364,"BANATSYNC-SRL - BANATSYNC SRL, RO",BG,
195.178.110.232,ip,ssh-post-auth,high,90,active,2026-09-14,2026-10-07,9574,48090,"DMZHOST - TECHOFF SRV LIMITED, GB",BG,
109.160.32.125,ip,ssh-post-auth,high,90,active,2026-10-06,2026-10-06,9440,198364,"BANATSYNC-SRL - BANATSYNC SRL, RO",BG,
109.160.32.126,ip,ssh-post-auth,high,90,active,2026-10-07,2026-10-08,9345,198364,"BANATSYNC-SRL - BANATSYNC SRL, RO",BG,
109.160.32.108,ip,ssh-post-auth,high,90,active,2026-10-03,2026-10-07,9207,198364,"BANATSYNC-SRL - BANATSYNC SRL, RO",BG,
109.160.32.18,ip,ssh-post-auth,high,90,active,2026-09-24,2026-09-24,9052,198364,"BANATSYNC-SRL - BANATSYNC SRL, RO",BG,
109.160.32.145,ip,ssh-post-auth,high,90,active,2026-10-10,2026-10-10,8826,198364,"BANATSYNC-SRL - BANATSYNC SRL, RO",BG,
109.160.32.49,ip,ssh-post-auth,high,90,active,2026-09-28,2026-09-28,8786,198364,"BANATSYNC-SRL - BANATSYNC SRL, RO",BG,
109.160.32.141,ip,ssh-post-auth,high,90,active,2026-09-28,2026-09-29,8780,198364,"BANATSYNC-SRL - BANATSYNC SRL, RO",BG,
109.160.32.113,ip,ssh-post-auth,high,90,active,2026-09-29,2026-09-29,8778,198364,"BANATSYNC-SRL - BANATSYNC SRL, RO",BG,
109.160.32.155,ip,ssh-post-auth,high,90,active,2026-09-28,2026-09-28,8778,198364,"BANATSYNC-SRL - BANATSYNC SRL, RO",BG,
77.239.124.153,ip,ssh-post-auth,high,90,active,2026-10-02,2026-10-02,8778,198364,"BANATSYNC-SRL - BANATSYNC SRL, RO",US,
109.160.32.161,ip,ssh-post-auth,high,90,active,2026-10-03,2026-10-07,8646,198364,"BANATSYNC-SRL - BANATSYNC SRL, RO",BG,
109.160.32.103,ip,ssh-post-auth,high,90,active,2026-09-24,2026-09-24,8158,198364,"BANATSYNC-SRL - BANATSYNC SRL, RO",BG,
109.160.32.107,ip,ssh-post-auth,high,90,active,2026-10-04,2026-10-09,8012,198364,"BANATSYNC-SRL - BANATSYNC SRL, RO",BG,
109.160.32.170,ip,ssh-post-auth,high,90,active,2026-10-07,2026-10-07,5546,198364,"BANATSYNC-SRL - BANATSYNC SRL, RO",BG,
179.184.27.20,ip,ssh-post-auth,high,90,active,2026-10-07,2026-10-08,5381,18881,"AS18881 - TELEFONICA BRASIL S.A, BR",BR,
195.178.110.218,ip,ssh-post-auth,high,90,active,2026-09-24,2026-09-25,5370,48090,"DMZHOST - TECHOFF SRV LIMITED, GB",BG,
2.57.122.53,ip,ssh-post-auth,high,90,active,2026-09-10,2026-10-09,5299,47890,"UNMANAGED-DEDICATED-SERVERS - UNMANAGED LTD, GB",RO,
2.57.122.238,ip,ssh-post-auth,high,90,active,2026-09-15,2026-10-10,5150,47890,"UNMANAGED-DEDICATED-SERVERS - UNMANAGED LTD, GB",RO,
109.160.32.158,ip,ssh-post-auth,high,90,active,2026-10-04,2026-10-04,4970,198364,"BANATSYNC-SRL - BANATSYNC SRL, RO",BG,
195.178.110.227,ip,ssh-post-auth,high,90,active,2026-09-22,2026-10-04,4905,48090,"DMZHOST - TECHOFF SRV LIMITED, GB",BG,
195.178.110.211,ip,http-scan,low,30,stale,2026-09-22,2026-09-30,4744,48090,"DMZHOST - TECHOFF SRV LIMITED, GB",BG,
80.94.92.234,ip,ssh-post-auth,high,90,active,2026-09-14,2026-10-10,4471,47890,"UNMANAGED-DEDICATED-SERVERS - UNMANAGED LTD, GB",RO,
92.118.39.49,ip,ssh-post-auth,high,90,active,2026-09-11,2026-10-08,4411,47890,"UNMANAGED-DEDICATED-SERVERS - UNMANAGED LTD, GB",RO,
109.160.32.31,ip,ssh-post-auth,high,90,active,2026-09-26,2026-09-29,4391,198364,"BANATSYNC-SRL - BANATSYNC SRL, RO",BG,
92.118.39.14,ip,ssh-post-auth,high,90,active,2026-09-24,2026-10-09,4378,47890,"UNMANAGED-DEDICATED-SERVERS - UNMANAGED LTD, GB",RO,
92.118.39.77,ip,ssh-post-auth,high,90,active,2026-09-14,2026-10-09,4255,47890,"UNMANAGED-DEDICATED-SERVERS - UNMANAGED LTD, GB",RO,
109.160.32.153,ip,ssh-post-auth,high,90,active,2026-10-09,2026-10-09,4236,198364,"BANATSYNC-SRL - BANATSYNC SRL, RO",BG,
109.160.32.176,ip,ssh-post-auth,high,90,active,2026-10-04,2026-10-04,4178,198364,"BANATSYNC-SRL - BANATSYNC SRL, RO",BG,
109.160.32.168,ip,ssh-post-auth,high,90,active,2026-10-09,2026-10-09,4118,198364,"BANATSYNC-SRL - BANATSYNC SRL, RO",BG,
109.160.32.129,ip,ssh-post-auth,high,90,active,2026-10-03,2026-10-03,4002,198364,"BANATSYNC-SRL - BANATSYNC SRL, RO",BG,
109.160.32.130,ip,ssh-post-auth,high,90,active,2026-10-03,2026-10-03,4002,198364,"BANATSYNC-SRL - BANATSYNC SRL, RO",BG,
109.160.32.178,ip,ssh-post-auth,high,90,active,2026-10-04,2026-10-04,4002,198364,"BANATSYNC-SRL - BANATSYNC SRL, RO",BG,
109.160.32.180,ip,ssh-post-auth,high,90,active,2026-10-03,2026-10-03,4002,198364,"BANATSYNC-SRL - BANATSYNC SRL, RO",BG,
92.118.39.71,ip,ssh-post-auth,high,90,active,2026-09-23,2026-10-08,3819,47890,"UNMANAGED-DEDICATED-SERVERS - UNMANAGED LTD, GB",RO,
2.57.122.76,ip,ssh-post-auth,high,90,active,2026-09-25,2026-09-30,3658,47890,"UNMANAGED-DEDICATED-SERVERS - UNMANAGED LTD, GB",RO,
195.178.110.217,ip,ssh-post-auth,high,90,active,2026-09-14,2026-10-09,3634,48090,"DMZHOST - TECHOFF SRV LIMITED, GB",BG,
80.94.92.55,ip,ssh-post-auth,high,90,active,2026-09-14,2026-10-10,3485,47890,"UNMANAGED-DEDICATED-SERVERS - UNMANAGED LTD, GB",RO,
2.57.122.150,ip,ssh-post-auth,high,90,active,2026-09-23,2026-10-09,3423,47890,"UNMANAGED-DEDICATED-SERVERS - UNMANAGED LTD, GB",RO,
84.42.46.238,ip,ssh-post-auth,high,90,active,2026-10-04,2026-10-04,3270,34267,"DEBRYANSK-AS-1 - PJSC Rostelecom, RU",RU,
109.160.32.154,ip,ssh-post-auth,high,90,active,2026-09-30,2026-09-30,3096,198364,"BANATSYNC-SRL - BANATSYNC SRL, RO",BG,
109.160.32.164,ip,ssh-post-auth,high,90,active,2026-10-09,2026-10-09,2922,198364,"BANATSYNC-SRL - BANATSYNC SRL, RO",BG,
195.178.110.228,ip,ssh-post-auth,high,90,active,2026-09-14,2026-10-08,2877,48090,"DMZHOST - TECHOFF SRV LIMITED, GB",BG,
193.32.162.84,ip,ssh-post-auth,high,90,active,2026-09-22,2026-10-08,2446,47890,"UNMANAGED-DEDICATED-SERVERS - UNMANAGED LTD, GB",RO,
80.94.92.179,ip,ssh-post-auth,high,90,active,2026-09-13,2026-10-09,2341,47890,"UNMANAGED-DEDICATED-SERVERS - UNMANAGED LTD, GB",RO,
109.160.32.42,ip,ssh-post-auth,high,90,active,2026-10-07,2026-10-07,2273,198364,"BANATSYNC-SRL - BANATSYNC SRL, RO",BG,
2.57.122.74,ip,ssh-post-auth,high,90,active,2026-09-24,2026-10-08,2200,47890,"UNMANAGED-DEDICATED-SERVERS - UNMANAGED LTD, GB",RO,
109.160.32.144,ip,ssh-post-auth,high,90,active,2026-09-30,2026-10-09,2174,198364,"BANATSYNC-SRL - BANATSYNC SRL, RO",BG,
195.178.110.26,ip,ssh-post-auth,high,90,active,2026-10-06,2026-10-06,2166,48090,"DMZHOST - TECHOFF SRV LIMITED, GB",BG,
109.160.32.10,ip,ssh-post-auth,high,90,active,2026-09-12,2026-09-12,2107,198364,"BANATSYNC-SRL - BANATSYNC SRL, RO",BG,
109.160.32.41,ip,ssh-post-auth,high,90,active,2026-09-14,2026-09-14,2060,198364,"BANATSYNC-SRL - BANATSYNC SRL, RO",BG,
109.160.32.119,ip,ssh-post-auth,high,90,active,2026-10-08,2026-10-08,2001,198364,"BANATSYNC-SRL - BANATSYNC SRL, RO",BG,
109.160.32.140,ip,ssh-post-auth,high,90,active,2026-10-08,2026-10-08,2001,198364,"BANATSYNC-SRL - BANATSYNC SRL, RO",BG,
170.64.203.238,ip,ssh-post-auth,high,90,active,2026-10-04,2026-10-04,1916,14061,"DIGITALOCEAN-ASN - DigitalOcean, LLC, US",US,
213.177.179.91,ip,ssh-post-auth,high,90,active,2026-10-04,2026-10-04,1756,208137,"FPS12 - Feo Prest SRL, RO",IR,
94.184.17.101,ip,ssh-post-auth,high,90,active,2026-09-26,2026-09-26,1729,205536,"TENP - Tejarat Electronic Nojhan Pardazesh LLC, IR",IR,
45.148.10.183,ip,ssh-post-auth,high,90,active,2026-09-24,2026-09-24,1642,48090,"DMZHOST - TECHOFF SRV LIMITED, GB",RO,
2.57.122.209,ip,ssh-post-auth,high,90,active,2026-09-15,2026-10-07,1570,47890,"UNMANAGED-DEDICATED-SERVERS - UNMANAGED LTD, GB",RO,
103.159.2.113,ip,ssh-post-auth,high,90,active,2026-10-04,2026-10-07,1555,63961,"BDREN-UGC-AS-AP - Bangladesh Research and Education Network (BdREN), BD",BD,
34.125.105.239,ip,http-scan,low,30,expired,2026-09-15,2026-09-15,1552,396982,"GOOGLE-CLOUD-PLATFORM - Google LLC, US",US,
109.160.32.39,ip,ssh-post-auth,high,90,active,2026-09-10,2026-09-29,1503,198364,"BANATSYNC-SRL - BANATSYNC SRL, RO",BG,
109.160.32.83,ip,ssh-post-auth,high,90,active,2026-09-14,2026-09-14,1393,198364,"BANATSYNC-SRL - BANATSYNC SRL, RO",BG,
209.38.84.215,ip,ssh-post-auth,high,90,active,2026-10-04,2026-10-04,1352,14061,"DIGITALOCEAN-ASN - DigitalOcean, LLC, US",US,
2.57.122.168,ip,ssh-post-auth,high,90,active,2026-09-23,2026-10-08,1348,47890,"UNMANAGED-DEDICATED-SERVERS - UNMANAGED LTD, GB",RO,
92.118.39.50,ip,ssh-post-auth,high,90,active,2026-09-14,2026-10-09,1219,47890,"UNMANAGED-DEDICATED-SERVERS - UNMANAGED LTD, GB",RO,
167.172.125.197,ip,ssh-post-auth,high,90,active,2026-10-04,2026-10-04,1064,14061,"DIGITALOCEAN-ASN - DigitalOcean, LLC, US",US,
102.220.161.139,ip,http-scan,low,30,active,2026-09-16,2026-10-04,1053,197769,"VPSDEDICATED-AS - VPS Dedicated LLC, US",NG,
102.220.161.87,ip,http-scan,low,30,stale,2026-09-14,2026-10-03,1031,197769,"VPSDEDICATED-AS - VPS Dedicated LLC, US",NG,
109.160.32.104,ip,ssh-bruteforce,medium,60,stale,2026-09-11,2026-09-11,1001,198364,"BANATSYNC-SRL - BANATSYNC SRL, RO",BG,
109.160.32.120,ip,ssh-bruteforce,medium,60,stale,2026-09-11,2026-09-11,1001,198364,"BANATSYNC-SRL - BANATSYNC SRL, RO",BG,
109.160.32.16,ip,ssh-bruteforce,medium,60,expired,2026-09-10,2026-09-10,1001,198364,"BANATSYNC-SRL - BANATSYNC SRL, RO",BG,
193.46.255.86,ip,ssh-post-auth,high,90,active,2026-09-14,2026-10-10,964,47890,"UNMANAGED-DEDICATED-SERVERS - UNMANAGED LTD, GB",RO,
109.160.32.36,ip,ssh-bruteforce,medium,60,expired,2026-09-10,2026-09-10,933,198364,"BANATSYNC-SRL - BANATSYNC SRL, RO",BG,
2.57.121.25,ip,ssh-post-auth,high,90,active,2026-09-14,2026-10-10,930,47890,"UNMANAGED-DEDICATED-SERVERS - UNMANAGED LTD, GB",RO,
34.248.127.242,ip,http-scan,low,30,active,2026-09-22,2026-10-09,900,16509,"AMAZON-02 - Amazon.com, Inc., US",US,
102.220.163.202,ip,ssh-post-auth,high,90,active,2026-10-06,2026-10-06,898,197769,"VPSDEDICATED-AS - VPS Dedicated LLC, US",NG,
2.57.121.112,ip,ssh-post-auth,high,90,active,2026-09-14,2026-10-10,894,47890,"UNMANAGED-DEDICATED-SERVERS - UNMANAGED LTD, GB",RO,
54.76.45.192,ip,research-scanner,info,90,active,2026-09-14,2026-10-09,886,16509,"AMAZON-02 - Amazon.com, Inc., US",US,
202.133.88.159,ip,ssh-post-auth,high,90,active,2026-10-09,2026-10-09,802,212552,"BitCommand - BitCommand LLC, AM",AU,
109.160.32.136,ip,ssh-post-auth,high,90,active,2026-10-07,2026-10-07,794,198364,"BANATSYNC-SRL - BANATSYNC SRL, RO",BG,
54.74.13.161,ip,http-scan,low,30,active,2026-09-14,2026-10-09,708,16509,"AMAZON-02 - Amazon.com, Inc., US",US,
217.60.76.167,ip,ssh-post-auth,high,90,active,2026-09-15,2026-10-07,585,401626,"NETIFACE-TORONTO - Netiface America, Inc., US",AE,
139.19.117.197,ip,ssh-bruteforce,medium,60,active,2026-09-14,2026-10-08,556,680,"DFN - Verein zur Foerderung eines Deutschen Forschungsnetzes e.V., DE",DE,
45.138.12.14,ip,http-scan,low,30,active,2026-10-07,2026-10-07,511,218785,"TC-DATACENTER - TC DATACENTER LIMITED, HK",LT,
94.154.43.234,ip,ssh-post-auth,high,90,active,2026-09-14,2026-10-10,507,219502,"STORMCLOUD-AS - Storm Industries LLC, US",UA,
102.220.161.102,ip,http-scan,low,30,stale,2026-09-16,2026-10-02,428,197769,"VPSDEDICATED-AS - VPS Dedicated LLC, US",NG,
54.145.114.19,ip,ssh-post-auth,high,90,active,2026-09-25,2026-09-26,400,14618,"AMAZON-AES - Amazon.com, Inc., US",US,
54.88.214.66,ip,ssh-post-auth,high,90,active,2026-09-25,2026-09-26,388,14618,"AMAZON-AES - Amazon.com, Inc., US",US,
94.154.43.223,ip,ssh-post-auth,high,90,active,2026-09-25,2026-10-04,346,219502,"STORMCLOUD-AS - Storm Industries LLC, US",UA,
108.186.84.69,ip,ssh-post-auth,high,90,active,2026-09-24,2026-10-09,332,399486,"VIRTUO - 12651980 CANADA INC., CA",US,
45.148.10.240,ip,ssh-post-auth,high,90,active,2026-09-14,2026-09-14,331,48090,"DMZHOST - TECHOFF SRV LIMITED, GB",RO,
172.237.84.149,ip,ssh-post-auth,high,90,active,2026-09-26,2026-09-27,323,63949,"AKAMAI-LINODE-AP - Akamai Connected Cloud, SG",US,
109.160.32.73,ip,ssh-post-auth,high,90,active,2026-09-24,2026-09-24,320,198364,"BANATSYNC-SRL - BANATSYNC SRL, RO",BG,
94.154.43.69,ip,ssh-post-auth,high,90,active,2026-09-14,2026-10-08,299,219502,"STORMCLOUD-AS - Storm Industries LLC, US",UA,
192.241.240.125,ip,ssh-post-auth,high,90,active,2026-09-25,2026-09-26,298,14061,"DIGITALOCEAN-ASN - DigitalOcean, LLC, US",US,
171.243.149.238,ip,ssh-post-auth,high,90,active,2026-09-24,2026-09-24,290,7552,"VIETEL-AS-AP - Viettel Group, VN",VN,
27.79.40.50,ip,ssh-post-auth,high,90,active,2026-09-24,2026-09-24,284,7552,"VIETEL-AS-AP - Viettel Group, VN",VN,
162.243.203.9,ip,ssh-post-auth,high,90,active,2026-09-25,2026-09-26,276,14061,"DIGITALOCEAN-ASN - DigitalOcean, LLC, US",US,
206.189.236.102,ip,ssh-post-auth,high,90,active,2026-09-25,2026-09-26,276,14061,"DIGITALOCEAN-ASN - DigitalOcean, LLC, US",US,
154.18.197.29,ip,ssh-post-auth,high,90,active,2026-09-23,2026-09-23,274,142271,"DOUBLESQUARE-AS-AP - EWS DS Networks Inc, PH",US,
143.244.155.237,ip,ssh-post-auth,high,90,active,2026-09-25,2026-09-26,264,14061,"DIGITALOCEAN-ASN - DigitalOcean, LLC, US",US,
159.223.139.171,ip,ssh-post-auth,high,90,active,2026-09-25,2026-09-26,262,14061,"DIGITALOCEAN-ASN - DigitalOcean, LLC, US",US,
159.89.237.100,ip,ssh-post-auth,high,90,active,2026-09-25,2026-09-26,250,14061,"DIGITALOCEAN-ASN - DigitalOcean, LLC, US",US,
http://5.189.149.171/f/brute/m/.16_,url,payload-url,high,80,active,2026-09-14,2026-10-07,246,,,,
137.184.157.56,ip,ssh-post-auth,high,90,active,2026-09-25,2026-09-26,240,14061,"DIGITALOCEAN-ASN - DigitalOcean, LLC, US",US,
162.243.8.41,ip,ssh-post-auth,high,90,active,2026-09-25,2026-09-26,240,14061,"DIGITALOCEAN-ASN - DigitalOcean, LLC, US",US,
142.93.59.1,ip,ssh-post-auth,high,90,active,2026-09-25,2026-09-26,238,14061,"DIGITALOCEAN-ASN - DigitalOcean, LLC, US",US,
162.243.110.186,ip,ssh-post-auth,high,90,active,2026-09-25,2026-09-26,232,14061,"DIGITALOCEAN-ASN - DigitalOcean, LLC, US",US,
162.243.109.198,ip,ssh-post-auth,high,90,active,2026-09-25,2026-09-26,226,14061,"DIGITALOCEAN-ASN - DigitalOcean, LLC, US",US,
162.243.0.199,ip,ssh-post-auth,high,90,active,2026-09-25,2026-09-26,224,14061,"DIGITALOCEAN-ASN - DigitalOcean, LLC, US",US,
162.243.65.31,ip,ssh-post-auth,high,90,active,2026-09-25,2026-09-26,222,14061,"DIGITALOCEAN-ASN - DigitalOcean, LLC, US",US,
185.117.250.245,ip,ssh-post-auth,high,90,active,2026-09-29,2026-09-30,222,8648,"ONE-NETWORK - dogado GmbH, DE",DE,
51.15.25.116,ip,ssh-post-auth,high,90,active,2026-09-12,2026-09-12,222,12876,"AS12876 - Scaleway SAS, FR",FR,
162.243.35.220,ip,ssh-post-auth,high,90,active,2026-09-25,2026-09-26,220,14061,"DIGITALOCEAN-ASN - DigitalOcean, LLC, US",US,
162.243.226.64,ip,ssh-post-auth,high,90,active,2026-09-25,2026-09-26,218,14061,"DIGITALOCEAN-ASN - DigitalOcean, LLC, US",US,
104.131.238.210,ip,ssh-post-auth,high,90,active,2026-09-25,2026-09-26,216,14061,"DIGITALOCEAN-ASN - DigitalOcean, LLC, US",US,
116.74.164.106,ip,ssh-post-auth,high,90,active,2026-09-10,2026-09-10,216,17488,"HATHWAY-NET-AP - Hathway IP Over Cable Internet, IN",IN,
162.243.208.59,ip,ssh-post-auth,high,90,active,2026-09-25,2026-09-26,216,14061,"DIGITALOCEAN-ASN - DigitalOcean, LLC, US",US,
185.143.228.242,ip,ssh-post-auth,high,90,active,2026-09-14,2026-09-26,213,29802,"HVC-AS - HIVELOCITY, Inc., US",AE,
162.243.11.87,ip,ssh-post-auth,high,90,active,2026-09-25,2026-09-26,206,14061,"DIGITALOCEAN-ASN - DigitalOcean, LLC, US",US,
162.243.207.116,ip,ssh-post-auth,high,90,active,2026-09-25,2026-09-26,204,14061,"DIGITALOCEAN-ASN - DigitalOcean, LLC, US",US,
64.227.25.134,ip,ssh-post-auth,high,90,active,2026-09-25,2026-09-26,204,14061,"DIGITALOCEAN-ASN - DigitalOcean, LLC, US",US,
161.35.106.253,ip,ssh-post-auth,high,90,active,2026-09-25,2026-09-26,202,14061,"DIGITALOCEAN-ASN - DigitalOcean, LLC, US",US,
162.243.172.230,ip,ssh-post-auth,high,90,active,2026-09-25,2026-09-26,202,14061,"DIGITALOCEAN-ASN - DigitalOcean, LLC, US",US,
162.243.75.95,ip,ssh-post-auth,high,90,active,2026-09-25,2026-09-26,202,14061,"DIGITALOCEAN-ASN - DigitalOcean, LLC, US",US,
103.149.86.208,ip,ssh-bruteforce,medium,60,expired,2026-09-10,2026-09-10,201,149125,"DV4S-VN - 4S TECHNOLOGY TRADING SERVICES COMPANY LIMITED, VN",VN,
43.160.195.94,ip,ssh-post-auth,high,90,active,2026-09-14,2026-09-14,201,132203,"TENCENT-NET-AP-CN - Tencent Building, Kejizhongyi Avenue, CN",SG,
162.243.99.104,ip,ssh-post-auth,high,90,active,2026-09-25,2026-09-26,200,14061,"DIGITALOCEAN-ASN - DigitalOcean, LLC, US",US,
107.170.38.249,ip,ssh-post-auth,high,90,active,2026-09-25,2026-09-26,198,14061,"DIGITALOCEAN-ASN - DigitalOcean, LLC, US",US,
49.248.197.50,ip,ssh-post-auth,high,90,active,2026-09-10,2026-09-10,198,17762,"HTIL-TTML-IN-AP - Tata Teleservices Maharashtra Ltd, IN",IN,
192.241.165.220,ip,ssh-post-auth,high,90,active,2026-09-25,2026-09-26,196,14061,"DIGITALOCEAN-ASN - DigitalOcean, LLC, US",US,
192.241.189.64,ip,ssh-post-auth,high,90,active,2026-09-25,2026-09-26,196,14061,"DIGITALOCEAN-ASN - DigitalOcean, LLC, US",US,
47.94.57.108,ip,ssh-bruteforce,medium,60,stale,2026-09-10,2026-09-15,193,37963,"ALIBABA-CN-NET - Hangzhou Alibaba Advertising Co.,Ltd., CN",CN,
188.166.114.69,ip,ssh-post-auth,high,90,active,2026-10-09,2026-10-10,192,14061,"DIGITALOCEAN-ASN - DigitalOcean, LLC, US",US,
147.182.135.111,ip,ssh-post-auth,high,90,active,2026-09-25,2026-09-26,186,14061,"DIGITALOCEAN-ASN - DigitalOcean, LLC, US",US,
120.53.15.79,ip,ssh-bruteforce,medium,60,expired,2026-09-10,2026-09-10,184,45090,"TENCENT-NET-AP - Shenzhen Tencent Computer Systems Company Limited, CN",CN,
130.12.180.51,ip,ssh-post-auth,high,90,active,2026-09-14,2026-10-09,183,202412,"OMEGATECH-AS - Omegatech LTD, SC",US,
116.110.21.251,ip,ssh-post-auth,high,90,active,2026-09-14,2026-09-15,180,24086,"VIETTEL-AS-VN - Viettel Corporation, VN",VN,
49.235.98.218,ip,ssh-bruteforce,medium,60,expired,2026-09-10,2026-09-10,180,45090,"TENCENT-NET-AP - Shenzhen Tencent Computer Systems Company Limited, CN",CN,
45.138.12.51,ip,http-scan,low,30,stale,2026-09-29,2026-10-02,176,218785,"TC-DATACENTER - TC DATACENTER LIMITED, HK",LT,
185.137.233.23,ip,ssh-post-auth,high,90,active,2026-09-27,2026-10-06,175,49505,"SELECTEL - JSC Selectel, RU",RU,
109.122.254.169,ip,ssh-post-auth,high,90,active,2026-09-29,2026-10-04,174,60631,"PARVASYSTEM - Vandad Vira Hooman LLC, IR",IR,
5.182.209.246,ip,ssh-post-auth,high,90,active,2026-09-23,2026-10-08,170,62068,"SpectraIP - SpectraIP B.V., NL",NL,
107.170.52.191,ip,ssh-post-auth,high,90,active,2026-09-25,2026-09-26,168,14061,"DIGITALOCEAN-ASN - DigitalOcean, LLC, US",US,
162.243.113.63,ip,ssh-post-auth,high,90,active,2026-09-25,2026-09-26,166,14061,"DIGITALOCEAN-ASN - DigitalOcean, LLC, US",US,
64.225.16.216,ip,ssh-post-auth,high,90,active,2026-10-09,2026-10-10,164,14061,"DIGITALOCEAN-ASN - DigitalOcean, LLC, US",US,
134.209.39.173,ip,ssh-post-auth,high,90,active,2026-10-09,2026-10-10,150,14061,"DIGITALOCEAN-ASN - DigitalOcean, LLC, US",US,
162.243.98.148,ip,ssh-post-auth,high,90,active,2026-10-09,2026-10-10,148,14061,"DIGITALOCEAN-ASN - DigitalOcean, LLC, US",US,
165.227.211.80,ip,ssh-post-auth,high,90,active,2026-10-09,2026-10-09,148,14061,"DIGITALOCEAN-ASN - DigitalOcean, LLC, US",US,
157.66.47.184,ip,ssh-post-auth,high,90,active,2026-10-07,2026-10-07,144,151917,"JUPITERMEDIA-VN - Jupiter Media Joint Stock Company, VN",VN,
209.38.96.15,ip,ssh-post-auth,high,90,active,2026-10-09,2026-10-09,144,14061,"DIGITALOCEAN-ASN - DigitalOcean, LLC, US",US,
45.79.123.76,ip,http-scan,low,30,active,2026-10-04,2026-10-04,144,63949,"AKAMAI-LINODE-AP - Akamai Connected Cloud, SG",US,
77.90.185.17,ip,ssh-post-auth,high,90,active,2026-09-15,2026-10-03,144,213790,"LimitedNetwork-AS - Limited Network LTD, GB",DE,
159.89.191.206,ip,ssh-post-auth,high,90,active,2026-10-09,2026-10-10,142,14061,"DIGITALOCEAN-ASN - DigitalOcean, LLC, US",US,
104.248.91.246,ip,ssh-post-auth,high,90,active,2026-10-09,2026-10-10,140,14061,"DIGITALOCEAN-ASN - DigitalOcean, LLC, US",US,
161.35.90.7,ip,ssh-post-auth,high,90,active,2026-10-09,2026-10-10,140,14061,"DIGITALOCEAN-ASN - DigitalOcean, LLC, US",US,
174.138.54.201,ip,ssh-post-auth,high,90,active,2026-10-09,2026-10-09,140,14061,"DIGITALOCEAN-ASN - DigitalOcean, LLC, US",US,
188.166.91.43,ip,ssh-post-auth,high,90,active,2026-10-09,2026-10-10,138,14061,"DIGITALOCEAN-ASN - DigitalOcean, LLC, US",US,
104.236.117.37,ip,ssh-post-auth,high,90,active,2026-10-09,2026-10-10,136,14061,"DIGITALOCEAN-ASN - DigitalOcean, LLC, US",US,
188.166.45.251,ip,ssh-post-auth,high,90,active,2026-10-09,2026-10-10,136,14061,"DIGITALOCEAN-ASN - DigitalOcean, LLC, US",US,
162.243.223.101,ip,ssh-post-auth,high,90,active,2026-10-09,2026-10-10,128,14061,"DIGITALOCEAN-ASN - DigitalOcean, LLC, US",US,
178.62.253.142,ip,ssh-post-auth,high,90,active,2026-10-09,2026-10-10,128,14061,"DIGITALOCEAN-ASN - DigitalOcean, LLC, US",US,
192.42.116.97,ip,ssh-post-auth,high,90,active,2026-09-28,2026-09-28,128,215125,"Cyberology-AS - Church of Cyberology, NL",NL,
209.38.106.73,ip,ssh-post-auth,high,90,active,2026-10-09,2026-10-10,128,14061,"DIGITALOCEAN-ASN - DigitalOcean, LLC, US",US,
23.94.28.169,ip,ssh-post-auth,high,90,active,2026-09-23,2026-09-25,128,36352,"AS-COLOCROSSING - HostPapa, US",US,
91.92.242.37,ip,http-scan,low,30,stale,2026-09-29,2026-09-29,126,202412,"OMEGATECH-AS - Omegatech LTD, SC",TR,
59.23.3.146,ip,ssh-post-auth,high,90,active,2026-09-29,2026-10-07,124,4766,"KIXS-AS-KR-KR - Korea Telecom, KR",KR,
64.227.67.205,ip,ssh-post-auth,high,90,active,2026-10-09,2026-10-10,124,14061,"DIGITALOCEAN-ASN - DigitalOcean, LLC, US",US,
142.93.233.209,ip,ssh-post-auth,high,90,active,2026-10-09,2026-10-10,122,14061,"DIGITALOCEAN-ASN - DigitalOcean, LLC, US",US,
171.231.194.253,ip,ssh-bruteforce,medium,60,stale,2026-09-11,2026-09-11,120,7552,"VIETEL-AS-AP - Viettel Group, VN",VN,
188.166.84.48,ip,ssh-post-auth,high,90,active,2026-10-09,2026-10-10,114,14061,"DIGITALOCEAN-ASN - DigitalOcean, LLC, US",US,
45.148.10.5,ip,http-scan,low,30,expired,2026-09-16,2026-09-16,111,48090,"DMZHOST - TECHOFF SRV LIMITED, GB",RO,
185.218.86.25,ip,http-scan,low,30,active,2026-09-14,2026-10-07,110,218785,"TC-DATACENTER - TC DATACENTER LIMITED, HK",BG,
103.49.62.60,ip,ssh-post-auth,high,90,active,2026-09-23,2026-10-07,106,62610,"ZEN-DPS - Zenlayer Inc, US",HK,
104.248.204.81,ip,ssh-post-auth,high,90,active,2026-10-09,2026-10-10,106,14061,"DIGITALOCEAN-ASN - DigitalOcean, LLC, US",US,
138.197.66.233,ip,ssh-post-auth,high,90,active,2026-10-09,2026-10-10,106,14061,"DIGITALOCEAN-ASN - DigitalOcean, LLC, US",US,
104.131.167.141,ip,ssh-post-auth,high,90,active,2026-10-09,2026-10-10,102,14061,"DIGITALOCEAN-ASN - DigitalOcean, LLC, US",US,
159.65.39.80,ip,ssh-post-auth,high,90,active,2026-10-09,2026-10-10,100,14061,"DIGITALOCEAN-ASN - DigitalOcean, LLC, US",US,
112.126.62.31,ip,ssh-bruteforce,medium,60,stale,2026-09-12,2026-09-12,97,37963,"ALIBABA-CN-NET - Hangzhou Alibaba Advertising Co.,Ltd., CN",CN,
167.172.18.255,ip,ssh-post-auth,high,90,active,2026-09-28,2026-10-09,94,14061,"DIGITALOCEAN-ASN - DigitalOcean, LLC, US",US,
192.241.179.65,ip,ssh-post-auth,high,90,active,2026-10-09,2026-10-10,94,14061,"DIGITALOCEAN-ASN - DigitalOcean, LLC, US",US,
23.94.28.176,ip,ssh-post-auth,high,90,active,2026-09-26,2026-09-29,94,36352,"AS-COLOCROSSING - HostPapa, US",US,
139.129.24.29,ip,ssh-bruteforce,medium,60,stale,2026-09-12,2026-09-12,92,37963,"ALIBABA-CN-NET - Hangzhou Alibaba Advertising Co.,Ltd., CN",CN,
46.36.216.132,ip,ssh-post-auth,high,90,active,2026-09-27,2026-10-07,92,198068,"PAGM-AS - CLOUD.DOG OU, EE",EE,
93.123.109.6,ip,ssh-probe,low,20,active,2026-09-14,2026-10-10,91,48090,"DMZHOST - TECHOFF SRV LIMITED, GB",BG,
115.75.18.93,ip,ssh-post-auth,high,90,active,2026-09-16,2026-10-09,88,7552,"VIETEL-AS-AP - Viettel Group, VN",VN,
193.32.204.199,ip,http-scan,low,30,stale,2026-09-14,2026-10-03,82,153622,"MADINAIT-AS-AP - Madina IT, BD",TR,
157.10.198.167,ip,ssh-post-auth,high,90,active,2026-09-15,2026-09-15,78,135918,"DVS-AS-VN - VIET DIGITAL TECHNOLOGY LIABILITY COMPANY, VN",VN,
159.65.53.143,ip,http-scan,low,30,stale,2026-10-02,2026-10-02,78,14061,"DIGITALOCEAN-ASN - DigitalOcean, LLC, US",US,
45.79.207.108,ip,http-scan,low,30,stale,2026-09-29,2026-09-29,78,63949,"AKAMAI-LINODE-AP - Akamai Connected Cloud, SG",US,
57.131.198.55,ip,ssh-post-auth,high,90,active,2026-10-04,2026-10-09,78,16276,"OVH - OVH SAS, FR",FR,
94.154.43.254,ip,ssh-post-auth,high,90,active,2026-09-24,2026-09-27,78,219502,"STORMCLOUD-AS - Storm Industries LLC, US",UA,
220.81.70.146,ip,ssh-post-auth,high,90,active,2026-09-23,2026-10-09,76,4766,"KIXS-AS-KR-KR - Korea Telecom, KR",KR,
211.221.196.103,ip,ssh-post-auth,high,90,active,2026-09-25,2026-09-29,74,4766,"KIXS-AS-KR-KR - Korea Telecom, KR",KR,
220.124.227.154,ip,ssh-post-auth,high,90,active,2026-09-30,2026-10-01,74,4766,"KIXS-AS-KR-KR - Korea Telecom, KR",KR,
66.116.243.149,ip,ssh-post-auth,high,90,active,2026-10-04,2026-10-09,73,31898,"ORACLE-BMC-31898 - Oracle Corporation, US",AE,
164.90.202.229,ip,ssh-post-auth,high,90,active,2026-10-09,2026-10-10,72,14061,"DIGITALOCEAN-ASN - DigitalOcean, LLC, US",US,
47.89.154.16,ip,http-scan,low,30,active,2026-09-23,2026-10-07,72,45102,"ALIBABA-CN-NET - Alibaba (US) Technology Co., Ltd., CN",US,
91.222.174.13,ip,ssh-post-auth,high,90,active,2026-10-05,2026-10-10,72,43180,"TRUNKNETWORKS-AS - Trunk Networks LTD, SC",UA,
161.35.20.76,ip,ssh-post-auth,high,90,active,2026-10-02,2026-10-09,71,14061,"DIGITALOCEAN-ASN - DigitalOcean, LLC, US",US,
75.111.120.108,ip,ssh-post-auth,high,90,active,2026-09-23,2026-10-07,71,19108,"SUDDENLINK-COMMUNICATIONS - Optimum, US",US,
138.226.239.233,ip,ssh-post-auth,high,90,active,2026-09-14,2026-10-03,70,44589,"NTservers - DIGITAL NETWORK S.R.L., MD",GB,
64.227.168.220,ip,ssh-post-auth,high,90,active,2026-09-16,2026-10-09,70,14061,"DIGITALOCEAN-ASN - DigitalOcean, LLC, US",US,
152.228.235.47,ip,ssh-post-auth,high,90,active,2026-09-26,2026-10-09,68,16276,"OVH - OVH SAS, FR",FR,
165.227.74.129,ip,ssh-post-auth,high,90,active,2026-10-09,2026-10-10,68,14061,"DIGITALOCEAN-ASN - DigitalOcean, LLC, US",US,
74.194.200.229,ip,ssh-post-auth,high,90,active,2026-09-10,2026-10-06,68,19108,"SUDDENLINK-COMMUNICATIONS - Optimum, US",US,
80.113.20.70,ip,ssh-post-auth,high,90,active,2026-10-01,2026-10-06,68,33915,"TNF-AS - Vodafone Libertel B.V., NL",NL,
117.3.67.127,ip,ssh-post-auth,high,90,active,2026-09-28,2026-10-09,66,7552,"VIETEL-AS-AP - Viettel Group, VN",VN,
20.172.204.31,ip,ssh-post-auth,high,90,active,2026-09-27,2026-09-28,66,8075,"MICROSOFT-CORP-MSN-AS-BLOCK - Microsoft Corporation, US",US,
46.180.22.91,ip,ssh-post-auth,high,90,active,2026-09-15,2026-10-09,66,39927,"Elight-AS - E-Light-Telecom Ltd., RU",RU,
http://5.189.149.171/f/b/m/.16_,url,payload-url,high,80,active,2026-09-25,2026-09-27,66,,,,
36.64.131.68,ip,ssh-post-auth,high,90,active,2026-09-28,2026-10-06,64,7713,"telkomnet-as-ap - PT Telekomunikasi Indonesia, ID",ID,
217.154.163.54,ip,ssh-post-auth,high,90,active,2026-09-30,2026-10-09,63,8560,"IONOS-AS - IONOS SE, DE",DE,
134.185.92.198,ip,http-scan,low,30,expired,2026-09-14,2026-09-14,62,31898,"ORACLE-BMC-31898 - Oracle Corporation, US",US,
159.223.225.107,ip,ssh-post-auth,high,90,active,2026-10-09,2026-10-10,62,14061,"DIGITALOCEAN-ASN - DigitalOcean, LLC, US",US,
145.239.72.87,ip,ssh-post-auth,high,90,active,2026-10-04,2026-10-09,61,16276,"OVH - OVH SAS, FR",FR,
77.239.124.130,ip,ssh-probe,low,20,active,2026-09-14,2026-10-09,61,198364,"BANATSYNC-SRL - BANATSYNC SRL, RO",US,
161.118.209.189,ip,http-scan,low,30,expired,2026-09-26,2026-09-26,60,31898,"ORACLE-BMC-31898 - Oracle Corporation, US",IN,
167.71.64.121,ip,ssh-post-auth,high,90,active,2026-10-09,2026-10-10,60,14061,"DIGITALOCEAN-ASN - DigitalOcean, LLC, US",US,
68.70.247.250,ip,ssh-post-auth,high,90,active,2026-09-24,2026-10-07,60,36103,"CENTRALUTAH - Central Utah Telephone, Inc., US",US,
117.50.199.249,ip,ssh-post-auth,high,90,active,2026-09-29,2026-10-09,58,23724,"CHINANET-IDC-BJ-AP - IDC, China Telecommunications Corporation, CN",CN,
134.209.198.127,ip,ssh-post-auth,high,90,active,2026-10-09,2026-10-10,58,14061,"DIGITALOCEAN-ASN - DigitalOcean, LLC, US",US,
138.226.239.234,ip,ssh-post-auth,high,90,active,2026-09-14,2026-10-08,58,44589,"NTservers - DIGITAL NETWORK S.R.L., MD",GB,
174.138.0.191,ip,ssh-post-auth,high,90,active,2026-10-09,2026-10-10,58,14061,"DIGITALOCEAN-ASN - DigitalOcean, LLC, US",US,
192.42.116.114,ip,ssh-post-auth,high,90,active,2026-09-12,2026-09-12,58,215125,"Cyberology-AS - Church of Cyberology, NL",NL,
192.76.153.253,ip,ssh-post-auth,high,90,active,2026-10-07,2026-10-07,58,60404,"Liteserver - The Infrastructure Group B.V., NL",NL,
62.169.25.27,ip,http-scan,low,30,active,2026-10-09,2026-10-09,58,51167,"CONTABO - Contabo GmbH, DE",DE,
103.159.199.43,ip,ssh-post-auth,high,90,active,2026-09-27,2026-10-09,56,131111,"CEPATNET-AS-ID - PT Mora Telematika Indonesia, ID",ID,
182.93.50.90,ip,ssh-post-auth,high,90,active,2026-09-29,2026-10-08,56,4609,"CTM-MO - Companhia de Telecomunicacoes de Macau SARL, MO",MO,
45.80.253.222,ip,ssh-post-auth,high,90,active,2026-10-04,2026-10-04,56,16347,"INHERENT - ADISTA SAS, FR",FR,
183.108.86.173,ip,ssh-post-auth,high,90,active,2026-10-01,2026-10-03,54,4766,"KIXS-AS-KR-KR - Korea Telecom, KR",KR,
80.94.95.118,ip,ssh-post-auth,high,90,active,2026-09-14,2026-10-03,54,204428,"SS-Net - SS-Net, BG",RO,
http://192.227.210.190/dred,url,payload-url,high,80,active,2026-09-29,2026-10-04,54,,,,
http://213.232.114.14/handshakebins.sh,url,payload-url,high,80,active,2026-09-12,2026-10-08,53,,,,
152.89.61.139,ip,ssh-malware-drop,critical,100,active,2026-09-13,2026-09-13,52,30860,"YURTEH-AS - Virtual Systems LLC, UA",UA,
210.178.251.33,ip,ssh-post-auth,high,90,active,2026-09-16,2026-10-09,52,4766,"KIXS-AS-KR-KR - Korea Telecom, KR",KR,
64.225.65.68,ip,ssh-post-auth,high,90,active,2026-10-09,2026-10-10,52,14061,"DIGITALOCEAN-ASN - DigitalOcean, LLC, US",US,
64.225.66.247,ip,ssh-post-auth,high,90,active,2026-10-09,2026-10-10,52,14061,"DIGITALOCEAN-ASN - DigitalOcean, LLC, US",US,
66.206.39.42,ip,ssh-post-auth,high,90,active,2026-10-04,2026-10-04,52,40244,"TURNKEY-INTERNET - Turnkey Internet Inc., US",US,
91.227.41.148,ip,ssh-post-auth,high,90,active,2026-09-28,2026-09-28,52,202448,"mvps - MVPS LTD, CY",CY,
175.205.195.27,ip,ssh-post-auth,high,90,active,2026-10-01,2026-10-04,50,4766,"KIXS-AS-KR-KR - Korea Telecom, KR",KR,
206.189.109.121,ip,ssh-post-auth,high,90,active,2026-10-09,2026-10-10,50,14061,"DIGITALOCEAN-ASN - DigitalOcean, LLC, US",US,
46.191.141.152,ip,ssh-post-auth,high,90,active,2026-10-09,2026-10-09,50,24955,"UBN-AS - JSC _Ufanet_, RU",RU,
118.220.149.121,ip,ssh-post-auth,high,90,active,2026-09-30,2026-10-07,49,9318,"SKB-AS-KR - SK Broadband Co Ltd, KR",KR,
101.36.125.2,ip,ssh-post-auth,high,90,active,2026-09-30,2026-10-04,48,135377,"UCLOUD-HK-AS-AP - UCLOUD INFORMATION TECHNOLOGY (HK) LIMITED, HK",HK,
195.89.78.68,ip,ssh-post-auth,high,90,active,2026-09-29,2026-10-04,48,1273,"CW - IDDQD-AS, EU",GB,
211.178.247.182,ip,ssh-post-auth,high,90,active,2026-09-30,2026-10-09,48,9318,"SKB-AS-KR - SK Broadband Co Ltd, KR",KR,
35.237.94.18,ip,ssh-post-auth,high,90,active,2026-09-28,2026-10-10,48,396982,"GOOGLE-CLOUD-PLATFORM - Google LLC, US",US,
96.78.177.249,ip,ssh-post-auth,high,90,active,2026-10-03,2026-10-06,48,7922,"COMCAST-7922 - Comcast Cable Communications, LLC, US",US,
1.34.51.163,ip,ssh-post-auth,high,90,active,2026-10-01,2026-10-04,46,3462,"HINET - Data Communication Business Group, TW",TW,
117.48.147.99,ip,ssh-post-auth,high,90,active,2026-10-02,2026-10-03,46,140292,"CHINATELECOM-JIANGSU-SUZHOU-5G-NETWORK - CHINATELECOM Jiangsu province Suzhou 5G network, CN",CN,
151.241.166.212,ip,ssh-post-auth,high,90,active,2026-09-28,2026-10-04,46,213915,"HOSTES-AS - HOSTES LTD, GB",AE,
164.92.219.112,ip,ssh-post-auth,high,90,active,2026-10-09,2026-10-10,46,14061,"DIGITALOCEAN-ASN - DigitalOcean, LLC, US",US,
34.140.3.155,ip,http-scan,low,30,active,2026-09-22,2026-10-09,46,396982,"GOOGLE-CLOUD-PLATFORM - Google LLC, US",US,
38.148.92.89,ip,ssh-post-auth,high,90,active,2026-10-04,2026-10-09,46,4226,"SUMOFIBER - Sumofiber, US",US,
45.12.1.49,ip,ssh-post-auth,high,90,active,2026-09-23,2026-09-23,46,30860,"YURTEH-AS - Virtual Systems LLC, UA",UA,
160.119.76.210,ip,http-scan,low,30,stale,2026-09-14,2026-09-30,45,49870,"AS49870-BV - Alsycon B.V., NL",SC,
78.153.140.156,ip,http-scan,low,30,active,2026-09-26,2026-10-08,45,202306,"HOSTGLOBALPLUS-AS - HOSTGLOBAL.PLUS LTD, GB",RU,
106.12.179.53,ip,ssh-post-auth,high,90,active,2026-09-28,2026-09-28,44,38365,"Baidu - Beijing Baidu Netcom Science and Technology Co., Ltd., CN",CN,
120.48.122.158,ip,ssh-post-auth,high,90,active,2026-10-01,2026-10-01,44,38365,"Baidu - Beijing Baidu Netcom Science and Technology Co., Ltd., CN",CN,
150.138.115.76,ip,ssh-post-auth,high,90,active,2026-09-30,2026-09-30,44,58541,"CHINATELECOM-SHANDONG-QINGDAO-IDC - Qingdao,266000, CN",CN,
181.204.16.107,ip,ssh-post-auth,high,90,active,2026-10-04,2026-10-06,44,13489,"AS13489 - UNE EPM TELECOMUNICACIONES S.A., CO",CO,
223.15.228.240,ip,ssh-post-auth,high,90,active,2026-09-29,2026-09-29,44,132153,"CT-SHANXI-MAN-2 - No.3,Shu-Ma Road, CN",CN,
45.10.20.53,ip,ssh-post-auth,high,90,active,2026-09-24,2026-09-24,44,40676,"AS40676 - Psychz Networks, US",DE,
5.135.223.52,ip,ssh-post-auth,high,90,active,2026-09-29,2026-09-30,44,16276,"OVH - OVH SAS, FR",FR,
77.239.124.253,ip,ssh-post-auth,high,90,active,2026-09-23,2026-09-27,44,198364,"BANATSYNC-SRL - BANATSYNC SRL, RO",US,
134.209.205.171,ip,ssh-post-auth,high,90,active,2026-10-09,2026-10-10,42,14061,"DIGITALOCEAN-ASN - DigitalOcean, LLC, US",US,
165.154.7.108,ip,ssh-post-auth,high,90,active,2026-10-04,2026-10-06,42,135377,"UCLOUD-HK-AS-AP - UCLOUD INFORMATION TECHNOLOGY (HK) LIMITED, HK",HK,
172.203.196.181,ip,ssh-post-auth,high,90,active,2026-09-14,2026-09-14,42,8075,"MICROSOFT-CORP-MSN-AS-BLOCK - Microsoft Corporation, US",GB,
218.149.235.152,ip,ssh-post-auth,high,90,active,2026-09-30,2026-10-06,42,4766,"KIXS-AS-KR-KR - Korea Telecom, KR",KR,
222.104.76.94,ip,ssh-post-auth,high,90,active,2026-09-30,2026-10-04,42,4766,"KIXS-AS-KR-KR - Korea Telecom, KR",KR,
37.195.171.219,ip,ssh-post-auth,high,90,active,2026-09-11,2026-10-09,42,31200,"NTK - Novotelecom Ltd, RU",RU,
39.170.37.133,ip,ssh-post-auth,high,90,active,2026-10-06,2026-10-09,42,56041,"CMNET-Zhejiang-AP - China Mobile communications corporation, CN",CN,
165.154.6.75,ip,ssh-post-auth,high,90,active,2026-09-30,2026-10-09,40,135377,"UCLOUD-HK-AS-AP - UCLOUD INFORMATION TECHNOLOGY (HK) LIMITED, HK",HK,
166.62.41.13,ip,ssh-post-auth,high,90,active,2026-09-28,2026-10-08,40,398101,"GO-DADDY-COM-LLC - GoDaddy.com, LLC, US",US,
195.239.97.254,ip,ssh-post-auth,high,90,active,2026-09-28,2026-10-09,40,3216,"SOVAM-AS - PJSC _Vimpelcom_, RU",RU,
57.129.120.143,ip,ssh-post-auth,high,90,active,2026-09-27,2026-10-09,40,16276,"OVH - OVH SAS, FR",FR,
166.168.209.105,ip,ssh-post-auth,high,90,active,2026-09-26,2026-10-04,39,6167,"CELLCO-PART - Verizon Business, US",US,
http://130.12.182.19/f/m/.b0s_x86_64,url,payload-url,high,80,active,2026-09-24,2026-10-08,39,,,,
103.203.59.9,ip,ssh-probe,low,20,active,2026-09-14,2026-10-08,38,136180,"IPIP-CN - Beijing Tiantexin Tech. Co., Ltd., CN",CN,
141.94.19.216,ip,ssh-post-auth,high,90,active,2026-09-10,2026-10-07,38,16276,"OVH - OVH SAS, FR",FR,
78.153.140.252,ip,http-scan,low,30,stale,2026-09-15,2026-09-30,38,202306,"HOSTGLOBALPLUS-AS - HOSTGLOBAL.PLUS LTD, GB",RU,
http://83.168.69.95/hggseiqwekf.sh,url,payload-url,high,80,active,2026-09-24,2026-10-02,38,,,,
107.170.10.210,ip,ssh-post-auth,high,90,active,2026-10-09,2026-10-09,36,14061,"DIGITALOCEAN-ASN - DigitalOcean, LLC, US",US,
162.243.25.57,ip,ssh-post-auth,high,90,active,2026-10-09,2026-10-09,36,14061,"DIGITALOCEAN-ASN - DigitalOcean, LLC, US",US,
162.243.29.164,ip,ssh-post-auth,high,90,active,2026-10-09,2026-10-09,36,14061,"DIGITALOCEAN-ASN - DigitalOcean, LLC, US",US,
77.90.185.20,ip,ssh-post-auth,high,90,active,2026-09-26,2026-10-09,35,213790,"LimitedNetwork-AS - Limited Network LTD, GB",DE,
185.12.59.118,ip,http-scan,low,30,active,2026-09-14,2026-10-09,34,50304,"BLIX - Blix Solutions AS, NO",NO,
195.178.110.97,ip,http-scan,low,30,active,2026-10-04,2026-10-04,34,48090,"DMZHOST - TECHOFF SRV LIMITED, GB",BG,
62.101.160.214,ip,ssh-post-auth,high,90,active,2026-09-28,2026-09-28,34,203020,"HostRoyale - HostRoyale Technologies Pvt Ltd, IN",AL,
108.186.84.20,ip,ssh-post-auth,high,90,active,2026-10-02,2026-10-06,33,399486,"VIRTUO - 12651980 CANADA INC., CA",US,
130.12.180.127,ip,http-scan,low,30,expired,2026-09-16,2026-09-16,33,202412,"OMEGATECH-AS - Omegatech LTD, SC",US,
192.227.173.105,ip,ssh-post-auth,high,90,active,2026-09-10,2026-09-15,33,36352,"AS-COLOCROSSING - HostPapa, US",US,
209.6.179.81,ip,ssh-post-auth,high,90,active,2026-09-10,2026-10-06,33,6079,"RCN-AS - RCN, US",US,
209.99.185.184,ip,ssh-post-auth,high,90,active,2026-10-08,2026-10-08,33,402253,"SKN-NETWORK-1 - SKN Subnet & Telecom Ltd, KN",KN,
94.154.43.63,ip,ssh-post-auth,high,90,active,2026-10-04,2026-10-09,33,219502,"STORMCLOUD-AS - Storm Industries LLC, US",UA,
103.143.238.100,ip,ssh-post-auth,high,90,active,2026-10-01,2026-10-02,32,138152,"YISUCLOUDLTD-HK - YISU CLOUD LTD, HK",HK,
103.208.219.38,ip,ssh-post-auth,high,90,active,2026-09-30,2026-10-06,32,55803,"HOSTOPIA-AU - Hostopia Australia Web Pty Ltd, AU",AU,
103.213.238.91,ip,ssh-post-auth,high,90,active,2026-10-01,2026-10-02,32,135310,"INSPIREBROADBAND-AS-AP - Inspire Broadband, BD",BD,
103.248.120.6,ip,ssh-post-auth,high,90,active,2026-09-30,2026-10-03,32,133676,"PNPL-AS - Precious netcom pvt ltd, IN",IN,
108.174.156.122,ip,ssh-post-auth,high,90,active,2026-09-28,2026-09-29,32,31898,"ORACLE-BMC-31898 - Oracle Corporation, US",US,
113.160.150.99,ip,ssh-post-auth,high,90,active,2026-10-03,2026-10-06,32,45899,"VNPT-AS-VN - VNPT Corp, VN",VN,
128.1.32.150,ip,ssh-post-auth,high,90,active,2026-09-29,2026-09-29,32,135377,"UCLOUD-HK-AS-AP - UCLOUD INFORMATION TECHNOLOGY (HK) LIMITED, HK",US,
144.172.108.80,ip,ssh-post-auth,high,90,active,2026-09-28,2026-10-01,32,14956,"ROUTERHOSTING - RouterHosting LLC, US",US,
147.50.231.135,ip,ssh-post-auth,high,90,active,2026-10-02,2026-10-08,32,9891,"CSLOX-IDC-AS-AP - CS LOXINFO Public Company Limited., TH",TH,
148.153.56.174,ip,ssh-probe,low,20,expired,2026-09-28,2026-09-28,32,63199,"CDSC-AS1 - CDS Global Cloud Co., Ltd, US",US,
152.32.213.175,ip,ssh-post-auth,high,90,active,2026-10-02,2026-10-03,32,135377,"UCLOUD-HK-AS-AP - UCLOUD INFORMATION TECHNOLOGY (HK) LIMITED, HK",HK,
152.32.218.149,ip,ssh-post-auth,high,90,active,2026-10-01,2026-10-03,32,135377,"UCLOUD-HK-AS-AP - UCLOUD INFORMATION TECHNOLOGY (HK) LIMITED, HK",HK,
154.58.4.134,ip,ssh-post-auth,high,90,active,2026-10-01,2026-10-04,32,174,"COGENT-174 - Cogent Communications, LLC, US",US,
163.7.9.55,ip,ssh-post-auth,high,90,active,2026-09-29,2026-10-03,32,150436,"BYTEPLUS-AS-AP - Byteplus Pte. Ltd., SG",SG,
164.92.219.202,ip,ssh-post-auth,high,90,active,2026-10-09,2026-10-10,32,14061,"DIGITALOCEAN-ASN - DigitalOcean, LLC, US",US,
169.211.232.182,ip,ssh-post-auth,high,90,active,2026-10-04,2026-10-06,32,4766,"KIXS-AS-KR-KR - Korea Telecom, KR",KR,
171.25.158.47,ip,ssh-post-auth,high,90,active,2026-10-01,2026-10-07,32,35100,"PatrikWeb-Core - Patrik Lagerman, SE",SE,
175.206.113.91,ip,ssh-post-auth,high,90,active,2026-10-02,2026-10-09,32,4766,"KIXS-AS-KR-KR - Korea Telecom, KR",KR,
175.97.207.27,ip,ssh-post-auth,high,90,active,2026-10-01,2026-10-06,32,131628,"taifucloud-as-tw - Tai-Fu Cloud Co., Ltd., TW",TW,
186.68.83.104,ip,ssh-post-auth,high,90,active,2026-10-03,2026-10-09,32,14522,"AS14522 - SERVICIOS DE TELECOMUNICACIONES SETEL S.A. (XTRIM EC), EC",EC,
187.16.4.238,ip,ssh-post-auth,high,90,active,2026-09-30,2026-09-30,32,263162,"AS263162 - Sustenta Telecom Ltda, BR",BR,
189.204.230.91,ip,ssh-post-auth,high,90,active,2026-10-06,2026-10-09,32,18734,"AS18734 - Operbes, S.A. de C.V., MX",MX,
192.241.172.198,ip,ssh-post-auth,high,90,active,2026-10-09,2026-10-09,32,14061,"DIGITALOCEAN-ASN - DigitalOcean, LLC, US",US,
192.241.182.226,ip,ssh-post-auth,high,90,active,2026-10-09,2026-10-09,32,14061,"DIGITALOCEAN-ASN - DigitalOcean, LLC, US",US,
192.241.248.157,ip,ssh-post-auth,high,90,active,2026-10-09,2026-10-09,32,14061,"DIGITALOCEAN-ASN - DigitalOcean, LLC, US",US,
20.217.80.108,ip,ssh-post-auth,high,90,active,2026-09-28,2026-10-04,32,8075,"MICROSOFT-CORP-MSN-AS-BLOCK - Microsoft Corporation, US",US,
200.155.66.2,ip,ssh-post-auth,high,90,active,2026-09-27,2026-10-08,32,15830,"Equinix - Equinix (EMEA) Acquisition Enterprises B.V., NL",BR,
202.165.25.206,ip,ssh-post-auth,high,90,active,2026-09-28,2026-10-01,32,18206,"TTSSB-MY - TM TECHNOLOGY SERVICES SDN. BHD., MY",MY,
202.63.242.138,ip,ssh-post-auth,high,90,active,2026-10-02,2026-10-06,32,4007,"SUBISU-CABLENET-AS-AP - Subisu Cablenet (Pvt) Ltd, Baluwatar, Kathmandu, Nepal, NP",NP,
209.38.69.12,ip,ssh-post-auth,high,90,active,2026-09-29,2026-10-03,32,14061,"DIGITALOCEAN-ASN - DigitalOcean, LLC, US",US,
209.99.190.200,ip,ssh-post-auth,high,90,active,2026-09-28,2026-10-02,32,402253,"SKN-NETWORK-1 - SKN Subnet & Telecom Ltd, KN",KN,
211.227.185.88,ip,ssh-post-auth,high,90,active,2026-10-01,2026-10-06,32,4766,"KIXS-AS-KR-KR - Korea Telecom, KR",KR,
212.3.155.8,ip,ssh-post-auth,high,90,active,2026-09-30,2026-10-09,32,35125,"SMOLENSK-AS - PJSC Rostelecom, RU",RU,
24.188.9.179,ip,ssh-post-auth,high,90,active,2026-09-24,2026-09-27,32,6128,"CABLE-NET-1 - Cablevision Systems Corp., US",US,
31.57.27.21,ip,ssh-post-auth,high,90,active,2026-09-28,2026-09-30,32,56971,"AS56971 - CGI GLOBAL LIMITED, HK",AE,
41.242.115.84,ip,ssh-post-auth,high,90,active,2026-09-28,2026-10-04,32,37613,"DOLPHIN TELECOMMUNICATION LIMITED - DOLPHIN TELECOMMUNICATION LIMITED, GH",GH,
43.159.39.203,ip,ssh-post-auth,high,90,active,2026-09-29,2026-10-02,32,132203,"TENCENT-NET-AP-CN - Tencent Building, Kejizhongyi Avenue, CN",SG,
45.148.10.151,ip,ssh-probe,low,20,active,2026-09-14,2026-10-08,32,48090,"DMZHOST - TECHOFF SRV LIMITED, GB",RO,
45.148.10.171,ip,http-scan,low,30,active,2026-09-24,2026-10-09,32,48090,"DMZHOST - TECHOFF SRV LIMITED, GB",RO,
45.172.152.74,ip,ssh-post-auth,high,90,active,2026-09-28,2026-10-03,32,27847,"AS27847 - TECNOLOGIA DIGITAL, S.A. (DGTEC), DO",DO,
47.82.100.99,ip,ssh-post-auth,high,90,active,2026-09-28,2026-09-28,32,45102,"ALIBABA-CN-NET - Alibaba (US) Technology Co., Ltd., CN",US,
5.253.38.188,ip,ssh-post-auth,high,90,active,2026-10-03,2026-10-04,32,7488,"CNSERVER-AP-AS - CNServer LLC, US",CY,
50.6.23.110,ip,ssh-post-auth,high,90,active,2026-09-30,2026-10-01,32,31898,"ORACLE-BMC-31898 - Oracle Corporation, US",US,
52.172.177.191,ip,ssh-post-auth,high,90,active,2026-09-29,2026-09-30,32,8075,"MICROSOFT-CORP-MSN-AS-BLOCK - Microsoft Corporation, US",US,
69.6.222.101,ip,ssh-post-auth,high,90,active,2026-10-01,2026-10-04,32,31898,"ORACLE-BMC-31898 - Oracle Corporation, US",US,
76.79.213.70,ip,ssh-post-auth,high,90,active,2026-10-03,2026-10-09,32,20001,"TWC-20001-PACWEST - Charter Communications Inc, US",US,
78.153.140.250,ip,http-scan,low,30,active,2026-10-01,2026-10-04,32,202306,"HOSTGLOBALPLUS-AS - HOSTGLOBAL.PLUS LTD, GB",RU,
81.211.72.167,ip,ssh-post-auth,high,90,active,2026-10-02,2026-10-04,32,3216,"SOVAM-AS - PJSC _Vimpelcom_, RU",RU,
81.28.167.30,ip,ssh-post-auth,high,90,active,2026-09-30,2026-10-01,32,8439,"AIST - PJSC Rostelecom, RU",RU,
88.147.30.59,ip,ssh-post-auth,high,90,active,2026-10-01,2026-10-04,32,35612,"NGI-AS - EOLO S.p.A., IT",IT,
98.70.127.17,ip,ssh-post-auth,high,90,active,2026-09-28,2026-10-03,32,8075,"MICROSOFT-CORP-MSN-AS-BLOCK - Microsoft Corporation, US",US,
209.99.189.217,ip,http-scan,low,30,active,2026-10-06,2026-10-06,31,402253,"SKN-NETWORK-1 - SKN Subnet & Telecom Ltd, KN",KN,
45.148.10.152,ip,ssh-probe,low,20,active,2026-09-14,2026-10-08,31,48090,"DMZHOST - TECHOFF SRV LIMITED, GB",RO,
45.43.37.254,ip,ssh-post-auth,high,90,active,2026-09-14,2026-10-08,31,135377,"UCLOUD-HK-AS-AP - UCLOUD INFORMATION TECHNOLOGY (HK) LIMITED, HK",US,
http://213.232.114.14/nokillbins/handshakebins.sh,url,payload-url,high,80,active,2026-09-16,2026-10-04,31,,,,
218.75.165.74,ip,ssh-post-auth,high,90,active,2026-09-26,2026-10-03,29,4134,"CHINANET-BACKBONE - No.31,Jin-rong Street, CN",CN,
161.132.4.157,ip,ssh-post-auth,high,90,active,2026-10-03,2026-10-09,28,3132,"AS3132 - Red Cientifica Peruana, PE",PE,
37.120.173.165,ip,ssh-post-auth,high,90,active,2026-09-25,2026-09-25,28,197540,"netcup-AS - netcup GmbH, DE",DE,
78.153.140.43,ip,http-scan,low,30,active,2026-09-27,2026-10-08,28,202306,"HOSTGLOBALPLUS-AS - HOSTGLOBAL.PLUS LTD, GB",RU,
121.154.164.81,ip,ssh-post-auth,high,90,active,2026-10-07,2026-10-07,27,4766,"KIXS-AS-KR-KR - Korea Telecom, KR",KR,
185.73.23.162,ip,http-scan,low,30,active,2026-09-15,2026-10-07,27,29484,"RUB-AS - Ruhr-Universitaet Bochum, DE",DE,
193.47.62.69,ip,ssh-probe,low,20,active,2026-09-15,2026-10-09,27,216014,"BestDC-Limited - BestDC Limited, GB",BG,
80.94.95.43,ip,ssh-post-auth,high,90,active,2026-09-11,2026-09-15,27,204428,"SS-Net - SS-Net, BG",RO,
122.114.113.177,ip,ssh-post-auth,high,90,active,2026-09-27,2026-10-06,26,4837,"CHINA169-Backbone - CHINA UNICOM China169 Backbone, CN",CN,
14.51.12.142,ip,ssh-post-auth,high,90,active,2026-10-06,2026-10-06,26,4766,"KIXS-AS-KR-KR - Korea Telecom, KR",KR,
146.19.133.110,ip,ssh-post-auth,high,90,active,2026-10-04,2026-10-04,26,211611,"eximhost - Exim Host SRL, RO",RO,
182.208.27.219,ip,ssh-post-auth,high,90,active,2026-10-04,2026-10-04,26,17858,"POWERVIS-AS-KR-KR - LG POWERCOMM, KR",KR,
192.42.116.45,ip,ssh-post-auth,high,90,active,2026-09-29,2026-09-29,26,215125,"Cyberology-AS - Church of Cyberology, NL",NL,
20.74.132.130,ip,ssh-post-auth,high,90,active,2026-09-15,2026-09-15,26,8075,"MICROSOFT-CORP-MSN-AS-BLOCK - Microsoft Corporation, US",US,
200.126.105.149,ip,ssh-post-auth,high,90,active,2026-10-04,2026-10-04,26,14117,"AS14117 - Telefonica del Sur S.A., CL",CL,
222.186.135.8,ip,ssh-post-auth,high,90,active,2026-09-28,2026-10-06,26,4134,"CHINANET-BACKBONE - No.31,Jin-rong Street, CN",CN,
5.180.19.218,ip,ssh-post-auth,high,90,active,2026-10-04,2026-10-04,26,210135,"YUG-TELECOM-K-AS - Yug-Telecom-K Ltd., RU",AE,
74.194.191.52,ip,ssh-post-auth,high,90,active,2026-09-27,2026-10-05,26,19108,"SUDDENLINK-COMMUNICATIONS - Optimum, US",US,
94.177.183.216,ip,ssh-post-auth,high,90,active,2026-10-04,2026-10-04,26,31034,"ARUBA-ASN - Aruba S.p.A., IT",IT,
170.231.236.98,ip,http-scan,low,30,active,2026-09-30,2026-10-07,25,264617,"AS264617 - GRUPO PANAGLOBAL 15 S.A, PA",PA,
http://83.168.69.95/,url,payload-url,high,80,active,2026-10-02,2026-10-09,25,,,,
103.143.239.201,ip,ssh-post-auth,high,90,active,2026-09-28,2026-10-08,24,138152,"YISUCLOUDLTD-HK - YISU CLOUD LTD, HK",HK,
115.20.171.54,ip,ssh-post-auth,high,90,active,2026-09-25,2026-09-25,24,4766,"KIXS-AS-KR-KR - Korea Telecom, KR",KR,
115.85.243.22,ip,ssh-post-auth,high,90,active,2026-10-07,2026-10-09,24,4837,"CHINA169-Backbone - CHINA UNICOM China169 Backbone, CN",CN,
116.105.163.109,ip,ssh-post-auth,high,90,active,2026-10-04,2026-10-04,24,24086,"VIETTEL-AS-VN - Viettel Corporation, VN",VN,
119.203.231.121,ip,ssh-post-auth,high,90,active,2026-09-25,2026-09-25,24,4766,"KIXS-AS-KR-KR - Korea Telecom, KR",KR,
121.183.240.55,ip,ssh-post-auth,high,90,active,2026-09-28,2026-09-28,24,4766,"KIXS-AS-KR-KR - Korea Telecom, KR",KR,
121.242.232.147,ip,ssh-post-auth,high,90,active,2026-10-03,2026-10-08,24,4755,"TATACOMM-AS - TATA Communications formerly VSNL is Leading ISP, IN",IN,
128.14.237.154,ip,ssh-post-auth,high,90,active,2026-10-03,2026-10-08,24,135377,"UCLOUD-HK-AS-AP - UCLOUD INFORMATION TECHNOLOGY (HK) LIMITED, HK",US,
138.2.235.147,ip,ssh-post-auth,high,90,active,2026-09-22,2026-09-22,24,31898,"ORACLE-BMC-31898 - Oracle Corporation, US",US,
148.72.64.140,ip,ssh-post-auth,high,90,active,2026-10-03,2026-10-05,24,398101,"GO-DADDY-COM-LLC - GoDaddy.com, LLC, US",US,
162.243.194.164,ip,ssh-post-auth,high,90,active,2026-10-09,2026-10-09,24,14061,"DIGITALOCEAN-ASN - DigitalOcean, LLC, US",US,
162.243.27.172,ip,ssh-post-auth,high,90,active,2026-10-09,2026-10-09,24,14061,"DIGITALOCEAN-ASN - DigitalOcean, LLC, US",US,
162.243.54.8,ip,ssh-post-auth,high,90,active,2026-10-09,2026-10-09,24,14061,"DIGITALOCEAN-ASN - DigitalOcean, LLC, US",US,
164.68.115.2,ip,ssh-post-auth,high,90,active,2026-09-27,2026-09-28,24,51167,"CONTABO - Contabo GmbH, DE",DE,
171.244.39.95,ip,ssh-post-auth,high,90,active,2026-10-08,2026-10-09,24,7552,"VIETEL-AS-AP - Viettel Group, VN",VN,
173.80.66.79,ip,ssh-post-auth,high,90,active,2026-09-25,2026-09-25,24,19108,"SUDDENLINK-COMMUNICATIONS - Optimum, US",US,
177.136.224.34,ip,ssh-post-auth,high,90,active,2026-10-03,2026-10-08,24,53107,"AS53107 - EVEO S.A., BR",BR,
185.164.81.156,ip,ssh-post-auth,high,90,active,2026-10-04,2026-10-04,24,207164,"PRIMANET - PRIMANET SRL, MD",MD,
185.242.226.102,ip,http-scan,low,30,active,2026-09-14,2026-10-09,24,202425,"INT-NETWORK - IP Volume inc, SC",US,
188.227.111.138,ip,ssh-post-auth,high,90,active,2026-09-25,2026-09-25,24,35000,"SEVEREN-TELECOM_TRANSIT - JSC _Severen-Telecom_, RU",RU,
191.97.12.90,ip,ssh-post-auth,high,90,active,2026-10-02,2026-10-10,24,262186,"AS262186 - TV AZTECA SUCURSAL COLOMBIA, CO",CO,
197.221.232.44,ip,ssh-post-auth,high,90,active,2026-10-01,2026-10-08,24,37204,"Telone PVT Ltd - Telone PVT Ltd, ZW",ZW,
2.189.128.6,ip,ssh-post-auth,high,90,active,2026-10-02,2026-10-10,24,197343,"TRLCo - Toloe Rayaneh Loghman Educational and Cultural Co. LTD, IR",IR,
201.171.180.156,ip,ssh-post-auth,high,90,active,2026-10-06,2026-10-06,24,8151,"AS8151 - UNINET, MX",MX,
211.106.133.202,ip,ssh-post-auth,high,90,active,2026-09-30,2026-10-07,24,4766,"KIXS-AS-KR-KR - Korea Telecom, KR",KR,
220.90.220.204,ip,ssh-post-auth,high,90,active,2026-09-29,2026-09-29,24,4766,"KIXS-AS-KR-KR - Korea Telecom, KR",KR,
222.107.156.227,ip,ssh-post-auth,high,90,active,2026-10-04,2026-10-08,24,4766,"KIXS-AS-KR-KR - Korea Telecom, KR",KR,
222.174.17.118,ip,ssh-post-auth,high,90,active,2026-09-23,2026-09-23,24,4134,"CHINANET-BACKBONE - No.31,Jin-rong Street, CN",CN,
223.134.89.104,ip,ssh-post-auth,high,90,active,2026-10-03,2026-10-03,24,2527,"So-net - Sony Network Communications Inc., JP",JP,
36.136.66.44,ip,ssh-post-auth,high,90,active,2026-10-03,2026-10-03,24,9808,"CHINAMOBILE-CN - China Mobile Communications Group Co., Ltd., CN",CN,
40.112.183.29,ip,ssh-post-auth,high,90,active,2026-10-03,2026-10-08,24,8075,"MICROSOFT-CORP-MSN-AS-BLOCK - Microsoft Corporation, US",US,
40.83.182.122,ip,ssh-post-auth,high,90,active,2026-10-03,2026-10-07,24,8075,"MICROSOFT-CORP-MSN-AS-BLOCK - Microsoft Corporation, US",US,
45.91.113.158,ip,ssh-post-auth,high,90,active,2026-10-04,2026-10-07,24,201838,"ASN-COMMUNITYFIBRE - Community Fibre Limited, GB",GB,
73.147.19.171,ip,ssh-post-auth,high,90,active,2026-09-29,2026-09-29,24,7922,"COMCAST-7922 - Comcast Cable Communications, LLC, US",US,
77.90.185.16,ip,ssh-probe,low,20,active,2026-09-14,2026-10-09,24,213790,"LimitedNetwork-AS - Limited Network LTD, GB",DE,
78.72.57.203,ip,ssh-post-auth,high,90,active,2026-09-15,2026-09-15,24,3301,"TELIANET-SWEDEN - Telia Company AB, SE",SE,
91.218.108.6,ip,ssh-post-auth,high,90,active,2026-10-02,2026-10-02,24,35526,"MASTERBIT-AS - Smart Technology LLC, RU",RU,
212.64.201.210,ip,ssh-post-auth,high,90,active,2026-09-30,2026-10-08,23,197450,"SUNUCUN - Sunucun Bilgi Iletisim Teknolojileri ve Ticaret Ltd. Sti., TR",TR,
220.86.7.26,ip,ssh-post-auth,high,90,active,2026-10-07,2026-10-07,23,4766,"KIXS-AS-KR-KR - Korea Telecom, KR",KR,
64.89.160.135,ip,ssh-probe,low,20,active,2026-09-14,2026-10-09,23,403005,"BLATANTHOST - Blatant, SC",US,
94.26.104.43,ip,ssh-post-auth,high,90,active,2026-10-07,2026-10-07,23,209101,"ipvendettainc - IP Vendetta Inc., SC",BG,
111.228.55.58,ip,ssh-post-auth,high,90,active,2026-09-27,2026-09-27,22,141679,"CHINATELECOM-IDC-BTHBD-AP - China Telecom Beijing Tianjin Hebei Big Data Industry Park Branch, CN",CN,
115.190.179.68,ip,ssh-post-auth,high,90,active,2026-09-27,2026-09-27,22,137718,"VOLCANO-ENGINE - Beijing Volcano Engine Technology Co., Ltd., CN",CN,
130.12.209.165,ip,ssh-post-auth,high,90,active,2026-10-03,2026-10-03,22,211356,"mytvalb - MyTv-Alb SH.P.K., AL",US,
14.103.117.88,ip,ssh-post-auth,high,90,active,2026-10-10,2026-10-10,22,4811,"CHINANET-SHANGHAI-MAN - China Telecom (Group), CN",CN,
175.142.11.46,ip,ssh-post-auth,high,90,active,2026-10-07,2026-10-07,22,4788,"TTSSB-MY - TM TECHNOLOGY SERVICES SDN. BHD., MY",MY,
180.74.188.85,ip,ssh-post-auth,high,90,active,2026-10-09,2026-10-09,22,4788,"TTSSB-MY - TM TECHNOLOGY SERVICES SDN. BHD., MY",MY,
221.151.84.6,ip,ssh-post-auth,high,90,active,2026-10-09,2026-10-09,22,4766,"KIXS-AS-KR-KR - Korea Telecom, KR",KR,
45.148.10.141,ip,ssh-probe,low,20,active,2026-09-14,2026-10-09,22,48090,"DMZHOST - TECHOFF SRV LIMITED, GB",RO,
47.239.136.32,ip,ssh-post-auth,high,90,active,2026-09-25,2026-09-25,22,45102,"ALIBABA-CN-NET - Alibaba (US) Technology Co., Ltd., CN",US,
62.60.130.242,ip,ssh-probe,low,20,stale,2026-09-15,2026-10-07,22,215930,"COD - CIPHER OPERATIONS DOO BEOGRAD - NOVI BEOGRAD, RS",IR,
78.153.140.251,ip,http-scan,low,30,active,2026-09-14,2026-10-09,22,202306,"HOSTGLOBALPLUS-AS - HOSTGLOBAL.PLUS LTD, GB",RU,
94.154.43.60,ip,http-scan,low,30,active,2026-09-15,2026-10-09,22,219502,"STORMCLOUD-AS - Storm Industries LLC, US",UA,
140.246.137.102,ip,ssh-post-auth,high,90,active,2026-09-30,2026-10-07,21,58519,"CHINATELECOM-Ctcloud - Cloud Computing Corporation, CN",CN,
43.161.234.54,ip,ssh-post-auth,high,90,active,2026-10-07,2026-10-07,21,132203,"TENCENT-NET-AP-CN - Tencent Building, Kejizhongyi Avenue, CN",SG,
62.60.130.201,ip,ssh-probe,low,20,stale,2026-09-15,2026-10-06,21,215930,"COD - CIPHER OPERATIONS DOO BEOGRAD - NOVI BEOGRAD, RS",IR,
94.102.49.125,ip,http-scan,low,30,stale,2026-09-16,2026-09-27,21,202425,"INT-NETWORK - IP Volume inc, SC",NL,
https://brightdata.com/static/earnapp/install.sh,url,payload-url,high,80,active,2026-09-23,2026-09-27,21,,,,
107.170.56.40,ip,ssh-post-auth,high,90,active,2026-10-09,2026-10-09,20,14061,"DIGITALOCEAN-ASN - DigitalOcean, LLC, US",US,
209.99.190.110,ip,ssh-bruteforce,medium,60,active,2026-10-07,2026-10-09,20,402253,"SKN-NETWORK-1 - SKN Subnet & Telecom Ltd, KN",KN,
223.123.65.54,ip,http-scan,low,30,active,2026-09-24,2026-10-09,20,59257,"CMPAKLIMITED-AS-AP - CMPak Limited, PK",PK,
34.140.132.230,ip,ssh-probe,low,20,expired,2026-10-02,2026-10-02,20,396982,"GOOGLE-CLOUD-PLATFORM - Google LLC, US",US,
34.156.104.123,ip,ssh-probe,low,20,expired,2026-09-29,2026-09-29,20,396982,"GOOGLE-CLOUD-PLATFORM - Google LLC, US",US,
34.76.186.10,ip,ssh-probe,low,20,expired,2026-09-15,2026-09-15,20,396982,"GOOGLE-CLOUD-PLATFORM - Google LLC, US",US,
34.79.30.152,ip,ssh-probe,low,20,expired,2026-10-03,2026-10-03,20,396982,"GOOGLE-CLOUD-PLATFORM - Google LLC, US",US,
35.205.47.112,ip,ssh-probe,low,20,expired,2026-09-30,2026-09-30,20,396982,"GOOGLE-CLOUD-PLATFORM - Google LLC, US",US,
58.17.74.70,ip,ssh-post-auth,high,90,active,2026-09-23,2026-09-23,20,4837,"CHINA169-Backbone - CHINA UNICOM China169 Backbone, CN",CN,
74.210.180.133,ip,ssh-post-auth,high,90,active,2026-09-15,2026-09-16,20,11290,"CC-3272 - Cogeco Connexion inc, CA",CA,
78.153.140.50,ip,http-scan,low,30,active,2026-10-03,2026-10-04,20,202306,"HOSTGLOBALPLUS-AS - HOSTGLOBAL.PLUS LTD, GB",RU,
101.34.236.71,ip,ssh-post-auth,high,90,active,2026-09-10,2026-09-15,19,45090,"TENCENT-NET-AP - Shenzhen Tencent Computer Systems Company Limited, CN",CN,
3.129.187.38,ip,http-scan,low,30,active,2026-09-14,2026-10-09,19,16509,"AMAZON-02 - Amazon.com, Inc., US",US,
101.96.195.62,ip,ssh-post-auth,high,90,active,2026-09-30,2026-10-09,18,137718,"VOLCANO-ENGINE - Beijing Volcano Engine Technology Co., Ltd., CN",CN,
106.13.186.96,ip,ssh-post-auth,high,90,active,2026-10-01,2026-10-09,18,38365,"Baidu - Beijing Baidu Netcom Science and Technology Co., Ltd., CN",CN,
116.110.217.246,ip,ssh-post-auth,high,90,active,2026-09-14,2026-09-14,18,24086,"VIETTEL-AS-VN - Viettel Corporation, VN",VN,
120.48.53.174,ip,ssh-post-auth,high,90,active,2026-09-29,2026-09-29,18,38365,"Baidu - Beijing Baidu Netcom Science and Technology Co., Ltd., CN",CN,
121.99.190.167,ip,ssh-post-auth,high,90,active,2026-10-09,2026-10-09,18,9790,"TWO-DEGREES-AS-AP - Two Degrees Networks Limited, NZ",NZ,
122.114.255.230,ip,ssh-post-auth,high,90,active,2026-10-02,2026-10-09,18,4837,"CHINA169-Backbone - CHINA UNICOM China169 Backbone, CN",CN,
14.29.198.130,ip,ssh-post-auth,high,90,active,2026-09-29,2026-10-09,18,4134,"CHINANET-BACKBONE - No.31,Jin-rong Street, CN",CN,
171.25.158.87,ip,ssh-post-auth,high,90,active,2026-10-01,2026-10-04,18,35100,"PatrikWeb-Core - Patrik Lagerman, SE",SE,
180.76.228.20,ip,ssh-post-auth,high,90,active,2026-09-16,2026-09-28,18,38365,"Baidu - Beijing Baidu Netcom Science and Technology Co., Ltd., CN",CN,
189.217.130.86,ip,ssh-post-auth,high,90,active,2026-09-28,2026-10-09,18,28548,"AS28548 - Cablevision, S.A. de C.V., MX",MX,
192.42.116.16,ip,ssh-post-auth,high,90,active,2026-09-29,2026-10-09,18,215125,"Cyberology-AS - Church of Cyberology, NL",NL,
34.77.122.5,ip,ssh-probe,low,20,stale,2026-10-04,2026-10-04,18,396982,"GOOGLE-CLOUD-PLATFORM - Google LLC, US",US,
43.159.171.96,ip,http-scan,low,30,stale,2026-10-01,2026-10-01,18,132203,"TENCENT-NET-AP-CN - Tencent Building, Kejizhongyi Avenue, CN",SG,
43.172.69.13,ip,http-scan,low,30,stale,2026-10-03,2026-10-03,18,132203,"TENCENT-NET-AP-CN - Tencent Building, Kejizhongyi Avenue, CN",SG,
43.173.92.127,ip,http-scan,low,30,active,2026-10-04,2026-10-04,18,132203,"TENCENT-NET-AP-CN - Tencent Building, Kejizhongyi Avenue, CN",SG,
58.209.82.167,ip,ssh-post-auth,high,90,active,2026-09-15,2026-09-15,18,4134,"CHINANET-BACKBONE - No.31,Jin-rong Street, CN",CN,
90.231.215.250,ip,ssh-post-auth,high,90,active,2026-10-02,2026-10-02,18,3301,"TELIANET-SWEDEN - Telia Company AB, SE",SE,
93.81.238.3,ip,ssh-post-auth,high,90,active,2026-09-28,2026-09-28,18,8402,"CORBINA-AS - PJSC _Vimpelcom_, RU",RU,
109.105.210.87,ip,http-scan,low,30,stale,2026-09-27,2026-09-27,17,21859,"ZEN-ECN - Zenlayer Inc, US",PT,
118.196.34.237,ip,ssh-post-auth,high,90,active,2026-09-30,2026-10-10,17,4811,"CHINANET-SHANGHAI-MAN - China Telecom (Group), CN",CN,
18.116.101.220,ip,http-scan,low,30,active,2026-09-16,2026-10-09,17,16509,"AMAZON-02 - Amazon.com, Inc., US",US,
58.221.60.25,ip,ssh-post-auth,high,90,active,2026-09-28,2026-10-07,17,4134,"CHINANET-BACKBONE - No.31,Jin-rong Street, CN",CN,
1.214.214.114,ip,ssh-post-auth,high,90,active,2026-10-06,2026-10-06,16,3786,"LGDACOM-KR - LG DACOM Corporation, KR",KR,
101.36.119.203,ip,ssh-post-auth,high,90,active,2026-09-29,2026-09-29,16,135377,"UCLOUD-HK-AS-AP - UCLOUD INFORMATION TECHNOLOGY (HK) LIMITED, HK",HK,
101.47.15.119,ip,ssh-post-auth,high,90,active,2026-10-09,2026-10-09,16,150436,"BYTEPLUS-AS-AP - Byteplus Pte. Ltd., SG",SG,
101.47.155.9,ip,ssh-post-auth,high,90,active,2026-09-29,2026-09-29,16,150436,"BYTEPLUS-AS-AP - Byteplus Pte. Ltd., SG",SG,
101.47.158.56,ip,ssh-post-auth,high,90,active,2026-10-06,2026-10-06,16,150436,"BYTEPLUS-AS-AP - Byteplus Pte. Ltd., SG",SG,
101.47.8.113,ip,ssh-post-auth,high,90,active,2026-09-28,2026-09-28,16,150436,"BYTEPLUS-AS-AP - Byteplus Pte. Ltd., SG",SG,
101.47.8.188,ip,ssh-post-auth,high,90,active,2026-10-03,2026-10-03,16,150436,"BYTEPLUS-AS-AP - Byteplus Pte. Ltd., SG",SG,
101.79.165.43,ip,ssh-post-auth,high,90,active,2026-09-28,2026-09-28,16,54994,"ML-1432-54994 - Meteverse Limited., CA",KR,
102.210.148.92,ip,ssh-post-auth,high,90,active,2026-10-02,2026-10-02,16,328847,"THE KONZA TECHNOPOLIS DEVELOPMENT AUTHORITY - THE KONZA TECHNOPOLIS DEVELOPMENT AUTHORITY, KE",KE,
102.23.122.235,ip,ssh-post-auth,high,90,active,2026-10-01,2026-10-01,16,328646,"INFRATEL CORPORATION LIMITED - INFRATEL CORPORATION LIMITED, ZM",ZM,
102.88.137.213,ip,ssh-post-auth,high,90,active,2026-10-02,2026-10-02,16,29465,"VCG-AS - MTN NIGERIA Communication limited, NG",NG,
102.88.137.80,ip,ssh-post-auth,high,90,active,2026-10-03,2026-10-03,16,29465,"VCG-AS - MTN NIGERIA Communication limited, NG",NG,
103.143.11.150,ip,ssh-post-auth,high,90,active,2026-09-30,2026-09-30,16,138152,"YISUCLOUDLTD-HK - YISU CLOUD LTD, HK",HK,
103.144.3.181,ip,ssh-post-auth,high,90,active,2026-10-09,2026-10-09,16,138152,"YISUCLOUDLTD-HK - YISU CLOUD LTD, HK",HK,
103.146.52.157,ip,ssh-post-auth,high,90,active,2026-10-09,2026-10-09,16,138152,"YISUCLOUDLTD-HK - YISU CLOUD LTD, HK",HK,
103.163.118.115,ip,ssh-post-auth,high,90,active,2026-09-30,2026-09-30,16,140791,"BKH-AS-VN - BKHOST TECHNOLOGY VIETNAM JOINT STOCK COMPANY, VN",VN,
103.166.103.173,ip,ssh-post-auth,high,90,active,2026-09-30,2026-09-30,16,142063,"GPL-AS-AP - Grand Tel Private Limited, PK",PK,
103.216.145.2,ip,ssh-post-auth,high,90,active,2026-09-29,2026-09-29,16,135175,"FACTS-AS-IN - Facts Online Pvt Ltd, IN",IN,
103.216.170.141,ip,ssh-post-auth,high,90,active,2026-09-28,2026-09-28,16,135198,"BULLION-AS - Bombay Bullion Commmunication, IN",IN,
103.216.170.143,ip,ssh-post-auth,high,90,active,2026-09-28,2026-09-28,16,135198,"BULLION-AS - Bombay Bullion Commmunication, IN",IN,
103.216.170.144,ip,ssh-post-auth,high,90,active,2026-10-04,2026-10-04,16,135198,"BULLION-AS - Bombay Bullion Commmunication, IN",IN,
103.216.170.145,ip,ssh-post-auth,high,90,active,2026-10-01,2026-10-01,16,135198,"BULLION-AS - Bombay Bullion Commmunication, IN",IN,
103.216.170.76,ip,ssh-post-auth,high,90,active,2026-10-04,2026-10-04,16,135198,"BULLION-AS - Bombay Bullion Commmunication, IN",IN,
103.245.236.132,ip,ssh-post-auth,high,90,active,2026-10-01,2026-10-01,16,151858,"INTERDIGI-VN - INTERDIGI JOINT STOCK COMPANY, VN",VN,
103.45.66.22,ip,ssh-post-auth,high,90,active,2026-09-23,2026-09-23,16,152194,"CTGSERVERLIMITED-AS-AP - CTG Server Limited, HK",HK,
103.49.238.23,ip,ssh-post-auth,high,90,active,2026-10-03,2026-10-03,16,136052,"IDNIC-IDCLOUDHOST-AS-ID - PT Cloud Hosting Indonesia, ID",ID,
103.53.60.131,ip,ssh-post-auth,high,90,active,2026-09-23,2026-09-23,16,55352,"FIVENET-IN - Microscan Internet Limited, IN",IN,
103.60.242.169,ip,ssh-post-auth,high,90,active,2026-10-09,2026-10-09,16,149161,"MEGA-VN - MEGA TECHNOLOGY COMPANY LIMITED, VN",VN,
103.69.96.120,ip,ssh-post-auth,high,90,active,2026-09-28,2026-09-28,16,135918,"DVS-AS-VN - VIET DIGITAL TECHNOLOGY LIABILITY COMPANY, VN",VN,
103.70.40.36,ip,ssh-post-auth,high,90,active,2026-10-02,2026-10-02,16,135258,"SDH-AS-IN - Sdh Network Pvt Ltd, IN",IN,
103.78.0.229,ip,ssh-post-auth,high,90,active,2026-10-01,2026-10-01,16,140810,"MEGACORE-AS-VN - Megacore Technology Company Limited, VN",VN,
103.91.246.101,ip,ssh-post-auth,high,90,active,2026-09-28,2026-09-28,16,140641,"YOTTA - YOTTA NETWORK SERVICES PRIVATE LIMITED, IN",IN,
103.98.176.164,ip,ssh-post-auth,high,90,active,2026-09-27,2026-10-08,16,136827,"IDNIC-UPGRIS-AS-ID - Universitas PGRI Semarang, ID",ID,
103.99.214.214,ip,ssh-post-auth,high,90,active,2026-09-28,2026-09-28,16,136837,"IDNIC-UMP-AS-ID - Universitas Muhammadiyah Palembang, ID",ID,
104.199.176.250,ip,ssh-post-auth,high,90,active,2026-10-09,2026-10-09,16,396982,"GOOGLE-CLOUD-PLATFORM - Google LLC, US",US,
104.244.74.84,ip,ssh-post-auth,high,90,active,2026-09-29,2026-09-29,16,53667,"PONYNET - FranTech Solutions, US",US,
104.248.132.98,ip,ssh-post-auth,high,90,active,2026-10-09,2026-10-09,16,14061,"DIGITALOCEAN-ASN - DigitalOcean, LLC, US",US,
104.248.160.169,ip,ssh-post-auth,high,90,active,2026-10-09,2026-10-09,16,14061,"DIGITALOCEAN-ASN - DigitalOcean, LLC, US",US,
104.28.201.73,ip,ssh-post-auth,high,90,active,2026-09-28,2026-09-28,16,13335,"CLOUDFLARENET - Cloudflare, Inc., US",US,
105.28.108.165,ip,ssh-post-auth,high,90,active,2026-09-30,2026-09-30,16,37100,"SEACOM Limited - SEACOM Limited, MU",MU,
106.75.153.103,ip,ssh-post-auth,high,90,active,2026-09-28,2026-09-28,16,58466,"CT-Guangzhou-IDC - CHINANET Guangdong province network, CN",CN,
107.180.88.176,ip,ssh-post-auth,high,90,active,2026-10-03,2026-10-03,16,398101,"GO-DADDY-COM-LLC - GoDaddy.com, LLC, US",US,
107.189.27.179,ip,ssh-post-auth,high,90,active,2026-09-28,2026-09-28,16,14956,"ROUTERHOSTING - RouterHosting LLC, US",US,
109.194.108.203,ip,ssh-post-auth,high,90,active,2026-09-29,2026-09-29,16,41786,"ERTH-YOLA-AS - JSC _ER-Telecom Holding_, RU",RU,
112.151.168.124,ip,ssh-post-auth,high,90,active,2026-10-09,2026-10-09,16,17858,"POWERVIS-AS-KR-KR - LG POWERCOMM, KR",KR,
112.219.151.50,ip,ssh-post-auth,high,90,active,2026-10-03,2026-10-03,16,3786,"LGDACOM-KR - LG DACOM Corporation, KR",KR,
113.161.149.20,ip,ssh-post-auth,high,90,active,2026-09-28,2026-09-28,16,45899,"VNPT-AS-VN - VNPT Corp, VN",VN,
113.171.81.144,ip,ssh-post-auth,high,90,active,2026-09-30,2026-09-30,16,45899,"VNPT-AS-VN - VNPT Corp, VN",VN,
114.231.44.173,ip,ssh-post-auth,high,90,active,2026-10-01,2026-10-01,16,4134,"CHINANET-BACKBONE - No.31,Jin-rong Street, CN",CN,
115.178.75.242,ip,ssh-post-auth,high,90,active,2026-10-03,2026-10-03,16,9318,"SKB-AS-KR - SK Broadband Co Ltd, KR",KR,
115.190.243.99,ip,ssh-post-auth,high,90,active,2026-09-30,2026-10-04,16,137718,"VOLCANO-ENGINE - Beijing Volcano Engine Technology Co., Ltd., CN",CN,
115.91.48.140,ip,ssh-post-auth,high,90,active,2026-10-03,2026-10-03,16,3786,"LGDACOM-KR - LG DACOM Corporation, KR",KR,
116.109.216.74,ip,ssh-post-auth,high,90,active,2026-09-27,2026-10-07,16,7552,"VIETEL-AS-AP - Viettel Group, VN",VN,
116.123.150.231,ip,ssh-post-auth,high,90,active,2026-09-29,2026-09-29,16,9318,"SKB-AS-KR - SK Broadband Co Ltd, KR",KR,
117.91.186.55,ip,ssh-post-auth,high,90,active,2026-10-01,2026-10-01,16,137697,"CHINATELECOM-JiangSu-YangZhou-IDC - CHINATELECOM JiangSu YangZhou IDC networkdescr: YangZhou , Jiangsu Province, P.R.China., CN",CN,
118.107.139.224,ip,ssh-post-auth,high,90,active,2026-09-28,2026-09-28,16,18053,"SNET-AS-AP - Special Communication Organization, PK",PK,
118.145.144.95,ip,ssh-post-auth,high,90,active,2026-10-02,2026-10-02,16,137718,"VOLCANO-ENGINE - Beijing Volcano Engine Technology Co., Ltd., CN",CN,
118.145.242.127,ip,ssh-post-auth,high,90,active,2026-10-06,2026-10-06,16,137718,"VOLCANO-ENGINE - Beijing Volcano Engine Technology Co., Ltd., CN",CN,
118.179.208.59,ip,ssh-post-auth,high,90,active,2026-10-06,2026-10-06,16,23956,"AMBERIT-BD-AS - AmberIT Limited, BD",BD,
118.193.45.10,ip,ssh-post-auth,high,90,active,2026-10-01,2026-10-01,16,135377,"UCLOUD-HK-AS-AP - UCLOUD INFORMATION TECHNOLOGY (HK) LIMITED, HK",HK,
118.196.16.16,ip,ssh-post-auth,high,90,active,2026-10-02,2026-10-02,16,4811,"CHINANET-SHANGHAI-MAN - China Telecom (Group), CN",CN,
118.99.114.147,ip,ssh-post-auth,high,90,active,2026-10-01,2026-10-01,16,17451,"BIZNET-AS-AP - BIZNET NETWORKS, ID",ID,
119.28.46.114,ip,ssh-post-auth,high,90,active,2026-09-30,2026-09-30,16,132203,"TENCENT-NET-AP-CN - Tencent Building, Kejizhongyi Avenue, CN",CN,
12.156.67.18,ip,ssh-post-auth,high,90,active,2026-10-03,2026-10-03,16,7018,"ATT-INTERNET4 - AT&T Enterprises, LLC, US",US,
121.157.224.34,ip,ssh-post-auth,high,90,active,2026-09-30,2026-09-30,16,4766,"KIXS-AS-KR-KR - Korea Telecom, KR",KR,
121.179.93.147,ip,ssh-post-auth,high,90,active,2026-10-02,2026-10-02,16,4766,"KIXS-AS-KR-KR - Korea Telecom, KR",KR,
122.168.194.41,ip,ssh-post-auth,high,90,active,2026-09-28,2026-09-28,16,24560,"AIRTELBROADBAND-AS-AP - Bharti Airtel Ltd., Telemedia Services, IN",IN,
122.199.225.53,ip,ssh-post-auth,high,90,active,2026-09-30,2026-09-30,16,17877,"NEXG-AS-KR-KR - KX NexG Co., LTD, KR",KR,
123.25.115.112,ip,ssh-post-auth,high,90,active,2026-10-01,2026-10-01,16,45899,"VNPT-AS-VN - VNPT Corp, VN",VN,
125.124.149.14,ip,ssh-post-auth,high,90,active,2026-10-06,2026-10-06,16,58461,"CT-HangZhou-IDC - No.288,Fu-chun Road, CN",CN,
125.142.37.91,ip,ssh-post-auth,high,90,active,2026-10-09,2026-10-09,16,4766,"KIXS-AS-KR-KR - Korea Telecom, KR",KR,
125.21.59.218,ip,ssh-post-auth,high,90,active,2026-09-28,2026-09-28,16,9498,"BBIL-AP - BHARTI Airtel Ltd., IN",IN,
125.212.235.194,ip,ssh-post-auth,high,90,active,2026-10-06,2026-10-06,16,38731,"VTDC-AS-VN - Vietel - CHT Compamy Ltd, VN",VN,
125.91.33.72,ip,ssh-post-auth,high,90,active,2026-09-28,2026-09-28,16,4134,"CHINANET-BACKBONE - No.31,Jin-rong Street, CN",CN,
129.121.119.196,ip,ssh-post-auth,high,90,active,2026-10-03,2026-10-03,16,31898,"ORACLE-BMC-31898 - Oracle Corporation, US",US,
129.121.123.80,ip,ssh-post-auth,high,90,active,2026-09-29,2026-09-29,16,31898,"ORACLE-BMC-31898 - Oracle Corporation, US",US,
129.121.139.106,ip,ssh-post-auth,high,90,active,2026-10-04,2026-10-04,16,31898,"ORACLE-BMC-31898 - Oracle Corporation, US",US,
13.143.160.4,ip,ssh-post-auth,high,90,active,2026-10-03,2026-10-03,16,219337,"PLAY2GO - PLAY2GO - FZCO, AE",US,
131.100.242.102,ip,ssh-post-auth,high,90,active,2026-10-03,2026-10-03,16,61663,"AS61663 - INFOLINE BANDA LARGA, BR",BR,
132.145.122.251,ip,ssh-post-auth,high,90,active,2026-10-06,2026-10-06,16,31898,"ORACLE-BMC-31898 - Oracle Corporation, US",US,
135.235.138.43,ip,ssh-post-auth,high,90,active,2026-09-29,2026-09-29,16,8075,"MICROSOFT-CORP-MSN-AS-BLOCK - Microsoft Corporation, US",GB,
135.237.122.43,ip,ssh-post-auth,high,90,active,2026-10-03,2026-10-03,16,8075,"MICROSOFT-CORP-MSN-AS-BLOCK - Microsoft Corporation, US",GB,
136.0.39.68,ip,ssh-post-auth,high,90,active,2026-10-09,2026-10-09,16,7488,"CNSERVER-AP-AS - CNServer LLC, US",US,
137.74.114.131,ip,ssh-post-auth,high,90,active,2026-09-30,2026-09-30,16,16276,"OVH - OVH SAS, FR",FR,
138.16.141.165,ip,ssh-post-auth,high,90,active,2026-10-03,2026-10-03,16,199884,"racktech - RACKTECH CO., LTD., TH",RU,
138.252.181.250,ip,ssh-post-auth,high,90,active,2026-09-23,2026-09-23,16,142577,"MAHERINTERNATIONAL-AS-AP - Maher International, BD",BD,
139.185.55.154,ip,ssh-post-auth,high,90,active,2026-10-09,2026-10-09,16,31898,"ORACLE-BMC-31898 - Oracle Corporation, US",US,
139.59.208.225,ip,ssh-post-auth,high,90,active,2026-10-01,2026-10-01,16,14061,"DIGITALOCEAN-ASN - DigitalOcean, LLC, US",SG,
14.103.118.194,ip,ssh-post-auth,high,90,active,2026-10-04,2026-10-04,16,4811,"CHINANET-SHANGHAI-MAN - China Telecom (Group), CN",CN,
14.161.40.22,ip,ssh-post-auth,high,90,active,2026-09-29,2026-09-29,16,45899,"VNPT-AS-VN - VNPT Corp, VN",VN,
14.225.206.171,ip,ssh-post-auth,high,90,active,2026-10-02,2026-10-02,16,135905,"VNPT-AS-VN - VIETNAM POSTS AND TELECOMMUNICATIONS GROUP, VN",VN,
14.46.87.209,ip,ssh-post-auth,high,90,active,2026-10-01,2026-10-01,16,4766,"KIXS-AS-KR-KR - Korea Telecom, KR",KR,
14.55.144.22,ip,ssh-post-auth,high,90,active,2026-09-28,2026-09-28,16,4766,"KIXS-AS-KR-KR - Korea Telecom, KR",KR,
140.246.70.45,ip,ssh-post-auth,high,90,active,2026-10-02,2026-10-02,16,58519,"CHINATELECOM-Ctcloud - Cloud Computing Corporation, CN",CN,
144.225.255.243,ip,ssh-post-auth,high,90,active,2026-10-02,2026-10-02,16,197196,"PANSTAR-AS - PANSTAR CLOUD LIMITED, HK",US,
144.91.95.55,ip,ssh-post-auth,high,90,active,2026-09-28,2026-09-28,16,51167,"CONTABO - Contabo GmbH, DE",DE,
146.190.74.52,ip,ssh-post-auth,high,90,active,2026-09-30,2026-09-30,16,14061,"DIGITALOCEAN-ASN - DigitalOcean, LLC, US",US,
147.50.103.212,ip,ssh-post-auth,high,90,active,2026-10-06,2026-10-06,16,45458,"SBN-AWN-AS-02-AP - SBN-ISP/AWN-ISP and SBN-NIX/AWN-NIX, TH",TH,
149.202.50.58,ip,ssh-post-auth,high,90,active,2026-10-09,2026-10-09,16,16276,"OVH - OVH SAS, FR",FR,
152.32.134.135,ip,ssh-post-auth,high,90,active,2026-10-06,2026-10-06,16,135377,"UCLOUD-HK-AS-AP - UCLOUD INFORMATION TECHNOLOGY (HK) LIMITED, HK",HK,
154.116.254.157,ip,ssh-post-auth,high,90,active,2026-10-04,2026-10-04,16,327806,"CENTRO NACIONAL DAS TECNOLOGIAS DE INFORMACAO - CENTRO NACIONAL DAS TECNOLOGIAS DE INFORMACAO, AO",AO,
154.221.20.92,ip,ssh-post-auth,high,90,active,2026-10-02,2026-10-02,16,142403,"YISUCLOUDLTD-HK - YISU CLOUD LTD, HK",SC,
154.51.59.118,ip,ssh-post-auth,high,90,active,2026-10-09,2026-10-09,16,135377,"UCLOUD-HK-AS-AP - UCLOUD INFORMATION TECHNOLOGY (HK) LIMITED, HK",US,
154.73.110.151,ip,ssh-post-auth,high,90,active,2026-10-03,2026-10-03,16,37284,"Aljeel Aljadeed For Technology - Aljeel Aljadeed For Technology, LY",LY,
154.83.16.14,ip,ssh-post-auth,high,90,active,2026-10-03,2026-10-03,16,142403,"YISUCLOUDLTD-HK - YISU CLOUD LTD, HK",SC,
154.83.196.237,ip,ssh-post-auth,high,90,active,2026-10-03,2026-10-03,16,135377,"UCLOUD-HK-AS-AP - UCLOUD INFORMATION TECHNOLOGY (HK) LIMITED, HK",SC,
156.239.236.204,ip,ssh-post-auth,high,90,active,2026-10-03,2026-10-03,16,154321,"CCSB-AS-AP - CORENET CLOUD SDN. BHD., MY",SC,
156.245.246.50,ip,ssh-post-auth,high,90,active,2026-10-04,2026-10-04,16,62468,"HKCLOUDX - VpsQuan L.L.C., US",SC,
157.10.100.12,ip,ssh-post-auth,high,90,active,2026-09-30,2026-09-30,16,152307,"DWPL-AS-AP - DataWorld, NP",NP,
157.230.141.28,ip,http-scan,low,30,stale,2026-09-29,2026-09-29,16,14061,"DIGITALOCEAN-ASN - DigitalOcean, LLC, US",US,
157.66.47.161,ip,ssh-post-auth,high,90,active,2026-10-01,2026-10-01,16,151917,"JUPITERMEDIA-VN - Jupiter Media Joint Stock Company, VN",VN,
159.223.33.235,ip,ssh-post-auth,high,90,active,2026-10-06,2026-10-06,16,14061,"DIGITALOCEAN-ASN - DigitalOcean, LLC, US",US,
159.223.59.82,ip,ssh-post-auth,high,90,active,2026-10-01,2026-10-01,16,14061,"DIGITALOCEAN-ASN - DigitalOcean, LLC, US",US,
160.251.101.169,ip,ssh-post-auth,high,90,active,2026-10-09,2026-10-09,16,7506,"GMO-I-R1 - GMO Internet, Inc., JP",JP,
160.251.202.50,ip,ssh-post-auth,high,90,active,2026-10-03,2026-10-03,16,58791,"GMO-I-R2 - GMO Internet, Inc., JP",JP,
161.132.37.136,ip,ssh-post-auth,high,90,active,2026-09-28,2026-09-28,16,3132,"AS3132 - Red Cientifica Peruana, PE",PE,
161.35.46.137,ip,ssh-post-auth,high,90,active,2026-09-15,2026-09-15,16,14061,"DIGITALOCEAN-ASN - DigitalOcean, LLC, US",US,
162.222.205.45,ip,ssh-post-auth,high,90,active,2026-09-30,2026-09-30,16,8560,"IONOS-AS - IONOS SE, DE",US,
162.241.29.37,ip,ssh-post-auth,high,90,active,2026-09-28,2026-09-28,16,19871,"NETWORK-SOLUTIONS-HOSTING - Network Solutions, LLC, US",US,
162.35.125.172,ip,ssh-post-auth,high,90,active,2026-09-28,2026-09-28,16,19318,"IS-AS-1 - Interserver, Inc, US",US,
163.227.96.67,ip,ssh-post-auth,high,90,active,2026-10-01,2026-10-01,16,154233,"IDNIC-CYBERLINK-ID - PT Cyber Satria Indonesia, ID",ID,
163.61.110.233,ip,ssh-post-auth,high,90,active,2026-10-06,2026-10-06,16,135918,"DVS-AS-VN - VIET DIGITAL TECHNOLOGY LIABILITY COMPANY, VN",VN,
163.7.6.41,ip,ssh-post-auth,high,90,active,2026-10-09,2026-10-09,16,150436,"BYTEPLUS-AS-AP - Byteplus Pte. Ltd., SG",SG,
163.7.8.79,ip,ssh-post-auth,high,90,active,2026-10-09,2026-10-09,16,150436,"BYTEPLUS-AS-AP - Byteplus Pte. Ltd., SG",SG,
164.52.105.37,ip,ssh-post-auth,high,90,active,2026-09-28,2026-09-28,16,63199,"CDSC-AS1 - CDS Global Cloud Co., Ltd, US",CN,
165.154.14.170,ip,ssh-post-auth,high,90,active,2026-10-03,2026-10-03,16,135377,"UCLOUD-HK-AS-AP - UCLOUD INFORMATION TECHNOLOGY (HK) LIMITED, HK",HK,
165.154.162.74,ip,ssh-post-auth,high,90,active,2026-10-02,2026-10-02,16,135377,"UCLOUD-HK-AS-AP - UCLOUD INFORMATION TECHNOLOGY (HK) LIMITED, HK",HK,
165.154.200.214,ip,ssh-post-auth,high,90,active,2026-09-28,2026-09-28,16,142002,"SCLOUDPTELTD-AS - Scloud Pte Ltd, SG",SG,
165.154.235.9,ip,ssh-post-auth,high,90,active,2026-09-29,2026-09-29,16,142002,"SCLOUDPTELTD-AS - Scloud Pte Ltd, SG",SG,
165.154.236.104,ip,ssh-post-auth,high,90,active,2026-10-06,2026-10-06,16,142002,"SCLOUDPTELTD-AS - Scloud Pte Ltd, SG",SG,
165.154.241.44,ip,ssh-post-auth,high,90,active,2026-10-02,2026-10-02,16,142002,"SCLOUDPTELTD-AS - Scloud Pte Ltd, SG",SG,
165.154.254.21,ip,ssh-post-auth,high,90,active,2026-10-07,2026-10-08,16,142002,"SCLOUDPTELTD-AS - Scloud Pte Ltd, SG",SG,
165.154.70.173,ip,ssh-post-auth,high,90,active,2026-10-04,2026-10-04,16,135377,"UCLOUD-HK-AS-AP - UCLOUD INFORMATION TECHNOLOGY (HK) LIMITED, HK",HK,
165.245.185.254,ip,ssh-post-auth,high,90,active,2026-10-03,2026-10-03,16,14061,"DIGITALOCEAN-ASN - DigitalOcean, LLC, US",US,
166.186.196.126,ip,ssh-post-auth,high,90,active,2026-09-29,2026-09-29,16,20057,"ATT-MOBILITY-LLC-AS20057 - AT&T Enterprises, LLC, US",US,
166.186.196.231,ip,ssh-post-auth,high,90,active,2026-10-09,2026-10-09,16,20057,"ATT-MOBILITY-LLC-AS20057 - AT&T Enterprises, LLC, US",US,
166.186.196.251,ip,ssh-post-auth,high,90,active,2026-09-29,2026-09-29,16,20057,"ATT-MOBILITY-LLC-AS20057 - AT&T Enterprises, LLC, US",US,
168.205.190.245,ip,ssh-post-auth,high,90,active,2026-10-01,2026-10-01,16,265366,"AS265366 - AMTI - INFORMATICA LTDA, BR",BR,
170.106.72.136,ip,ssh-post-auth,high,90,active,2026-10-09,2026-10-09,16,132203,"TENCENT-NET-AP-CN - Tencent Building, Kejizhongyi Avenue, CN",SG,
172.178.16.179,ip,ssh-post-auth,high,90,active,2026-10-03,2026-10-03,16,8075,"MICROSOFT-CORP-MSN-AS-BLOCK - Microsoft Corporation, US",GB,
172.190.216.105,ip,ssh-post-auth,high,90,active,2026-10-03,2026-10-03,16,8075,"MICROSOFT-CORP-MSN-AS-BLOCK - Microsoft Corporation, US",GB,
175.123.253.77,ip,ssh-post-auth,high,90,active,2026-09-29,2026-09-29,16,9318,"SKB-AS-KR - SK Broadband Co Ltd, KR",KR,
175.199.7.55,ip,ssh-post-auth,high,90,active,2026-10-02,2026-10-02,16,4766,"KIXS-AS-KR-KR - Korea Telecom, KR",KR,
177.30.68.132,ip,ssh-post-auth,high,90,active,2026-10-09,2026-10-09,16,26615,"AS26615 - TIM S/A, BR",BR,
178.166.114.224,ip,ssh-post-auth,high,90,active,2026-10-04,2026-10-04,16,12353,"VODAFONE-PT - Vodafone Portugal - Communicacoes Pessoais S.A., PT",PT,
178.251.140.3,ip,ssh-post-auth,high,90,active,2026-10-06,2026-10-06,16,31363,"MOSCOW-AS - JSC _ER-Telecom Holding_, RU",RU,
179.51.153.37,ip,ssh-post-auth,high,90,active,2026-10-06,2026-10-06,16,271186,"AS271186 - EUNAPOLIS TELECOM LTDA, BR",BR,
180.93.172.213,ip,ssh-post-auth,high,90,active,2026-09-29,2026-09-29,16,135944,"VINACIS-AS-VN - VinhNam Commercial informatics service corporation, VN",VN,
181.0.198.196,ip,ssh-post-auth,high,90,active,2026-09-30,2026-09-30,16,7303,"AS7303 - Telecom Argentina S.A., AR",AR,
181.228.80.171,ip,ssh-post-auth,high,90,active,2026-10-09,2026-10-09,16,7303,"AS7303 - Telecom Argentina S.A., AR",AR,
182.253.221.210,ip,ssh-post-auth,high,90,active,2026-10-06,2026-10-06,16,38482,"BIZNET2-AS-ID - Biznet ISP, ID",ID,
182.43.221.112,ip,ssh-post-auth,high,90,active,2026-10-07,2026-10-07,16,58519,"CHINATELECOM-Ctcloud - Cloud Computing Corporation, CN",CN,
182.48.68.82,ip,ssh-post-auth,high,90,active,2026-09-29,2026-09-29,16,63969,"RACEONLINE-BD - Race Online Limited, BD",BD,
182.48.80.240,ip,ssh-post-auth,high,90,active,2026-10-01,2026-10-01,16,63969,"RACEONLINE-BD - Race Online Limited, BD",BD,
182.69.178.183,ip,ssh-post-auth,high,90,active,2026-09-30,2026-09-30,16,24560,"AIRTELBROADBAND-AS-AP - Bharti Airtel Ltd., Telemedia Services, IN",IN,
182.73.176.186,ip,ssh-post-auth,high,90,active,2026-10-01,2026-10-01,16,9498,"BBIL-AP - BHARTI Airtel Ltd., IN",IN,
182.93.7.194,ip,ssh-post-auth,high,90,active,2026-09-28,2026-09-28,16,4609,"CTM-MO - Companhia de Telecomunicacoes de Macau SARL, MO",MO,
185.193.240.246,ip,ssh-post-auth,high,90,active,2026-10-01,2026-10-01,16,212645,"GLOBALSAT-AS-MK - GLOBALSAT DOOEL, MK",MK,
186.13.24.118,ip,ssh-post-auth,high,90,active,2026-09-30,2026-09-30,16,11664,"AS11664 - Techtel LMDS Comunicaciones Interactivas S.A., AR",AR,
186.139.251.57,ip,ssh-post-auth,high,90,active,2026-10-03,2026-10-03,16,7303,"AS7303 - Telecom Argentina S.A., AR",AR,
187.103.105.17,ip,ssh-post-auth,high,90,active,2026-10-06,2026-10-06,16,14840,"AS14840 - BR.Digital Telecom, BR",BR,
187.121.111.242,ip,ssh-post-auth,high,90,active,2026-10-07,2026-10-08,16,19182,"AS19182 - TELEFONICA BRASIL S.A, BR",BR,
187.141.71.166,ip,ssh-post-auth,high,90,active,2026-09-29,2026-09-29,16,8151,"AS8151 - UNINET, MX",MX,
187.212.59.26,ip,ssh-post-auth,high,90,active,2026-10-03,2026-10-03,16,8151,"AS8151 - UNINET, MX",MX,
187.51.208.158,ip,ssh-post-auth,high,90,active,2026-09-28,2026-09-28,16,10429,"AS10429 - TELEFONICA BRASIL S.A, BR",BR,
188.152.238.126,ip,ssh-post-auth,high,90,active,2026-09-28,2026-09-28,16,30722,"VODAFONE-IT-ASN - Fastweb SpA, IT",IT,
188.253.7.4,ip,ssh-post-auth,high,90,active,2026-10-02,2026-10-02,16,38136,"AKARI-NETWORKS-AS-AP - Akari Networks, HK",AU,
189.203.163.10,ip,ssh-post-auth,high,90,active,2026-10-09,2026-10-09,16,22884,"AS22884 - TOTAL PLAY TELECOMUNICACIONES, S.A.P.I. DE C.V., MX",MX,
189.222.240.177,ip,ssh-post-auth,high,90,active,2026-10-03,2026-10-03,16,8151,"AS8151 - UNINET, MX",MX,
189.50.142.82,ip,ssh-post-auth,high,90,active,2026-10-02,2026-10-02,16,28330,,BR,
190.145.192.106,ip,ssh-post-auth,high,90,active,2026-10-01,2026-10-01,16,14080,"AS14080 - Telmex Colombia S.A., CO",CO,
190.149.6.54,ip,ssh-post-auth,high,90,active,2026-10-09,2026-10-09,16,14754,"AS14754 - TELECOMUNICACIONES DE GUATEMALA, SOCIEDAD ANONIMA, GT",GT,
190.181.44.194,ip,ssh-post-auth,high,90,active,2026-10-01,2026-10-01,16,26210,"AS26210 - AXS Bolivia S. A., BO",BO,
190.218.127.38,ip,ssh-post-auth,high,90,active,2026-09-28,2026-09-28,16,18809,"AS18809 - Cable Onda, PA",PA,
190.60.242.28,ip,ssh-post-auth,high,90,active,2026-10-01,2026-10-01,16,18747,"IFX18747 - IFX Corporation, US",CO,
191.251.9.23,ip,ssh-post-auth,high,90,active,2026-10-03,2026-10-03,16,18881,"AS18881 - TELEFONICA BRASIL S.A, BR",BR,
191.251.9.74,ip,ssh-post-auth,high,90,active,2026-10-02,2026-10-02,16,18881,"AS18881 - TELEFONICA BRASIL S.A, BR",BR,
194.126.220.173,ip,ssh-post-auth,high,90,active,2026-10-04,2026-10-04,16,34543,"BCR - Banca Comerciala Romana S.A, RO",RO,
194.164.21.97,ip,ssh-post-auth,high,90,active,2026-10-06,2026-10-06,16,8560,"IONOS-AS - IONOS SE, DE",DE,
195.86.192.66,ip,ssh-post-auth,high,90,active,2026-10-06,2026-10-06,16,984,"OWS-NETWORK - OCTOPUS WEB SOLUTION INC, US",US,
196.189.155.89,ip,ssh-post-auth,high,90,active,2026-10-02,2026-10-02,16,24757,"Ethio Telecom - Ethio Telecom, ET",ET,
197.199.224.52,ip,ssh-post-auth,high,90,active,2026-09-30,2026-09-30,16,36992,"ETISALAT MISR - ETISALAT MISR, EG",EG,
197.220.92.185,ip,ssh-post-auth,high,90,active,2026-10-06,2026-10-06,16,37371,"Hormuud Telecom Somalia INC - Hormuud Telecom Somalia INC, SO",SO,
197.227.8.186,ip,ssh-post-auth,high,90,active,2026-10-02,2026-10-02,16,23889,"Mauritius Telecom Ltd - Mauritius Telecom Ltd, MU",MU,
198.12.148.211,ip,ssh-post-auth,high,90,active,2026-10-01,2026-10-01,16,398101,"GO-DADDY-COM-LLC - GoDaddy.com, LLC, US",US,
20.157.117.15,ip,ssh-post-auth,high,90,active,2026-09-28,2026-09-28,16,8069,"MICROSOFT-CORP-MSN-AS-BLOCK - Microsoft Corporation, US",US,
20.174.10.94,ip,ssh-post-auth,high,90,active,2026-09-23,2026-09-23,16,8075,"MICROSOFT-CORP-MSN-AS-BLOCK - Microsoft Corporation, US",US,
20.193.140.218,ip,ssh-post-auth,high,90,active,2026-10-02,2026-10-02,16,8075,"MICROSOFT-CORP-MSN-AS-BLOCK - Microsoft Corporation, US",US,
20.197.31.136,ip,ssh-post-auth,high,90,active,2026-09-23,2026-09-23,16,8075,"MICROSOFT-CORP-MSN-AS-BLOCK - Microsoft Corporation, US",US,
20.77.26.9,ip,ssh-post-auth,high,90,active,2026-10-01,2026-10-01,16,8075,"MICROSOFT-CORP-MSN-AS-BLOCK - Microsoft Corporation, US",US,
20.94.209.34,ip,ssh-post-auth,high,90,active,2026-09-23,2026-09-23,16,8075,"MICROSOFT-CORP-MSN-AS-BLOCK - Microsoft Corporation, US",US,
201.63.223.142,ip,ssh-post-auth,high,90,active,2026-09-29,2026-09-29,16,10429,"AS10429 - TELEFONICA BRASIL S.A, BR",BR,
201.76.120.30,ip,ssh-post-auth,high,90,active,2026-09-28,2026-09-28,16,262794,"AS262794 - VERO S.A, BR",BR,
202.103.55.158,ip,ssh-post-auth,high,90,active,2026-09-29,2026-09-29,16,4134,"CHINANET-BACKBONE - No.31,Jin-rong Street, CN",CN,
202.164.149.101,ip,ssh-post-auth,high,90,active,2026-10-02,2026-10-02,16,17465,"ASIANET - Cable ISP in India, IN",IN,
202.165.15.132,ip,ssh-post-auth,high,90,active,2026-10-01,2026-10-01,16,18206,"TTSSB-MY - TM TECHNOLOGY SERVICES SDN. BHD., MY",MY,
202.165.26.170,ip,ssh-post-auth,high,90,active,2026-10-01,2026-10-01,16,18206,"TTSSB-MY - TM TECHNOLOGY SERVICES SDN. BHD., MY",MY,
202.51.214.99,ip,ssh-post-auth,high,90,active,2026-10-06,2026-10-06,16,10220,"INTERFAST-AS-ID - PT. Kreasi Sejahtera Teknologi, ID",ID,
203.167.15.65,ip,ssh-post-auth,high,90,active,2026-10-09,2026-10-09,16,38733,"CMCTELECOM-VN - CMC Telecom Infrastructure Company, VN",VN,
206.135.0.78,ip,ssh-post-auth,high,90,active,2026-10-09,2026-10-09,16,28458,"AS28458 - IENTC S DE RL DE CV, MX",US,
209.99.185.195,ip,ssh-post-auth,high,90,active,2026-09-29,2026-09-29,16,402253,"SKN-NETWORK-1 - SKN Subnet & Telecom Ltd, KN",KN,
209.99.190.113,ip,ssh-post-auth,high,90,active,2026-09-30,2026-09-30,16,402253,"SKN-NETWORK-1 - SKN Subnet & Telecom Ltd, KN",KN,
211.251.245.88,ip,ssh-post-auth,high,90,active,2026-10-09,2026-10-09,16,4766,"KIXS-AS-KR-KR - Korea Telecom, KR",KR,
211.75.198.217,ip,ssh-post-auth,high,90,active,2026-10-04,2026-10-04,16,3462,"HINET - Data Communication Business Group, TW",TW,
212.154.234.9,ip,ssh-post-auth,high,90,active,2026-09-28,2026-09-28,16,50482,"KAZAKHTELECOM-AS - JSC Kazakhtelecom, KZ",KZ,
212.33.198.115,ip,ssh-post-auth,high,90,active,2026-10-01,2026-10-01,16,43754,"ASIATECH - Asiatech Data Transmission company, IR",IR,
217.182.253.249,ip,ssh-post-auth,high,90,active,2026-09-29,2026-09-29,16,16276,"OVH - OVH SAS, FR",FR,
217.52.32.91,ip,ssh-post-auth,high,90,active,2026-09-23,2026-09-23,16,36992,"ETISALAT MISR - ETISALAT MISR, EG",EG,
218.23.192.91,ip,ssh-post-auth,high,90,active,2026-10-06,2026-10-06,16,4134,"CHINANET-BACKBONE - No.31,Jin-rong Street, CN",CN,
220.123.33.105,ip,ssh-post-auth,high,90,active,2026-10-08,2026-10-08,16,4766,"KIXS-AS-KR-KR - Korea Telecom, KR",KR,
220.247.224.226,ip,ssh-post-auth,high,90,active,2026-10-01,2026-10-01,16,9329,"SLTINT-AS-AP - Sri Lanka Telecom Internet, LK",LK,
223.247.218.112,ip,ssh-post-auth,high,90,active,2026-10-02,2026-10-02,16,140527,"CHINANET-ANHUI-WUHU-IDC - China Telecom, CN",CN,
27.49.234.82,ip,ssh-post-auth,high,90,active,2026-09-23,2026-09-23,16,17639,"CONVERGE-AS - Converge ICT Solutions Inc., PH",PH,
31.15.16.222,ip,ssh-post-auth,high,90,active,2026-10-02,2026-10-02,16,56971,"AS56971 - CGI GLOBAL LIMITED, HK",DE,
31.58.51.204,ip,ssh-post-auth,high,90,active,2026-10-04,2026-10-04,16,214481,"wczapkowicz-as - Wojciech Czapkowicz, PL",AE,
31.76.83.201,ip,ssh-post-auth,high,90,active,2026-09-15,2026-09-15,16,207957,"ServHost-AS - SERV.HOST GROUP LTD, GB",US,
34.22.248.177,ip,ssh-probe,low,20,expired,2026-09-16,2026-09-16,16,396982,"GOOGLE-CLOUD-PLATFORM - Google LLC, US",US,
34.62.70.211,ip,ssh-probe,low,20,expired,2026-10-01,2026-10-01,16,396982,"GOOGLE-CLOUD-PLATFORM - Google LLC, US",US,
36.92.140.209,ip,ssh-post-auth,high,90,active,2026-10-09,2026-10-09,16,7713,"telkomnet-as-ap - PT Telekomunikasi Indonesia, ID",ID,
39.172.84.55,ip,ssh-post-auth,high,90,active,2026-10-04,2026-10-04,16,56041,"CMNET-Zhejiang-AP - China Mobile communications corporation, CN",CN,
4.224.40.94,ip,ssh-post-auth,high,90,active,2026-10-01,2026-10-01,16,8075,"MICROSOFT-CORP-MSN-AS-BLOCK - Microsoft Corporation, US",US,
4.227.177.11,ip,ssh-post-auth,high,90,active,2026-09-29,2026-09-29,16,8075,"MICROSOFT-CORP-MSN-AS-BLOCK - Microsoft Corporation, US",US,
4.240.96.30,ip,ssh-post-auth,high,90,active,2026-10-02,2026-10-02,16,8075,"MICROSOFT-CORP-MSN-AS-BLOCK - Microsoft Corporation, US",US,
40.74.68.248,ip,ssh-post-auth,high,90,active,2026-09-30,2026-09-30,16,8075,"MICROSOFT-CORP-MSN-AS-BLOCK - Microsoft Corporation, US",US,
41.128.181.199,ip,ssh-post-auth,high,90,active,2026-10-07,2026-10-10,16,24863,"Link Egypt (Link.NET) - Link Egypt (Link.NET), EG",EG,
41.59.82.183,ip,ssh-post-auth,high,90,active,2026-10-02,2026-10-02,16,33765,"TANZANIA TELECOMMUNICATIONS CO. LTD - TANZANIA TELECOMMUNICATIONS CO. LTD, TZ",TZ,
42.96.20.16,ip,ssh-post-auth,high,90,active,2026-10-03,2026-10-03,16,131423,"LVHN-AS-VN - Branch of Long Van System Solution JSC - Hanoi, VN",VN,
43.129.193.109,ip,ssh-post-auth,high,90,active,2026-10-01,2026-10-01,16,132203,"TENCENT-NET-AP-CN - Tencent Building, Kejizhongyi Avenue, CN",SG,
43.130.27.234,ip,ssh-post-auth,high,90,active,2026-10-06,2026-10-06,16,132203,"TENCENT-NET-AP-CN - Tencent Building, Kejizhongyi Avenue, CN",SG,
43.135.160.129,ip,ssh-post-auth,high,90,active,2026-09-30,2026-09-30,16,132203,"TENCENT-NET-AP-CN - Tencent Building, Kejizhongyi Avenue, CN",SG,
43.156.33.17,ip,ssh-post-auth,high,90,active,2026-10-06,2026-10-06,16,132203,"TENCENT-NET-AP-CN - Tencent Building, Kejizhongyi Avenue, CN",SG,
43.165.190.208,ip,ssh-post-auth,high,90,active,2026-10-03,2026-10-03,16,132203,"TENCENT-NET-AP-CN - Tencent Building, Kejizhongyi Avenue, CN",SG,
43.172.114.89,ip,ssh-post-auth,high,90,active,2026-10-09,2026-10-09,16,132203,"TENCENT-NET-AP-CN - Tencent Building, Kejizhongyi Avenue, CN",SG,
45.140.222.166,ip,http-scan,low,30,active,2026-09-11,2026-10-08,16,202425,"INT-NETWORK - IP Volume inc, SC",US,
45.148.10.157,ip,ssh-probe,low,20,stale,2026-09-14,2026-10-04,16,48090,"DMZHOST - TECHOFF SRV LIMITED, GB",RO,
45.78.201.248,ip,ssh-post-auth,high,90,active,2026-10-02,2026-10-02,16,150436,"BYTEPLUS-AS-AP - Byteplus Pte. Ltd., SG",SG,
45.78.204.246,ip,ssh-post-auth,high,90,active,2026-09-29,2026-09-29,16,150436,"BYTEPLUS-AS-AP - Byteplus Pte. Ltd., SG",SG,
45.78.204.254,ip,ssh-post-auth,high,90,active,2026-10-01,2026-10-01,16,150436,"BYTEPLUS-AS-AP - Byteplus Pte. Ltd., SG",SG,
46.147.195.11,ip,ssh-post-auth,high,90,active,2026-09-30,2026-09-30,16,52207,"TULA-AS - JSC _ER-Telecom Holding_, RU",RU,
49.0.24.107,ip,ssh-post-auth,high,90,active,2026-09-28,2026-09-28,16,17995,"SOLUSINET-AS-ID - PT iForte Global Internet, ID",ID,
49.207.243.207,ip,ssh-post-auth,high,90,active,2026-10-01,2026-10-01,16,24309,"CABLELITE-AS-AP - Atria Convergence Technologies Pvt. Ltd. Broadband Internet Service Provider INDIA, IN",IN,
49.231.192.36,ip,ssh-post-auth,high,90,active,2026-10-01,2026-10-01,16,45458,"SBN-AWN-AS-02-AP - SBN-ISP/AWN-ISP and SBN-NIX/AWN-NIX, TH",TH,
49.247.37.22,ip,ssh-post-auth,high,90,active,2026-09-30,2026-09-30,16,38700,"SMILESERV-AS-KR-KR - SMILESERV, KR",KR,
50.84.211.204,ip,ssh-post-auth,high,90,active,2026-10-01,2026-10-01,16,11427,"TWC-11427-TEXAS - Charter Communications Inc, US",US,
51.159.125.199,ip,http-scan,low,30,active,2026-10-08,2026-10-08,16,12876,"AS12876 - Scaleway SAS, FR",FR,
51.75.247.232,ip,ssh-post-auth,high,90,active,2026-09-29,2026-09-29,16,16276,"OVH - OVH SAS, FR",FR,
51.75.27.218,ip,ssh-post-auth,high,90,active,2026-10-06,2026-10-06,16,16276,"OVH - OVH SAS, FR",FR,
52.140.125.9,ip,ssh-post-auth,high,90,active,2026-10-03,2026-10-03,16,8075,"MICROSOFT-CORP-MSN-AS-BLOCK - Microsoft Corporation, US",US,
52.142.188.19,ip,ssh-post-auth,high,90,active,2026-09-23,2026-09-23,16,8075,"MICROSOFT-CORP-MSN-AS-BLOCK - Microsoft Corporation, US",US,
52.233.193.61,ip,ssh-post-auth,high,90,active,2026-09-30,2026-09-30,16,8075,"MICROSOFT-CORP-MSN-AS-BLOCK - Microsoft Corporation, US",US,
54.219.6.186,ip,ssh-probe,low,20,expired,2026-10-01,2026-10-01,16,16509,"AMAZON-02 - Amazon.com, Inc., US",US,
54.38.109.115,ip,ssh-post-auth,high,90,active,2026-10-02,2026-10-02,16,16276,"OVH - OVH SAS, FR",FR,
58.186.20.143,ip,ssh-post-auth,high,90,active,2026-10-01,2026-10-01,16,18403,"FPT-VN - FPT Telecom Company, VN",VN,
58.242.64.246,ip,ssh-post-auth,high,90,active,2026-09-30,2026-09-30,16,4837,"CHINA169-Backbone - CHINA UNICOM China169 Backbone, CN",CN,
59.179.31.237,ip,ssh-post-auth,high,90,active,2026-09-29,2026-09-29,16,17813,"MTNL-AP - Mahanagar Telephone Nigam Limited, IN",IN,
59.98.148.5,ip,ssh-post-auth,high,90,active,2026-10-04,2026-10-04,16,9829,"BSNL-NIB - National Internet Backbone, IN",IN,
61.220.96.57,ip,ssh-post-auth,high,90,active,2026-09-28,2026-09-28,16,3462,"HINET - Data Communication Business Group, TW",TW,
61.76.38.54,ip,ssh-post-auth,high,90,active,2026-10-09,2026-10-09,16,4766,"KIXS-AS-KR-KR - Korea Telecom, KR",KR,
62.16.41.154,ip,ssh-post-auth,high,90,active,2026-10-02,2026-10-02,16,15640,"FPIC-AS - MTS PJSC, RU",RU,
62.210.142.169,ip,http-scan,low,30,expired,2026-09-24,2026-09-24,16,12876,"AS12876 - Scaleway SAS, FR",FR,
62.210.142.61,ip,http-scan,low,30,active,2026-10-07,2026-10-07,16,12876,"AS12876 - Scaleway SAS, FR",FR,
62.238.24.220,ip,ssh-post-auth,high,90,active,2026-10-03,2026-10-03,16,24940,"HETZNER-AS - Hetzner Online GmbH, DE",DE,
65.181.127.40,ip,ssh-post-auth,high,90,active,2026-10-09,2026-10-09,16,36454,"WHG-DAL - WHG Hosting Services Ltd, GB",GB,
68.183.92.206,ip,ssh-post-auth,high,90,active,2026-10-04,2026-10-04,16,14061,"DIGITALOCEAN-ASN - DigitalOcean, LLC, US",US,
69.168.225.172,ip,ssh-post-auth,high,90,active,2026-10-01,2026-10-01,16,212374,"VZGMBH-NET - Virtuozzo International GmbH, CH",US,
69.49.246.176,ip,ssh-post-auth,high,90,active,2026-10-01,2026-10-01,16,19871,"NETWORK-SOLUTIONS-HOSTING - Network Solutions, LLC, US",US,
69.5.23.222,ip,ssh-post-auth,high,90,active,2026-10-06,2026-10-06,16,150436,"BYTEPLUS-AS-AP - Byteplus Pte. Ltd., SG",SG,
72.253.251.3,ip,ssh-post-auth,high,90,active,2026-10-01,2026-10-01,16,36149,"HAWAIIAN-TELCOM - Hawaiian Telcom Services Company, Inc., US",US,
75.119.150.246,ip,ssh-post-auth,high,90,active,2026-10-09,2026-10-09,16,51167,"CONTABO - Contabo GmbH, DE",DE,
78.39.48.166,ip,ssh-post-auth,high,90,active,2026-10-01,2026-10-01,16,42337,"RESPINA-AS - Respina Networks & Beyond PJSC, IR",IR,
8.210.75.108,ip,ssh-post-auth,high,90,active,2026-09-28,2026-09-28,16,45102,"ALIBABA-CN-NET - Alibaba (US) Technology Co., Ltd., CN",SG,
8.220.180.66,ip,ssh-post-auth,high,90,active,2026-09-28,2026-09-28,16,45102,"ALIBABA-CN-NET - Alibaba (US) Technology Co., Ltd., CN",SG,
81.10.31.125,ip,ssh-post-auth,high,90,active,2026-10-01,2026-10-01,16,8452,"TE-AS - IDDQD-AS, EG",EG,
81.192.46.32,ip,ssh-post-auth,high,90,active,2026-09-30,2026-09-30,16,6713,"Office National des Postes et Telecommunications ONPT (Maroc Telecom) / IAM - Office National des Postes et Telecommunications ONPT (Maroc Telecom) / IAM, MA",MA,
82.152.132.24,ip,ssh-post-auth,high,90,active,2026-10-04,2026-10-04,16,60982,"XZONE - X-ZONE IT SRL, RO",GB,
83.233.149.38,ip,ssh-post-auth,high,90,active,2026-10-09,2026-10-09,16,29518,"BREDBAND2 - Bredband2 AB, SE",SE,
84.201.243.44,ip,ssh-post-auth,high,90,active,2026-10-03,2026-10-03,16,34590,"IZHEVSK-AS - JSC _ER-Telecom Holding_, RU",RU,
85.198.19.251,ip,ssh-post-auth,high,90,active,2026-09-28,2026-09-28,16,60077,"AT-CLOUD - Asre Dadeha Asiatech, IR",IR,
85.216.81.75,ip,ssh-post-auth,high,90,active,2026-10-02,2026-10-02,16,3209,"VODANET - Vodafone GmbH, DE",DE,
86.102.111.211,ip,ssh-post-auth,high,90,active,2026-10-01,2026-10-01,16,12332,"PRIMORYE-AS - PJSC Rostelecom, RU",RU,
88.205.172.170,ip,ssh-post-auth,high,90,active,2026-09-29,2026-09-29,16,12389,"ROSTELECOM-AS - PJSC Rostelecom, RU",RU,
91.231.218.149,ip,ssh-post-auth,high,90,active,2026-10-06,2026-10-06,16,57354,"SYSTEMA-AS - SYSTEMA Ltd, RU",RU,
91.92.199.36,ip,ssh-post-auth,high,90,active,2026-10-04,2026-10-04,16,34224,"NETERRA-AS - Neterra Ltd., BG",BG,
94.180.139.162,ip,ssh-post-auth,high,90,active,2026-10-03,2026-10-03,16,41668,"ERTH-KAZAN-AS - JSC _ER-Telecom Holding_, RU",RU,
94.182.168.135,ip,ssh-post-auth,high,90,active,2026-10-01,2026-10-01,16,31549,"RASANA - Aria Shatel PJSC, IR",IR,
94.20.62.126,ip,ssh-post-auth,high,90,active,2026-10-08,2026-10-08,16,215148,"DT-SMB - Delta Telecom Ltd, AZ",AZ,
94.61.235.86,ip,ssh-post-auth,high,90,active,2026-10-06,2026-10-06,16,12353,"VODAFONE-PT - Vodafone Portugal - Communicacoes Pessoais S.A., PT",PT,
95.155.36.66,ip,ssh-post-auth,high,90,active,2026-09-23,2026-09-23,16,8585,"INTERNET-CG - Crnogorski Telekom a.d.Podgorica, ME",ME,
95.165.140.133,ip,ssh-post-auth,high,90,active,2026-09-29,2026-09-29,16,25513,"ASN-MGTS-USPD - PJSC Moscow city telephone network, RU",RU,
95.58.255.251,ip,ssh-post-auth,high,90,active,2026-10-09,2026-10-09,16,9198,"KAZTELECOM-AS - JSC Kazakhtelecom, KZ",KZ,
96.30.129.58,ip,ssh-post-auth,high,90,active,2026-10-01,2026-10-01,16,11260,"EASTLINK-HSI - EastLink, CA",CA,
109.105.210.90,ip,http-scan,low,30,stale,2026-09-27,2026-09-27,15,21859,"ZEN-ECN - Zenlayer Inc, US",PT,
168.194.164.3,ip,http-scan,low,30,active,2026-09-15,2026-10-08,15,265393,"AS265393 - FIRENET SERVICOS DE TELECOMUNICACOES LTDA, BR",BR,
185.191.236.38,ip,http-scan,low,30,active,2026-10-07,2026-10-09,15,264617,"AS264617 - GRUPO PANAGLOBAL 15 S.A, PA",CH,
188.111.53.214,ip,ssh-post-auth,high,90,active,2026-09-28,2026-10-07,15,3209,"VODANET - Vodafone GmbH, DE",DE,
45.156.128.121,ip,research-scanner,info,90,active,2026-09-15,2026-09-15,15,211680,"AS-BITSIGHT - NSEC - Sistemas Informaticos, S.A., PT",PT,
93.182.173.38,ip,ssh-post-auth,high,90,active,2026-09-13,2026-09-13,15,47155,"VIAE-AS - VIAE-AS, SE",SE,
101.96.193.131,ip,ssh-post-auth,high,90,active,2026-10-09,2026-10-09,14,137718,"VOLCANO-ENGINE - Beijing Volcano Engine Technology Co., Ltd., CN",CN,
103.203.57.2,ip,ssh-probe,low,20,active,2026-09-16,2026-10-08,14,136180,"IPIP-CN - Beijing Tiantexin Tech. Co., Ltd., CN",CN,
103.255.200.90,ip,ssh-post-auth,high,90,active,2026-10-02,2026-10-02,14,138950,"CHINATELECOM-Jiangsu-Wuxi-International-IDC - Jiangsu Wuxi International IDC network, CN",CN,
106.12.185.146,ip,ssh-post-auth,high,90,active,2026-10-06,2026-10-06,14,38365,"Baidu - Beijing Baidu Netcom Science and Technology Co., Ltd., CN",CN,
107.150.97.10,ip,http-scan,low,30,expired,2026-09-24,2026-09-26,14,135377,"UCLOUD-HK-AS-AP - UCLOUD INFORMATION TECHNOLOGY (HK) LIMITED, HK",US,
111.32.153.180,ip,ssh-post-auth,high,90,active,2026-10-02,2026-10-02,14,9808,"CHINAMOBILE-CN - China Mobile Communications Group Co., Ltd., CN",CN,
112.64.169.110,ip,ssh-post-auth,high,90,active,2026-10-01,2026-10-01,14,17621,"CNCGROUP-SH - China Unicom Shanghai network, CN",CN,
114.67.127.241,ip,ssh-post-auth,high,90,active,2026-10-01,2026-10-01,14,4811,"CHINANET-SHANGHAI-MAN - China Telecom (Group), CN",CN,
115.190.197.138,ip,ssh-post-auth,high,90,active,2026-09-29,2026-09-29,14,137718,"VOLCANO-ENGINE - Beijing Volcano Engine Technology Co., Ltd., CN",CN,
115.190.229.67,ip,ssh-post-auth,high,90,active,2026-10-02,2026-10-04,14,137718,"VOLCANO-ENGINE - Beijing Volcano Engine Technology Co., Ltd., CN",CN,
115.191.27.238,ip,ssh-post-auth,high,90,active,2026-09-30,2026-09-30,14,137718,"VOLCANO-ENGINE - Beijing Volcano Engine Technology Co., Ltd., CN",CN,
116.198.225.204,ip,ssh-post-auth,high,90,active,2026-10-09,2026-10-09,14,137699,"CHINATELECOM-Jiangsu-Suqian-IDC - CHINATELECOM Jiangsu Suqian IDC network, CN",CN,
118.145.114.113,ip,ssh-post-auth,high,90,active,2026-09-30,2026-09-30,14,137718,"VOLCANO-ENGINE - Beijing Volcano Engine Technology Co., Ltd., CN",CN,
130.185.120.96,ip,ssh-post-auth,high,90,active,2026-09-15,2026-09-15,14,57568,"TR_Arvancloud - ARVANCLOUD GLOBAL TECHNOLOGIES L.L.C, AE",AE,
14.103.118.106,ip,ssh-post-auth,high,90,active,2026-10-01,2026-10-01,14,4811,"CHINANET-SHANGHAI-MAN - China Telecom (Group), CN",CN,
14.103.45.20,ip,ssh-post-auth,high,90,active,2026-10-01,2026-10-01,14,4811,"CHINANET-SHANGHAI-MAN - China Telecom (Group), CN",CN,
180.184.183.66,ip,ssh-post-auth,high,90,active,2026-10-04,2026-10-04,14,4811,"CHINANET-SHANGHAI-MAN - China Telecom (Group), CN",CN,
182.43.76.120,ip,ssh-post-auth,high,90,active,2026-10-09,2026-10-09,14,58519,"CHINATELECOM-Ctcloud - Cloud Computing Corporation, CN",CN,
211.155.100.9,ip,ssh-post-auth,high,90,active,2026-09-29,2026-09-29,14,58854,"kaopy - Kaopu Cloud, CN",CN,
218.94.137.166,ip,ssh-post-auth,high,90,active,2026-10-03,2026-10-03,14,4134,"CHINANET-BACKBONE - No.31,Jin-rong Street, CN",CN,
222.96.14.76,ip,ssh-post-auth,high,90,active,2026-10-07,2026-10-07,14,4766,"KIXS-AS-KR-KR - Korea Telecom, KR",KR,
36.99.46.101,ip,ssh-post-auth,high,90,active,2026-09-30,2026-09-30,14,4134,"CHINANET-BACKBONE - No.31,Jin-rong Street, CN",CN,
4.236.2.235,ip,ssh-post-auth,high,90,active,2026-10-01,2026-10-01,14,8075,"MICROSOFT-CORP-MSN-AS-BLOCK - Microsoft Corporation, US",US,
43.152.72.201,ip,ssh-post-auth,high,90,active,2026-10-09,2026-10-09,14,132203,"TENCENT-NET-AP-CN - Tencent Building, Kejizhongyi Avenue, CN",SG,
45.12.48.151,ip,ssh-post-auth,high,90,active,2026-09-28,2026-09-28,14,29423,"gridscale - gridscale GmbH, DE",DE,
45.140.222.165,ip,http-scan,low,30,active,2026-09-15,2026-10-09,14,202425,"INT-NETWORK - IP Volume inc, SC",US,
45.156.128.122,ip,research-scanner,info,90,active,2026-09-15,2026-09-15,14,211680,"AS-BITSIGHT - NSEC - Sistemas Informaticos, S.A., PT",PT,
45.156.129.126,ip,http-scan,low,30,stale,2026-09-27,2026-09-27,14,211680,"AS-BITSIGHT - NSEC - Sistemas Informaticos, S.A., PT",PT,
62.60.130.253,ip,ssh-probe,low,20,active,2026-09-14,2026-10-10,14,215930,"COD - CIPHER OPERATIONS DOO BEOGRAD - NOVI BEOGRAD, RS",IR,
90.227.116.37,ip,ssh-post-auth,high,90,active,2026-10-05,2026-10-05,14,3301,"TELIANET-SWEDEN - Telia Company AB, SE",SE,
103.46.186.148,ip,http-scan,low,30,stale,2026-09-26,2026-10-02,13,150462,"IDNIC-AIRLINK-AS-ID - PT Air Lintas Komunikasi, ID",ID,
103.46.186.85,ip,http-scan,low,30,active,2026-10-06,2026-10-07,13,150462,"IDNIC-AIRLINK-AS-ID - PT Air Lintas Komunikasi, ID",ID,
121.179.95.98,ip,ssh-post-auth,high,90,active,2026-10-07,2026-10-07,13,4766,"KIXS-AS-KR-KR - Korea Telecom, KR",KR,
121.202.198.98,ip,ssh-post-auth,high,90,active,2026-10-05,2026-10-05,13,17924,"SMARTONE-MB-AS-AP - SmarTone Mobile Communications Ltd, HK",HK,
124.158.13.141,ip,http-scan,low,30,active,2026-10-04,2026-10-09,13,38733,"CMCTELECOM-VN - CMC Telecom Infrastructure Company, VN",VN,
13.207.213.34,ip,ssh-post-auth,high,90,active,2026-10-07,2026-10-07,13,16509,"AMAZON-02 - Amazon.com, Inc., US",US,
144.225.6.184,ip,http-scan,low,30,active,2026-10-01,2026-10-09,13,7488,"CNSERVER-AP-AS - CNServer LLC, US",US,
165.99.207.153,ip,http-scan,low,30,stale,2026-09-26,2026-09-27,13,45773,"HECPERN-AS-PK - PERN AS Content Servie Provider, Islamabad, Pakistan, PK",PK,
176.65.148.23,ip,http-scan,low,30,expired,2026-09-24,2026-09-24,13,51396,"PFCLOUD - Pfcloud UG (haftungsbeschrankt), DE",DE,
179.111.150.75,ip,ssh-post-auth,high,90,active,2026-10-08,2026-10-08,13,27699,"AS27699 - TELEFONICA BRASIL S.A, BR",BR,
193.8.186.31,ip,http-scan,low,30,active,2026-09-14,2026-10-10,13,201002,"PebbleHost-Customers - PebbleHost Ltd, GB",BG,
207.90.244.14,ip,http-scan,low,30,active,2026-09-16,2026-10-07,13,174,"COGENT-174 - Cogent Communications, LLC, US",US,
209.99.188.170,ip,http-scan,low,30,active,2026-10-06,2026-10-06,13,402253,"SKN-NETWORK-1 - SKN Subnet & Telecom Ltd, KN",KN,
219.140.109.106,ip,http-scan,low,30,active,2026-09-14,2026-10-08,13,137266,"CHINATELECOM-HUBEI-WUHAN-5G-NETWORK - CHINATELECOM Hubei province Wuhan 5G network, CN",CN,
37.27.155.40,ip,ssh-post-auth,high,90,active,2026-10-07,2026-10-07,13,24940,"HETZNER-AS - Hetzner Online GmbH, DE",DE,
45.140.222.167,ip,http-scan,low,30,active,2026-09-16,2026-10-08,13,202425,"INT-NETWORK - IP Volume inc, SC",US,
45.156.87.210,ip,http-scan,low,30,expired,2026-09-22,2026-09-22,13,197170,"TECHTIES-AS - TechTies Inc., SC",NL,
8.152.99.77,ip,ssh-probe,low,20,stale,2026-09-28,2026-10-07,13,37963,"ALIBABA-CN-NET - Hangzhou Alibaba Advertising Co.,Ltd., CN",SG,
94.154.43.203,ip,http-scan,low,30,active,2026-09-25,2026-10-08,13,219502,"STORMCLOUD-AS - Storm Industries LLC, US",UA,
101.47.159.125,ip,ssh-post-auth,high,90,active,2026-10-09,2026-10-09,12,150436,"BYTEPLUS-AS-AP - Byteplus Pte. Ltd., SG",SG,
115.140.161.61,ip,ssh-post-auth,high,90,active,2026-09-12,2026-09-12,12,17858,"POWERVIS-AS-KR-KR - LG POWERCOMM, KR",KR,
116.62.243.75,ip,ssh-post-auth,high,90,active,2026-09-30,2026-09-30,12,37963,"ALIBABA-CN-NET - Hangzhou Alibaba Advertising Co.,Ltd., CN",CN,
117.72.84.177,ip,ssh-post-auth,high,90,active,2026-10-09,2026-10-09,12,141679,"CHINATELECOM-IDC-BTHBD-AP - China Telecom Beijing Tianjin Hebei Big Data Industry Park Branch, CN",CN,
122.168.123.73,ip,ssh-post-auth,high,90,active,2026-09-28,2026-09-28,12,24560,"AIRTELBROADBAND-AS-AP - Bharti Airtel Ltd., Telemedia Services, IN",IN,
123.207.0.73,ip,ssh-post-auth,high,90,active,2026-10-03,2026-10-03,12,45090,"TENCENT-NET-AP - Shenzhen Tencent Computer Systems Company Limited, CN",CN,
14.103.103.211,ip,ssh-post-auth,high,90,active,2026-09-29,2026-09-29,12,4811,"CHINANET-SHANGHAI-MAN - China Telecom (Group), CN",CN,
142.93.46.42,ip,ssh-post-auth,high,90,active,2026-09-11,2026-09-16,12,14061,"DIGITALOCEAN-ASN - DigitalOcean, LLC, US",US,
150.5.154.160,ip,ssh-post-auth,high,90,active,2026-10-09,2026-10-09,12,150436,"BYTEPLUS-AS-AP - Byteplus Pte. Ltd., SG",SG,
173.249.52.138,ip,ssh-post-auth,high,90,active,2026-10-09,2026-10-09,12,51167,"CONTABO - Contabo GmbH, DE",DE,
176.32.193.16,ip,http-scan,low,30,active,2026-09-29,2026-10-07,12,197834,"INTERACTIVE - Ucom CJSC, AM",AM,
192.151.255.195,ip,ssh-post-auth,high,90,active,2026-09-16,2026-09-26,12,132839,"POWERLINE-AS-AP - POWER LINE DATACENTER, HK",US,
192.42.116.103,ip,ssh-post-auth,high,90,active,2026-09-30,2026-10-02,12,215125,"Cyberology-AS - Church of Cyberology, NL",NL,
192.42.116.104,ip,ssh-post-auth,high,90,active,2026-09-30,2026-09-30,12,215125,"Cyberology-AS - Church of Cyberology, NL",NL,
192.42.116.143,ip,ssh-post-auth,high,90,active,2026-09-23,2026-09-23,12,215125,"Cyberology-AS - Church of Cyberology, NL",NL,
20.235.157.149,ip,ssh-post-auth,high,90,active,2026-09-15,2026-09-15,12,8075,"MICROSOFT-CORP-MSN-AS-BLOCK - Microsoft Corporation, US",US,
207.166.168.11,ip,ssh-post-auth,high,90,active,2026-10-03,2026-10-03,12,150436,"BYTEPLUS-AS-AP - Byteplus Pte. Ltd., SG",SG,
3.130.168.2,ip,http-scan,low,30,active,2026-09-11,2026-10-04,12,16509,"AMAZON-02 - Amazon.com, Inc., US",US,
45.156.129.125,ip,http-scan,low,30,stale,2026-09-27,2026-09-27,12,211680,"AS-BITSIGHT - NSEC - Sistemas Informaticos, S.A., PT",PT,
64.226.118.102,ip,ssh-post-auth,high,90,active,2026-09-26,2026-09-26,12,14061,"DIGITALOCEAN-ASN - DigitalOcean, LLC, US",US,
78.110.120.117,ip,ssh-post-auth,high,90,active,2026-09-23,2026-09-23,12,48715,"SEFROYEKPARDAZENG-AS - Sefroyek Pardaz Engineering PJSC, IR",IR,
165.154.225.20,ip,ssh-probe,low,20,stale,2026-09-12,2026-10-06,11,142002,"SCLOUDPTELTD-AS - Scloud Pte Ltd, SG",SG,
200.121.234.127,ip,ssh-post-auth,high,90,active,2026-10-05,2026-10-05,11,6147,"AS6147 - INTEGRATEL PERU S.A.A., PE",PE,
213.172.73.149,ip,http-scan,low,30,stale,2026-09-14,2026-09-30,11,13099,"AET-AS - _AZ-EVRO TEL_ LLC, AZ",AZ,
39.87.248.213,ip,ssh-post-auth,high,90,active,2026-09-26,2026-09-26,11,4837,"CHINA169-Backbone - CHINA UNICOM China169 Backbone, CN",CN,
45.15.226.44,ip,ssh-post-auth,high,90,active,2026-10-08,2026-10-08,11,207164,"PRIMANET - PRIMANET SRL, MD",MD,
45.156.128.123,ip,research-scanner,info,90,active,2026-09-15,2026-09-15,11,211680,"AS-BITSIGHT - NSEC - Sistemas Informaticos, S.A., PT",PT,
47.242.108.72,ip,ssh-post-auth,high,90,active,2026-09-26,2026-09-26,11,45102,"ALIBABA-CN-NET - Alibaba (US) Technology Co., Ltd., CN",US,
94.154.43.196,ip,http-scan,low,30,stale,2026-09-15,2026-10-01,11,219502,"STORMCLOUD-AS - Storm Industries LLC, US",UA,
103.63.101.24,ip,ssh-malware-drop,critical,100,active,2026-09-13,2026-10-02,10,150273,"IDNIC-BMI-AS-ID - PT Berkah Maju Interasional, ID",ID,
104.219.251.77,ip,http-scan,low,30,stale,2026-09-30,2026-09-30,10,22612,"NAMECHEAP-NET - Namecheap, Inc., US",US,
106.75.77.231,ip,ssh-post-auth,high,90,active,2026-10-04,2026-10-07,10,23724,"CHINANET-IDC-BJ-AP - IDC, China Telecommunications Corporation, CN",CN,
152.42.219.248,ip,ssh-post-auth,high,90,active,2026-09-23,2026-09-23,10,14061,"DIGITALOCEAN-ASN - DigitalOcean, LLC, US",US,
157.254.194.78,ip,ssh-post-auth,high,90,active,2026-10-02,2026-10-02,10,399486,"VIRTUO - 12651980 CANADA INC., CA",US,
163.7.10.112,ip,ssh-post-auth,high,90,active,2026-10-03,2026-10-03,10,150436,"BYTEPLUS-AS-AP - Byteplus Pte. Ltd., SG",SG,
192.248.150.180,ip,http-scan,low,30,stale,2026-09-16,2026-09-28,10,20473,"AS-VULTR - The Constant Company, LLC, US",US,
199.231.188.242,ip,ssh-post-auth,high,90,active,2026-09-16,2026-09-16,10,19318,"IS-AS-1 - Interserver, Inc, US",US,
207.175.7.61,ip,ssh-probe,low,20,active,2026-10-09,2026-10-09,10,396982,"GOOGLE-CLOUD-PLATFORM - Google LLC, US",US,
209.141.51.90,ip,ssh-post-auth,high,90,active,2026-09-22,2026-10-02,10,53667,"PONYNET - FranTech Solutions, US",US,
34.140.253.220,ip,ssh-probe,low,20,expired,2026-09-13,2026-09-13,10,396982,"GOOGLE-CLOUD-PLATFORM - Google LLC, US",US,
34.156.159.179,ip,ssh-probe,low,20,active,2026-10-08,2026-10-08,10,396982,"GOOGLE-CLOUD-PLATFORM - Google LLC, US",US,
34.38.173.165,ip,ssh-probe,low,20,expired,2026-09-14,2026-09-14,10,396982,"GOOGLE-CLOUD-PLATFORM - Google LLC, US",US,
34.38.201.69,ip,ssh-probe,low,20,stale,2026-10-07,2026-10-07,10,396982,"GOOGLE-CLOUD-PLATFORM - Google LLC, US",US,
34.62.108.134,ip,ssh-probe,low,20,expired,2026-09-12,2026-09-12,10,396982,"GOOGLE-CLOUD-PLATFORM - Google LLC, US",US,
34.78.215.232,ip,ssh-post-auth,high,90,active,2026-09-23,2026-09-23,10,396982,"GOOGLE-CLOUD-PLATFORM - Google LLC, US",US,
45.91.64.6,ip,http-scan,low,30,active,2026-09-29,2026-10-04,10,214664,"Buduschee - JSC _F6_, RU",RU,
65.49.1.108,ip,http-scan,low,30,expired,2026-09-14,2026-09-24,10,6939,"HURRICANE - Hurricane Electric LLC, US",US,
80.245.141.40,ip,ssh-post-auth,high,90,active,2026-09-14,2026-09-29,10,30742,"BRITELINE-AS - Bremen Briteline GmbH, DE",DE,
87.192.253.110,ip,ssh-post-auth,high,90,active,2026-09-15,2026-09-29,10,202660,"BRM-DataCenter - _Uzbektelekom_ Joint Stock Company, UZ",UZ,
87.251.64.23,ip,ssh-probe,low,20,stale,2026-10-06,2026-10-06,10,212835,"SHESTERNIN-AS - Shesternin Vladimir Anatolievich, KZ",RU,
http://45.88.91.135:35146/s/amd64,url,payload-url,high,80,active,2026-09-23,2026-10-06,10,,,,
http://45.88.91.135:35146/s/kal64,url,payload-url,high,80,active,2026-09-23,2026-10-06,10,,,,
http://45.88.91.135:35146/s/kswpad,url,payload-url,high,80,active,2026-09-23,2026-10-06,10,,,,
109.105.210.88,ip,http-scan,low,30,stale,2026-09-27,2026-09-27,9,21859,"ZEN-ECN - Zenlayer Inc, US",PT,
144.202.92.17,ip,http-scan,low,30,expired,2026-09-14,2026-09-25,9,20473,"AS-VULTR - The Constant Company, LLC, US",US,
168.110.210.99,ip,http-scan,low,30,active,2026-09-14,2026-10-09,9,31898,"ORACLE-BMC-31898 - Oracle Corporation, US",US,
172.235.40.131,ip,http-scan,low,30,active,2026-09-15,2026-10-10,9,63949,"AKAMAI-LINODE-AP - Akamai Connected Cloud, SG",US,
174.138.49.97,ip,ssh-probe,low,20,active,2026-09-23,2026-10-08,9,14061,"DIGITALOCEAN-ASN - DigitalOcean, LLC, US",US,
18.218.118.203,ip,http-scan,low,30,active,2026-09-23,2026-10-08,9,16509,"AMAZON-02 - Amazon.com, Inc., US",US,
184.105.139.67,ip,http-scan,low,30,stale,2026-09-24,2026-10-02,9,6939,"HURRICANE - Hurricane Electric LLC, US",US,
185.196.220.132,ip,http-scan,low,30,active,2026-10-06,2026-10-08,9,213438,"colocatel-inc - ColocaTel Inc., SC",NL,
190.234.198.68,ip,ssh-post-auth,high,90,active,2026-10-07,2026-10-07,9,6147,"AS6147 - INTEGRATEL PERU S.A.A., PE",PE,
192.155.90.118,ip,http-scan,low,30,active,2026-09-26,2026-10-04,9,63949,"AKAMAI-LINODE-AP - Akamai Connected Cloud, SG",US,
192.42.116.47,ip,ssh-post-auth,high,90,active,2026-10-07,2026-10-07,9,215125,"Cyberology-AS - Church of Cyberology, NL",NL,
193.8.186.29,ip,http-scan,low,30,active,2026-09-30,2026-10-07,9,201002,"PebbleHost-Customers - PebbleHost Ltd, GB",BG,
209.205.107.34,ip,ssh-post-auth,high,90,active,2026-10-07,2026-10-07,9,25668,"CIPHERKEY - Cipherkey Exchange Corp., CA",CA,
3.22.187.122,ip,http-scan,low,30,expired,2026-09-16,2026-09-16,9,16509,"AMAZON-02 - Amazon.com, Inc., US",US,
45.156.128.124,ip,research-scanner,info,90,active,2026-09-15,2026-09-15,9,211680,"AS-BITSIGHT - NSEC - Sistemas Informaticos, S.A., PT",PT,
45.156.129.127,ip,http-scan,low,30,stale,2026-09-27,2026-09-27,9,211680,"AS-BITSIGHT - NSEC - Sistemas Informaticos, S.A., PT",PT,
51.161.34.246,ip,ssh-post-auth,high,90,active,2026-10-07,2026-10-07,9,16276,"OVH - OVH SAS, FR",CA,
64.62.156.182,ip,http-scan,low,30,active,2026-09-23,2026-10-08,9,6939,"HURRICANE - Hurricane Electric LLC, US",US,
78.73.246.62,ip,ssh-post-auth,high,90,active,2026-09-11,2026-09-11,9,3301,"TELIANET-SWEDEN - Telia Company AB, SE",SE,
89.248.167.131,ip,http-scan,low,30,expired,2026-09-24,2026-09-25,9,202425,"INT-NETWORK - IP Volume inc, SC",NL,
1.12.238.76,ip,ssh-post-auth,high,90,active,2026-09-23,2026-09-23,8,45090,"TENCENT-NET-AP - Shenzhen Tencent Computer Systems Company Limited, CN",CN,
1.234.28.15,ip,ssh-post-auth,high,90,active,2026-09-27,2026-09-27,8,9318,"SKB-AS-KR - SK Broadband Co Ltd, KR",KR,
101.66.165.103,ip,ssh-probe,low,20,stale,2026-09-29,2026-10-06,8,4837,"CHINA169-Backbone - CHINA UNICOM China169 Backbone, CN",CN,
102.176.106.26,ip,ssh-post-auth,high,90,active,2026-09-23,2026-09-23,8,29614,"Ghana Telecommunications Company Limited - Ghana Telecommunications Company Limited, GH",GH,
103.110.49.64,ip,ssh-post-auth,high,90,active,2026-09-23,2026-09-23,8,133982,"EXCITEL-AS-IN - Excitel Broadband Private Limited, IN",IN,
103.186.214.84,ip,ssh-post-auth,high,90,active,2026-10-01,2026-10-01,8,401696,"COGNETCLOUD - cognetcloud INC, US",HK,
103.189.89.196,ip,ssh-post-auth,high,90,active,2026-10-08,2026-10-08,8,134926,"MICROHOST-AS - Micro Hosting Private Limited, IN",SG,
103.195.141.119,ip,ssh-post-auth,high,90,active,2026-09-23,2026-09-23,8,64037,"FIRSTNFASTITLTD-AS-AP - First n Fast IT Ltd, BD",BD,
103.199.16.90,ip,ssh-post-auth,high,90,active,2026-09-27,2026-09-27,8,63734,"GREENCLOUDVPS-AS-VN - 365 Online technology joint stock company, VN",VN,
103.200.23.154,ip,ssh-post-auth,high,90,active,2026-10-07,2026-10-07,8,135905,"VNPT-AS-VN - VIETNAM POSTS AND TELECOMMUNICATIONS GROUP, VN",VN,
103.206.227.42,ip,ssh-post-auth,high,90,active,2026-10-07,2026-10-07,8,134874,"ACMEDIGINET-AS - Acme Diginet Corporation Pvt. Ltd, IN",IN,
103.242.224.11,ip,ssh-post-auth,high,90,active,2026-09-23,2026-09-23,8,23872,"delDSLCORE-AS-AP - delDSL Internet Pvt. Ltd., IN",IN,
103.247.6.251,ip,ssh-post-auth,high,90,active,2026-09-23,2026-09-23,8,24186,"RAILTEL-AS-IN - RailTel Corporation of India Ltd, IN",IN,
103.253.245.102,ip,ssh-post-auth,high,90,active,2026-10-08,2026-10-08,8,140389,"IDNIC-DBIZ-AS-ID - PT Dewa Bisnis Digital, ID",ID,
103.61.44.43,ip,ssh-post-auth,high,90,active,2026-10-07,2026-10-07,8,131434,"SCOM-AS-VN - Scom Technology Join stock company, VN",VN,
103.76.120.114,ip,ssh-post-auth,high,90,active,2026-10-05,2026-10-05,8,136052,"IDNIC-IDCLOUDHOST-AS-ID - PT Cloud Hosting Indonesia, ID",ID,
104.215.199.146,ip,ssh-post-auth,high,90,active,2026-09-23,2026-09-23,8,8075,"MICROSOFT-CORP-MSN-AS-BLOCK - Microsoft Corporation, US",US,
104.43.118.32,ip,ssh-post-auth,high,90,active,2026-09-23,2026-09-23,8,8075,"MICROSOFT-CORP-MSN-AS-BLOCK - Microsoft Corporation, US",US,
106.227.75.208,ip,ssh-post-auth,high,90,active,2026-09-23,2026-09-23,8,149837,"ChinaNet-JX-Yunhe-IDC - China Telecom, CN",CN,
106.51.232.14,ip,ssh-post-auth,high,90,active,2026-09-23,2026-09-23,8,24309,"CABLELITE-AS-AP - Atria Convergence Technologies Pvt. Ltd. Broadband Internet Service Provider INDIA, IN",IN,
106.75.210.186,ip,ssh-post-auth,high,90,active,2026-10-02,2026-10-02,8,4811,"CHINANET-SHANGHAI-MAN - China Telecom (Group), CN",CN,
107.170.212.206,ip,ssh-post-auth,high,90,active,2026-10-07,2026-10-07,8,14061,"DIGITALOCEAN-ASN - DigitalOcean, LLC, US",US,
108.84.235.97,ip,ssh-post-auth,high,90,active,2026-10-08,2026-10-08,8,7018,"ATT-INTERNET4 - AT&T Enterprises, LLC, US",US,
109.105.210.89,ip,http-scan,low,30,stale,2026-09-27,2026-09-27,8,21859,"ZEN-ECN - Zenlayer Inc, US",PT,
110.225.251.40,ip,ssh-post-auth,high,90,active,2026-09-23,2026-09-23,8,24560,"AIRTELBROADBAND-AS-AP - Bharti Airtel Ltd., Telemedia Services, IN",IN,
111.55.75.169,ip,ssh-post-auth,high,90,active,2026-10-07,2026-10-07,8,56046,"CMNET-Jiangsu-AP - China Mobile communications corporation, CN",CN,
111.68.108.77,ip,ssh-post-auth,high,90,active,2026-09-23,2026-09-23,8,45773,"HECPERN-AS-PK - PERN AS Content Servie Provider, Islamabad, Pakistan, PK",PK,
112.124.37.132,ip,ssh-post-auth,high,90,active,2026-10-02,2026-10-02,8,37963,"ALIBABA-CN-NET - Hangzhou Alibaba Advertising Co.,Ltd., CN",CN,
112.196.54.182,ip,ssh-post-auth,high,90,active,2026-09-23,2026-09-23,8,17917,"QTLTELECOM-AS-AP - Quadrant Televentures Limited, IN",IN,
113.142.217.99,ip,ssh-post-auth,high,90,active,2026-09-23,2026-09-23,8,134768,"CHINANET-SHAANXI-CLOUD-BASE - CHINANET SHAANXI province Cloud Base network, CN",CN,
113.95.147.88,ip,ssh-post-auth,high,90,active,2026-09-23,2026-09-23,8,4134,"CHINANET-BACKBONE - No.31,Jin-rong Street, CN",CN,
114.34.106.146,ip,ssh-post-auth,high,90,active,2026-10-08,2026-10-08,8,3462,"HINET - Data Communication Business Group, TW",TW,
115.142.211.242,ip,ssh-post-auth,high,90,active,2026-09-12,2026-09-16,8,17858,"POWERVIS-AS-KR-KR - LG POWERCOMM, KR",KR,
115.190.192.114,ip,ssh-post-auth,high,90,active,2026-09-27,2026-10-08,8,137718,"VOLCANO-ENGINE - Beijing Volcano Engine Technology Co., Ltd., CN",CN,
115.79.192.73,ip,ssh-post-auth,high,90,active,2026-10-07,2026-10-07,8,7552,"VIETEL-AS-AP - Viettel Group, VN",VN,
117.220.10.166,ip,ssh-post-auth,high,90,active,2026-09-23,2026-09-23,8,9829,"BSNL-NIB - National Internet Backbone, IN",IN,
119.15.169.38,ip,ssh-post-auth,high,90,active,2026-09-27,2026-09-27,8,24173,"NETNAM-AS-AP - Netnam Company, VN",VN,
120.48.192.124,ip,ssh-post-auth,high,90,active,2026-09-22,2026-09-22,8,38365,"Baidu - Beijing Baidu Netcom Science and Technology Co., Ltd., CN",CN,
121.52.157.109,ip,ssh-post-auth,high,90,active,2026-09-23,2026-09-23,8,45773,"HECPERN-AS-PK - PERN AS Content Servie Provider, Islamabad, Pakistan, PK",PK,
122.189.208.91,ip,ssh-post-auth,high,90,active,2026-09-23,2026-09-23,8,4837,"CHINA169-Backbone - CHINA UNICOM China169 Backbone, CN",CN,
123.129.245.170,ip,ssh-post-auth,high,90,active,2026-10-03,2026-10-03,8,4837,"CHINA169-Backbone - CHINA UNICOM China169 Backbone, CN",CN,
124.223.86.231,ip,ssh-post-auth,high,90,active,2026-09-23,2026-09-23,8,45090,"TENCENT-NET-AP - Shenzhen Tencent Computer Systems Company Limited, CN",CN,
124.70.20.141,ip,ssh-post-auth,high,90,active,2026-09-23,2026-09-23,8,55990,"HWCSNET - Huawei Cloud Service data center, CN",CN,
125.209.88.139,ip,ssh-post-auth,high,90,active,2026-09-23,2026-09-23,8,9260,"MULTINET-AS-AP - Multinet Pakistan Pvt. Ltd., PK",PK,
125.222.146.34,ip,ssh-post-auth,high,90,active,2026-09-23,2026-09-23,8,4538,"ERX-CERNET-BKB - China Education and Research Network Center, CN",CN,
128.1.211.110,ip,ssh-post-auth,high,90,active,2026-09-23,2026-09-23,8,21859,"ZEN-ECN - Zenlayer Inc, US",US,
128.14.236.30,ip,ssh-probe,low,20,expired,2026-10-01,2026-10-01,8,135377,"UCLOUD-HK-AS-AP - UCLOUD INFORMATION TECHNOLOGY (HK) LIMITED, HK",US,
129.121.135.214,ip,ssh-post-auth,high,90,active,2026-10-08,2026-10-08,8,31898,"ORACLE-BMC-31898 - Oracle Corporation, US",US,
129.121.139.111,ip,ssh-post-auth,high,90,active,2026-09-27,2026-09-27,8,31898,"ORACLE-BMC-31898 - Oracle Corporation, US",US,
129.121.143.84,ip,ssh-post-auth,high,90,active,2026-10-07,2026-10-07,8,31898,"ORACLE-BMC-31898 - Oracle Corporation, US",US,
131.196.193.6,ip,ssh-post-auth,high,90,active,2026-09-23,2026-09-23,8,265759,"AS265759 - VIVE TELECOM S.A., PY",PY,
133.18.122.63,ip,ssh-post-auth,high,90,active,2026-09-26,2026-09-26,8,24282,"KIR - KAGOYA JAPAN Inc., JP",JP,
135.235.167.160,ip,ssh-post-auth,high,90,active,2026-09-23,2026-09-23,8,8075,"MICROSOFT-CORP-MSN-AS-BLOCK - Microsoft Corporation, US",GB,
135.235.179.75,ip,ssh-post-auth,high,90,active,2026-09-23,2026-09-23,8,8075,"MICROSOFT-CORP-MSN-AS-BLOCK - Microsoft Corporation, US",GB,
139.199.228.135,ip,ssh-post-auth,high,90,active,2026-09-23,2026-09-23,8,45090,"TENCENT-NET-AP - Shenzhen Tencent Computer Systems Company Limited, CN",CN,
141.95.162.162,ip,ssh-post-auth,high,90,active,2026-10-07,2026-10-07,8,16276,"OVH - OVH SAS, FR",FR,
144.31.146.233,ip,ssh-post-auth,high,90,active,2026-10-07,2026-10-07,8,134926,"MICROHOST-AS - Micro Hosting Private Limited, IN",US,
146.56.224.104,ip,ssh-post-auth,high,90,active,2026-09-23,2026-09-23,8,45090,"TENCENT-NET-AP - Shenzhen Tencent Computer Systems Company Limited, CN",CN,
147.202.83.22,ip,ssh-post-auth,high,90,active,2026-09-23,2026-09-23,8,18982,"US-SIGNAL-CO01 - US Signal Company, L.L.C., US",US,
150.136.104.48,ip,ssh-post-auth,high,90,active,2026-10-07,2026-10-07,8,31898,"ORACLE-BMC-31898 - Oracle Corporation, US",US,
151.242.147.69,ip,ssh-post-auth,high,90,active,2026-09-23,2026-09-23,8,208226,"OUIHEBERG - Ouiheberg SARL, FR",AE,
152.32.220.188,ip,ssh-post-auth,high,90,active,2026-10-10,2026-10-10,8,135377,"UCLOUD-HK-AS-AP - UCLOUD INFORMATION TECHNOLOGY (HK) LIMITED, HK",HK,
152.32.254.222,ip,ssh-post-auth,high,90,active,2026-10-08,2026-10-08,8,135377,"UCLOUD-HK-AS-AP - UCLOUD INFORMATION TECHNOLOGY (HK) LIMITED, HK",HK,
154.85.43.69,ip,ssh-post-auth,high,90,active,2026-09-23,2026-09-23,8,55967,"Baidu - Beijing Baidu Netcom Science and Technology Co., Ltd., CN",SC,
155.248.243.122,ip,ssh-post-auth,high,90,active,2026-09-23,2026-09-23,8,31898,"ORACLE-BMC-31898 - Oracle Corporation, US",US,
156.232.13.246,ip,ssh-post-auth,high,90,active,2026-10-08,2026-10-08,8,138152,"YISUCLOUDLTD-HK - YISU CLOUD LTD, HK",SC,
156.236.66.15,ip,ssh-post-auth,high,90,active,2026-10-07,2026-10-07,8,142403,"YISUCLOUDLTD-HK - YISU CLOUD LTD, HK",SC,
156.240.1.168,ip,ssh-post-auth,high,90,active,2026-09-23,2026-09-23,8,139646,"HONG7-AS-AP - HONG KONG LIGHTLAYER TECHNOLOGY CO., LIMITED, HK",SC,
157.173.117.37,ip,ssh-post-auth,high,90,active,2026-10-08,2026-10-08,8,51167,"CONTABO - Contabo GmbH, DE",DE,
159.112.138.47,ip,ssh-post-auth,high,90,active,2026-09-27,2026-09-27,8,31898,"ORACLE-BMC-31898 - Oracle Corporation, US",US,
160.251.202.248,ip,ssh-post-auth,high,90,active,2026-09-27,2026-09-27,8,58791,"GMO-I-R2 - GMO Internet, Inc., JP",JP,
161.118.183.106,ip,ssh-post-auth,high,90,active,2026-09-23,2026-09-23,8,31898,"ORACLE-BMC-31898 - Oracle Corporation, US",IN,
163.7.4.169,ip,ssh-post-auth,high,90,active,2026-10-08,2026-10-08,8,150436,"BYTEPLUS-AS-AP - Byteplus Pte. Ltd., SG",SG,
167.71.72.95,ip,ssh-post-auth,high,90,active,2026-10-08,2026-10-08,8,14061,"DIGITALOCEAN-ASN - DigitalOcean, LLC, US",US,
168.167.228.123,ip,ssh-post-auth,high,90,active,2026-10-07,2026-10-07,8,14988,"Botswana Telecommunications Corporation - Botswana Telecommunications Corporation, BW",BW,
171.244.143.209,ip,ssh-post-auth,high,90,active,2026-10-08,2026-10-08,8,7552,"VIETEL-AS-AP - Viettel Group, VN",VN,
172.171.240.58,ip,ssh-post-auth,high,90,active,2026-09-23,2026-09-23,8,8075,"MICROSOFT-CORP-MSN-AS-BLOCK - Microsoft Corporation, US",GB,
172.172.123.243,ip,ssh-post-auth,high,90,active,2026-09-23,2026-09-23,8,8075,"MICROSOFT-CORP-MSN-AS-BLOCK - Microsoft Corporation, US",GB,
172.172.137.59,ip,ssh-post-auth,high,90,active,2026-09-23,2026-09-23,8,8075,"MICROSOFT-CORP-MSN-AS-BLOCK - Microsoft Corporation, US",GB,
172.172.186.3,ip,ssh-post-auth,high,90,active,2026-10-07,2026-10-07,8,8075,"MICROSOFT-CORP-MSN-AS-BLOCK - Microsoft Corporation, US",GB,
172.185.24.228,ip,ssh-post-auth,high,90,active,2026-10-08,2026-10-08,8,8075,"MICROSOFT-CORP-MSN-AS-BLOCK - Microsoft Corporation, US",GB,
172.191.132.202,ip,ssh-post-auth,high,90,active,2026-09-27,2026-09-27,8,8075,"MICROSOFT-CORP-MSN-AS-BLOCK - Microsoft Corporation, US",GB,
172.191.177.80,ip,ssh-post-auth,high,90,active,2026-09-23,2026-09-23,8,8075,"MICROSOFT-CORP-MSN-AS-BLOCK - Microsoft Corporation, US",GB,
172.191.239.155,ip,ssh-post-auth,high,90,active,2026-10-07,2026-10-07,8,8075,"MICROSOFT-CORP-MSN-AS-BLOCK - Microsoft Corporation, US",GB,
172.203.249.227,ip,ssh-post-auth,high,90,active,2026-09-23,2026-09-23,8,8075,"MICROSOFT-CORP-MSN-AS-BLOCK - Microsoft Corporation, US",GB,
172.205.146.41,ip,ssh-post-auth,high,90,active,2026-09-23,2026-09-23,8,8075,"MICROSOFT-CORP-MSN-AS-BLOCK - Microsoft Corporation, US",GB,
172.208.48.177,ip,ssh-post-auth,high,90,active,2026-10-08,2026-10-08,8,8075,"MICROSOFT-CORP-MSN-AS-BLOCK - Microsoft Corporation, US",GB,
172.214.209.153,ip,ssh-post-auth,high,90,active,2026-09-27,2026-09-27,8,8075,"MICROSOFT-CORP-MSN-AS-BLOCK - Microsoft Corporation, US",GB,
172.236.228.111,ip,http-scan,low,30,active,2026-09-27,2026-10-08,8,63949,"AKAMAI-LINODE-AP - Akamai Connected Cloud, SG",US,
173.163.186.155,ip,ssh-post-auth,high,90,active,2026-09-23,2026-09-23,8,7922,"COMCAST-7922 - Comcast Cable Communications, LLC, US",US,
174.138.39.79,ip,ssh-post-auth,high,90,active,2026-09-23,2026-09-23,8,14061,"DIGITALOCEAN-ASN - DigitalOcean, LLC, US",US,
175.139.211.125,ip,ssh-post-auth,high,90,active,2026-09-23,2026-09-23,8,4788,"TTSSB-MY - TM TECHNOLOGY SERVICES SDN. BHD., MY",MY,
175.178.41.40,ip,ssh-post-auth,high,90,active,2026-09-23,2026-09-23,8,45090,"TENCENT-NET-AP - Shenzhen Tencent Computer Systems Company Limited, CN",CN,
177.10.203.106,ip,ssh-post-auth,high,90,active,2026-10-08,2026-10-08,8,263025,"AS263025 - ISPTEC Sistemas de Comunicacao Eireli, BR",BR,
180.193.205.116,ip,ssh-post-auth,high,90,active,2026-09-23,2026-09-23,8,9299,"IPG-AS-AP - Philippine Long Distance Telephone Company, PH",PH,
180.76.194.24,ip,ssh-post-auth,high,90,active,2026-09-23,2026-09-23,8,38365,"Baidu - Beijing Baidu Netcom Science and Technology Co., Ltd., CN",CN,
180.93.99.150,ip,ssh-post-auth,high,90,active,2026-10-03,2026-10-03,8,7602,"SPT-AS-VN - Sai gon Postel Corporation, VN",VN,
181.103.15.204,ip,ssh-post-auth,high,90,active,2026-09-27,2026-09-27,8,27895,"AS27895 - Nucleo S.A., PY",PY,
182.188.45.216,ip,ssh-post-auth,high,90,active,2026-09-23,2026-09-23,8,17557,"PKTELECOM-AS-PK - Pakistan Telecommunication Company Limited, PK",PK,
182.44.4.202,ip,ssh-post-auth,high,90,active,2026-10-07,2026-10-07,8,58519,"CHINATELECOM-Ctcloud - Cloud Computing Corporation, CN",CN,
182.96.95.66,ip,ssh-post-auth,high,90,active,2026-10-04,2026-10-04,8,4134,"CHINANET-BACKBONE - No.31,Jin-rong Street, CN",CN,
184.168.21.211,ip,ssh-post-auth,high,90,active,2026-09-27,2026-09-27,8,398101,"GO-DADDY-COM-LLC - GoDaddy.com, LLC, US",US,
186.68.83.105,ip,ssh-post-auth,high,90,active,2026-10-07,2026-10-07,8,14522,"AS14522 - SERVICIOS DE TELECOMUNICACIONES SETEL S.A. (XTRIM EC), EC",EC,
189.164.226.84,ip,ssh-post-auth,high,90,active,2026-10-08,2026-10-08,8,8151,"AS8151 - UNINET, MX",MX,
190.129.122.12,ip,ssh-post-auth,high,90,active,2026-09-27,2026-09-27,8,6568,"AS6568 - EMPRESA NACIONAL DE TELECOMUNICACIONES SOCIEDAD ANONIMA, BO",BO,
190.181.25.210,ip,ssh-post-auth,high,90,active,2026-10-08,2026-10-08,8,26210,"AS26210 - AXS Bolivia S. A., BO",BO,
191.54.253.47,ip,ssh-post-auth,high,90,active,2026-09-23,2026-09-23,8,53006,"AS53006 - ALGAR TELECOM S/A, BR",BR,
191.9.117.14,ip,ssh-post-auth,high,90,active,2026-09-23,2026-09-23,8,26599,"AS26599 - TELEFONICA BRASIL S.A, BR",BR,
192.42.116.102,ip,ssh-post-auth,high,90,active,2026-09-25,2026-09-25,8,215125,"Cyberology-AS - Church of Cyberology, NL",NL,
193.138.195.128,ip,http-scan,low,30,stale,2026-09-27,2026-09-27,8,201579,"HOSTGNOME-AS - HOSTGNOME LTD, GB",GB,
195.239.40.213,ip,ssh-post-auth,high,90,active,2026-10-08,2026-10-08,8,3216,"SOVAM-AS - PJSC _Vimpelcom_, RU",RU,
196.190.92.246,ip,ssh-post-auth,high,90,active,2026-09-27,2026-09-27,8,24757,"Ethio Telecom - Ethio Telecom, ET",ET,
196.196.254.2,ip,ssh-post-auth,high,90,active,2026-09-23,2026-09-23,8,58065,"PacketExchange - Orion Network Limited, GB",SC,
197.60.102.18,ip,ssh-post-auth,high,90,active,2026-09-23,2026-09-23,8,8452,"TE-AS - IDDQD-AS, EG",EG,
20.106.17.91,ip,http-scan,low,30,active,2026-10-04,2026-10-04,8,8075,"MICROSOFT-CORP-MSN-AS-BLOCK - Microsoft Corporation, US",US,
20.120.0.54,ip,ssh-post-auth,high,90,active,2026-09-23,2026-09-23,8,8075,"MICROSOFT-CORP-MSN-AS-BLOCK - Microsoft Corporation, US",US,
20.151.89.249,ip,ssh-post-auth,high,90,active,2026-09-23,2026-09-23,8,8075,"MICROSOFT-CORP-MSN-AS-BLOCK - Microsoft Corporation, US",US,
20.199.40.42,ip,ssh-post-auth,high,90,active,2026-09-23,2026-09-23,8,8075,"MICROSOFT-CORP-MSN-AS-BLOCK - Microsoft Corporation, US",US,
20.204.27.138,ip,ssh-post-auth,high,90,active,2026-09-23,2026-09-23,8,8075,"MICROSOFT-CORP-MSN-AS-BLOCK - Microsoft Corporation, US",US,
20.218.120.86,ip,ssh-post-auth,high,90,active,2026-09-23,2026-09-23,8,8075,"MICROSOFT-CORP-MSN-AS-BLOCK - Microsoft Corporation, US",US,
20.229.185.186,ip,ssh-post-auth,high,90,active,2026-10-08,2026-10-08,8,8075,"MICROSOFT-CORP-MSN-AS-BLOCK - Microsoft Corporation, US",US,
20.46.118.2,ip,ssh-post-auth,high,90,active,2026-09-23,2026-09-23,8,8075,"MICROSOFT-CORP-MSN-AS-BLOCK - Microsoft Corporation, US",US,
20.47.92.53,ip,ssh-post-auth,high,90,active,2026-09-23,2026-09-23,8,8069,"MICROSOFT-CORP-MSN-AS-BLOCK - Microsoft Corporation, US",US,
20.51.238.116,ip,ssh-probe,low,20,expired,2026-09-23,2026-09-28,8,8075,"MICROSOFT-CORP-MSN-AS-BLOCK - Microsoft Corporation, US",US,
20.55.92.25,ip,ssh-post-auth,high,90,active,2026-09-23,2026-09-23,8,8075,"MICROSOFT-CORP-MSN-AS-BLOCK - Microsoft Corporation, US",US,
20.84.52.90,ip,ssh-post-auth,high,90,active,2026-09-23,2026-09-23,8,8075,"MICROSOFT-CORP-MSN-AS-BLOCK - Microsoft Corporation, US",US,
20.86.82.226,ip,ssh-post-auth,high,90,active,2026-09-23,2026-09-23,8,8075,"MICROSOFT-CORP-MSN-AS-BLOCK - Microsoft Corporation, US",US,
20.96.179.87,ip,ssh-post-auth,high,90,active,2026-09-27,2026-09-27,8,8075,"MICROSOFT-CORP-MSN-AS-BLOCK - Microsoft Corporation, US",US,
201.149.53.243,ip,ssh-post-auth,high,90,active,2026-09-27,2026-09-27,8,14178,"AS14178 - Megacable Comunicaciones de Mexico, S.A. de C.V., MX",MX,
201.71.192.108,ip,ssh-post-auth,high,90,active,2026-10-08,2026-10-08,8,270292,"AS270292 - CONECTTE TELECOM LTDA, BR",BR,
202.145.0.61,ip,ssh-post-auth,high,90,active,2026-10-08,2026-10-08,8,17884,"UNINET-AP - PT. Uninet Media Sakti (ISP), ID",ID,
202.155.18.56,ip,http-scan,low,30,active,2026-10-04,2026-10-09,8,138115,"IDNIC-DENEVA-AS-ID - PT Deneva, ID",ID,
202.163.87.136,ip,ssh-post-auth,high,90,active,2026-09-23,2026-09-23,8,9541,"CYBERNET-AP - Cyber Internet Services (Pvt) Ltd., PK",PK,
202.29.18.84,ip,ssh-post-auth,high,90,active,2026-09-23,2026-09-23,8,131257,"SRU-AS-AP - Suratthani ratjabhat university, Thailand, TH",TH,
203.148.86.167,ip,ssh-post-auth,high,90,active,2026-10-02,2026-10-02,8,4134,"CHINANET-BACKBONE - No.31,Jin-rong Street, CN",CN,
203.156.216.10,ip,ssh-post-auth,high,90,active,2026-10-06,2026-10-06,8,4811,"CHINANET-SHANGHAI-MAN - China Telecom (Group), CN",CN,
209.42.26.168,ip,ssh-post-auth,high,90,active,2026-10-07,2026-10-07,8,209341,"WHG-FRA - WHG Hosting Services Ltd, GB",GB,
211.46.177.174,ip,ssh-post-auth,high,90,active,2026-10-07,2026-10-07,8,4766,"KIXS-AS-KR-KR - Korea Telecom, KR",KR,
212.56.213.212,ip,ssh-post-auth,high,90,active,2026-10-08,2026-10-08,8,25454,"ASN-OMD-FNO - ORANGE MOLDOVA S.A., MD",MD,
213.177.179.195,ip,ssh-probe,low,20,expired,2026-09-23,2026-09-24,8,208137,"FPS12 - Feo Prest SRL, RO",IR,
213.209.159.175,ip,http-scan,low,30,expired,2026-09-14,2026-09-15,8,208137,"FPS12 - Feo Prest SRL, RO",DE,
213.230.99.28,ip,ssh-post-auth,high,90,active,2026-09-23,2026-09-23,8,8193,"BRM-AS - _Uzbektelekom_ Joint Stock Company, UZ",UZ,
216.144.165.208,ip,ssh-post-auth,high,90,active,2026-10-03,2026-10-03,8,3737,"AS-PTD - PenTeleData Inc., US",US,
216.180.246.55,ip,ssh-probe,low,20,expired,2026-09-22,2026-09-22,8,396982,"GOOGLE-CLOUD-PLATFORM - Google LLC, US",US,
218.203.206.143,ip,ssh-post-auth,high,90,active,2026-09-23,2026-09-23,8,9808,"CHINAMOBILE-CN - China Mobile Communications Group Co., Ltd., CN",CN,
218.23.208.33,ip,ssh-post-auth,high,90,active,2026-09-23,2026-09-23,8,4134,"CHINANET-BACKBONE - No.31,Jin-rong Street, CN",CN,
218.95.39.2,ip,ssh-post-auth,high,90,active,2026-10-06,2026-10-06,8,139201,"CHINANET-Jiangxi-Jiujiang-IDC - Jiangxi Jiujiang IDC, CN",CN,
220.250.52.94,ip,ssh-post-auth,high,90,active,2026-10-08,2026-10-08,8,4837,"CHINA169-Backbone - CHINA UNICOM China169 Backbone, CN",CN,
220.94.225.229,ip,ssh-post-auth,high,90,active,2026-09-11,2026-09-11,8,4766,"KIXS-AS-KR-KR - Korea Telecom, KR",KR,
221.121.1.165,ip,ssh-post-auth,high,90,active,2026-09-23,2026-09-23,8,7602,"SPT-AS-VN - Sai gon Postel Corporation, VN",VN,
222.108.100.117,ip,ssh-post-auth,high,90,active,2026-10-08,2026-10-08,8,4766,"KIXS-AS-KR-KR - Korea Telecom, KR",KR,
222.124.177.148,ip,ssh-post-auth,high,90,active,2026-10-08,2026-10-08,8,7713,"telkomnet-as-ap - PT Telekomunikasi Indonesia, ID",ID,
223.123.92.106,ip,ssh-post-auth,high,90,active,2026-10-01,2026-10-03,8,59257,"CMPAKLIMITED-AS-AP - CMPak Limited, PK",PK,
23.29.118.81,ip,ssh-post-auth,high,90,active,2026-10-08,2026-10-08,8,29802,"HVC-AS - HIVELOCITY, Inc., US",US,
31.7.86.142,ip,ssh-post-auth,high,90,active,2026-09-23,2026-09-23,8,51020,"JAZ_Wireless - Al-Jazeera Al-Arabiya Company for Communication and Internet LTD, IQ",IQ,
34.91.0.68,ip,ssh-post-auth,high,90,active,2026-10-07,2026-10-07,8,396982,"GOOGLE-CLOUD-PLATFORM - Google LLC, US",US,
35.244.32.167,ip,ssh-post-auth,high,90,active,2026-10-08,2026-10-08,8,396982,"GOOGLE-CLOUD-PLATFORM - Google LLC, US",US,
36.134.211.153,ip,ssh-post-auth,high,90,active,2026-09-23,2026-09-23,8,9808,"CHINAMOBILE-CN - China Mobile Communications Group Co., Ltd., CN",CN,
36.137.0.112,ip,ssh-post-auth,high,90,active,2026-09-23,2026-09-23,8,9808,"CHINAMOBILE-CN - China Mobile Communications Group Co., Ltd., CN",CN,
36.139.229.71,ip,ssh-bruteforce,medium,60,stale,2026-09-11,2026-09-11,8,9808,"CHINAMOBILE-CN - China Mobile Communications Group Co., Ltd., CN",CN,
36.139.238.82,ip,ssh-post-auth,high,90,active,2026-09-23,2026-09-23,8,9808,"CHINAMOBILE-CN - China Mobile Communications Group Co., Ltd., CN",CN,
36.93.21.138,ip,ssh-post-auth,high,90,active,2026-09-23,2026-09-23,8,7713,"telkomnet-as-ap - PT Telekomunikasi Indonesia, ID",ID,
36.94.9.51,ip,ssh-post-auth,high,90,active,2026-09-23,2026-09-23,8,7713,"telkomnet-as-ap - PT Telekomunikasi Indonesia, ID",ID,
37.187.35.26,ip,ssh-post-auth,high,90,active,2026-10-07,2026-10-07,8,16276,"OVH - OVH SAS, FR",FR,
37.34.206.154,ip,ssh-post-auth,high,90,active,2026-09-23,2026-09-23,8,42961,"GPRS-AS - Mobile Telecommunications Company K.S.C.P., KW",KW,
38.253.187.70,ip,ssh-post-auth,high,90,active,2026-09-23,2026-09-23,8,265691,"AS265691 - WI-NET TELECOM S.A.C., PE",US,
39.165.188.42,ip,ssh-post-auth,high,90,active,2026-09-23,2026-09-23,8,24445,"CMNET-V4henan-AS-AP - Henan Mobile Communications Co.,Ltd, CN",CN,
39.175.51.58,ip,ssh-post-auth,high,90,active,2026-09-15,2026-09-15,8,56041,"CMNET-Zhejiang-AP - China Mobile communications corporation, CN",CN,
4.155.211.179,ip,ssh-post-auth,high,90,active,2026-09-23,2026-09-23,8,8075,"MICROSOFT-CORP-MSN-AS-BLOCK - Microsoft Corporation, US",US,
4.157.250.195,ip,ssh-post-auth,high,90,active,2026-10-08,2026-10-08,8,8075,"MICROSOFT-CORP-MSN-AS-BLOCK - Microsoft Corporation, US",US,
4.240.126.25,ip,ssh-post-auth,high,90,active,2026-09-27,2026-09-27,8,8075,"MICROSOFT-CORP-MSN-AS-BLOCK - Microsoft Corporation, US",US,
40.117.253.202,ip,ssh-post-auth,high,90,active,2026-09-23,2026-09-23,8,8075,"MICROSOFT-CORP-MSN-AS-BLOCK - Microsoft Corporation, US",US,
40.76.104.221,ip,ssh-post-auth,high,90,active,2026-09-23,2026-09-23,8,8075,"MICROSOFT-CORP-MSN-AS-BLOCK - Microsoft Corporation, US",US,
41.90.100.147,ip,ssh-post-auth,high,90,active,2026-10-07,2026-10-07,8,37061,"Safaricom Limited - Safaricom Limited, KE",KE,
42.1.65.118,ip,ssh-post-auth,high,90,active,2026-09-23,2026-09-23,8,131429,"MOBIFONE-AS-VN - MOBIFONE Corporation, VN",VN,
43.153.47.115,ip,ssh-post-auth,high,90,active,2026-10-07,2026-10-07,8,132203,"TENCENT-NET-AP-CN - Tencent Building, Kejizhongyi Avenue, CN",SG,
43.255.141.80,ip,ssh-post-auth,high,90,active,2026-09-23,2026-09-23,8,58659,"QCPL-IN - Quest Consultancy Pvt Ltd, IN",IN,
45.117.177.47,ip,ssh-post-auth,high,90,active,2026-09-27,2026-09-27,8,131353,"NHANHOA-AS-VN - NhanHoa Software company, VN",VN,
45.140.222.147,ip,http-scan,low,30,stale,2026-09-14,2026-10-02,8,202425,"INT-NETWORK - IP Volume inc, SC",US,
45.140.222.164,ip,http-scan,low,30,active,2026-09-15,2026-10-07,8,202425,"INT-NETWORK - IP Volume inc, SC",US,
45.255.125.203,ip,ssh-probe,low,20,expired,2026-09-25,2026-09-25,8,135377,"UCLOUD-HK-AS-AP - UCLOUD INFORMATION TECHNOLOGY (HK) LIMITED, HK",HK,
46.147.113.91,ip,ssh-post-auth,high,90,active,2026-10-08,2026-10-08,8,57378,"ROSTOV-AS - JSC _ER-Telecom Holding_, RU",RU,
46.253.45.10,ip,ssh-post-auth,high,90,active,2026-10-08,2026-10-08,8,206076,"ISP - Ingenieria y Suministros Profesionales, S.L., ES",ES,
46.4.188.179,ip,http-scan,low,30,stale,2026-09-30,2026-09-30,8,24940,"HETZNER-AS - Hetzner Online GmbH, DE",DE,
47.250.125.144,ip,ssh-post-auth,high,90,active,2026-10-08,2026-10-08,8,45102,"ALIBABA-CN-NET - Alibaba (US) Technology Co., Ltd., CN",US,
49.205.64.155,ip,ssh-post-auth,high,90,active,2026-09-23,2026-09-23,8,55577,"CABLELITE-AS-AP - Atria Convergence Technologies Ltd.,, IN",IN,
5.191.246.144,ip,ssh-post-auth,high,90,active,2026-09-23,2026-09-23,8,200729,"MCIT - AzInTelecom LLC, AZ",AZ,
5.253.38.54,ip,ssh-post-auth,high,90,active,2026-10-08,2026-10-08,8,7488,"CNSERVER-AP-AS - CNServer LLC, US",CY,
5.88.119.21,ip,ssh-post-auth,high,90,active,2026-10-08,2026-10-08,8,30722,"VODAFONE-IT-ASN - Fastweb SpA, IT",IT,
51.11.50.222,ip,ssh-post-auth,high,90,active,2026-09-23,2026-09-23,8,8075,"MICROSOFT-CORP-MSN-AS-BLOCK - Microsoft Corporation, US",GB,
51.77.158.34,ip,ssh-post-auth,high,90,active,2026-10-08,2026-10-08,8,16276,"OVH - OVH SAS, FR",FR,
51.79.77.114,ip,ssh-post-auth,high,90,active,2026-09-23,2026-09-23,8,16276,"OVH - OVH SAS, FR",CA,
52.146.95.177,ip,ssh-post-auth,high,90,active,2026-09-23,2026-09-23,8,8075,"MICROSOFT-CORP-MSN-AS-BLOCK - Microsoft Corporation, US",US,
52.154.74.229,ip,ssh-post-auth,high,90,active,2026-09-23,2026-09-23,8,8075,"MICROSOFT-CORP-MSN-AS-BLOCK - Microsoft Corporation, US",US,
52.184.83.166,ip,ssh-post-auth,high,90,active,2026-09-23,2026-09-23,8,8075,"MICROSOFT-CORP-MSN-AS-BLOCK - Microsoft Corporation, US",US,
52.187.9.8,ip,ssh-post-auth,high,90,active,2026-10-07,2026-10-07,8,8075,"MICROSOFT-CORP-MSN-AS-BLOCK - Microsoft Corporation, US",US,
58.186.20.101,ip,ssh-post-auth,high,90,active,2026-10-07,2026-10-07,8,18403,"FPT-VN - FPT Telecom Company, VN",VN,
59.126.224.134,ip,ssh-post-auth,high,90,active,2026-10-07,2026-10-07,8,3462,"HINET - Data Communication Business Group, TW",TW,
59.92.126.84,ip,ssh-post-auth,high,90,active,2026-09-23,2026-09-23,8,9829,"BSNL-NIB - National Internet Backbone, IN",IN,
60.204.153.231,ip,ssh-post-auth,high,90,active,2026-09-23,2026-09-23,8,55990,"HWCSNET - Huawei Cloud Service data center, CN",CN,
61.2.231.45,ip,ssh-post-auth,high,90,active,2026-09-23,2026-09-23,8,9829,"BSNL-NIB - National Internet Backbone, IN",IN,
61.220.235.10,ip,ssh-post-auth,high,90,active,2026-09-27,2026-09-27,8,3462,"HINET - Data Communication Business Group, TW",TW,
64.225.72.42,ip,ssh-post-auth,high,90,active,2026-10-08,2026-10-08,8,14061,"DIGITALOCEAN-ASN - DigitalOcean, LLC, US",US,
64.62.156.222,ip,http-scan,low,30,active,2026-09-15,2026-10-04,8,6939,"HURRICANE - Hurricane Electric LLC, US",US,
66.132.172.129,ip,http-scan,low,30,active,2026-10-07,2026-10-08,8,398324,"CENSYS-ARIN-01 - Censys, Inc., US",US,
66.132.195.115,ip,http-scan,low,30,active,2026-09-30,2026-10-04,8,398324,"CENSYS-ARIN-01 - Censys, Inc., US",US,
69.12.89.83,ip,ssh-post-auth,high,90,active,2026-10-07,2026-10-07,8,36352,"AS-COLOCROSSING - HostPapa, US",US,
74.176.205.111,ip,ssh-post-auth,high,90,active,2026-09-23,2026-09-23,8,8075,"MICROSOFT-CORP-MSN-AS-BLOCK - Microsoft Corporation, US",US,
74.225.197.154,ip,ssh-post-auth,high,90,active,2026-09-23,2026-09-23,8,8075,"MICROSOFT-CORP-MSN-AS-BLOCK - Microsoft Corporation, US",US,
74.87.117.150,ip,ssh-post-auth,high,90,active,2026-09-27,2026-09-27,8,10796,"TWC-10796-MIDWEST - Charter Communications Inc, US",US,
77.36.113.6,ip,ssh-post-auth,high,90,active,2026-10-04,2026-10-04,8,137409,"GSLNETWORKS-AS-AP - GSL Networks Pty LTD, AU",RO,
77.83.39.94,ip,http-scan,low,30,active,2026-09-28,2026-10-10,8,51396,"PFCLOUD - Pfcloud UG (haftungsbeschrankt), DE",UA,
78.109.200.147,ip,ssh-post-auth,high,90,active,2026-09-27,2026-09-27,8,25184,"AFRANET - Afranet, IR",IR,
78.109.237.210,ip,ssh-post-auth,high,90,active,2026-09-23,2026-09-23,8,50710,"EarthLink-AS - Earthlink Telecommunications Equipment Trading & Services DMCC, AE",IQ,
8.134.157.132,ip,ssh-probe,low,20,expired,2026-09-15,2026-09-29,8,37963,"ALIBABA-CN-NET - Hangzhou Alibaba Advertising Co.,Ltd., CN",SG,
80.225.194.213,ip,ssh-post-auth,high,90,active,2026-09-23,2026-09-23,8,31898,"ORACLE-BMC-31898 - Oracle Corporation, US",SE,
80.225.239.27,ip,ssh-post-auth,high,90,active,2026-09-23,2026-09-23,8,31898,"ORACLE-BMC-31898 - Oracle Corporation, US",SE,
80.250.153.82,ip,ssh-post-auth,high,90,active,2026-10-01,2026-10-01,8,1680,"NV-ASN - Cellcom Fixed Line Communication L.P, IL",IL,
81.161.239.10,ip,http-scan,low,30,expired,2026-09-14,2026-09-14,8,219474,"GRAV-AS - GravHosting LLC, US",BG,
85.198.19.100,ip,ssh-post-auth,high,90,active,2026-10-08,2026-10-08,8,60077,"AT-CLOUD - Asre Dadeha Asiatech, IR",IR,
85.198.19.241,ip,ssh-post-auth,high,90,active,2026-10-07,2026-10-07,8,60077,"AT-CLOUD - Asre Dadeha Asiatech, IR",IR,
89.219.34.204,ip,ssh-post-auth,high,90,active,2026-10-08,2026-10-08,8,48716,"PSKZ-ALA - PS Internet Company LLP, KZ",KZ,
91.127.193.10,ip,ssh-post-auth,high,90,active,2026-10-07,2026-10-07,8,6855,"SK-TELEKOM - Slovak Telekom, a.s., SK",SK,
92.4.10.201,ip,ssh-post-auth,high,90,active,2026-09-23,2026-09-23,8,54253,"ORCL-CHICAGO-PP - Oracle Corporation, US",SE,
92.4.9.163,ip,ssh-post-auth,high,90,active,2026-09-23,2026-09-23,8,54253,"ORCL-CHICAGO-PP - Oracle Corporation, US",SE,
95.128.240.48,ip,ssh-post-auth,high,90,active,2026-09-23,2026-09-23,8,48781,"AVK-COM-AS - AVK-computer ltd, RU",RU,
95.38.177.52,ip,ssh-post-auth,high,90,active,2026-10-07,2026-10-07,8,202468,"AbrArvan-AS - Noyan Abr Arvan Co. ( Private Joint Stock), IR",IR,
97.74.236.4,ip,ssh-post-auth,high,90,active,2026-10-07,2026-10-07,8,398101,"GO-DADDY-COM-LLC - GoDaddy.com, LLC, US",US,
101.36.110.162,ip,http-scan,low,30,stale,2026-10-02,2026-10-02,7,135377,"UCLOUD-HK-AS-AP - UCLOUD INFORMATION TECHNOLOGY (HK) LIMITED, HK",HK,
118.193.56.246,ip,http-scan,low,30,expired,2026-09-22,2026-09-22,7,135377,"UCLOUD-HK-AS-AP - UCLOUD INFORMATION TECHNOLOGY (HK) LIMITED, HK",HK,
138.197.177.95,ip,http-scan,low,30,stale,2026-09-29,2026-09-29,7,14061,"DIGITALOCEAN-ASN - DigitalOcean, LLC, US",US,
14.103.47.224,ip,ssh-post-auth,high,90,active,2026-09-11,2026-09-11,7,4811,"CHINANET-SHANGHAI-MAN - China Telecom (Group), CN",CN,
143.198.198.147,ip,http-scan,low,30,expired,2026-09-15,2026-09-15,7,14061,"DIGITALOCEAN-ASN - DigitalOcean, LLC, US",US,
146.190.249.72,ip,http-scan,low,30,stale,2026-09-29,2026-09-29,7,14061,"DIGITALOCEAN-ASN - DigitalOcean, LLC, US",US,
152.32.209.62,ip,http-scan,low,30,expired,2026-09-23,2026-09-23,7,135377,"UCLOUD-HK-AS-AP - UCLOUD INFORMATION TECHNOLOGY (HK) LIMITED, HK",HK,
156.225.1.36,ip,http-scan,low,30,expired,2026-09-23,2026-09-23,7,9465,"AGOTOZPTELTD-AS-AP - AGOTOZ PTE. LTD., SG",SC,
159.100.6.123,ip,http-scan,low,30,active,2026-10-07,2026-10-07,7,214036,"ULTAHOST-AS - Ultahost, Inc., US",DE,
159.65.65.69,ip,http-scan,low,30,stale,2026-10-02,2026-10-02,7,14061,"DIGITALOCEAN-ASN - DigitalOcean, LLC, US",US,
160.250.132.238,ip,http-scan,low,30,active,2026-10-09,2026-10-09,7,150895,"EZTECH-VN - EZ TECHNOLOGY COMPANY LIMITED, VN",VN,
167.71.233.141,ip,http-scan,low,30,stale,2026-09-28,2026-09-28,7,14061,"DIGITALOCEAN-ASN - DigitalOcean, LLC, US",US,
172.105.128.11,ip,http-scan,low,30,expired,2026-09-24,2026-09-25,7,63949,"AKAMAI-LINODE-AP - Akamai Connected Cloud, SG",US,
173.212.200.117,ip,http-scan,low,30,active,2026-10-08,2026-10-08,7,51167,"CONTABO - Contabo GmbH, DE",DE,
179.61.154.171,ip,ssh-post-auth,high,90,active,2026-10-05,2026-10-05,7,269070,"AS269070 - Hostzone Tecnologia LTDA, BR",AE,
180.76.243.197,ip,ssh-post-auth,high,90,active,2026-10-01,2026-10-08,7,38365,"Baidu - Beijing Baidu Netcom Science and Technology Co., Ltd., CN",CN,
185.107.80.93,ip,ssh-probe,low,20,stale,2026-09-24,2026-10-07,7,43350,"NFORCE - NForce Entertainment B.V., NL",NL,
185.242.226.17,ip,ssh-probe,low,20,stale,2026-09-14,2026-10-06,7,202425,"INT-NETWORK - IP Volume inc, SC",US,
192.155.90.69,ip,http-scan,low,30,active,2026-10-06,2026-10-06,7,63949,"AKAMAI-LINODE-AP - Akamai Connected Cloud, SG",US,
20.105.65.67,ip,ssh-post-auth,high,90,active,2026-09-26,2026-09-26,7,8075,"MICROSOFT-CORP-MSN-AS-BLOCK - Microsoft Corporation, US",US,
209.38.255.32,ip,http-scan,low,30,expired,2026-09-23,2026-09-23,7,14061,"DIGITALOCEAN-ASN - DigitalOcean, LLC, US",US,
213.66.53.148,ip,http-scan,low,30,stale,2026-09-29,2026-09-29,7,3301,"TELIANET-SWEDEN - Telia Company AB, SE",SE,
219.153.106.29,ip,ssh-malware-drop,critical,100,active,2026-09-13,2026-09-13,7,134420,"CHINATELECOM-Chongqing-IDC - Chongqing Telecom, CN",CN,
23.132.164.92,ip,http-scan,low,30,active,2026-10-07,2026-10-07,7,401626,"NETIFACE-TORONTO - Netiface America, Inc., US",US,
34.22.198.163,ip,http-scan,low,30,active,2026-10-08,2026-10-08,7,396982,"GOOGLE-CLOUD-PLATFORM - Google LLC, US",US,
34.78.84.208,ip,http-scan,low,30,stale,2026-10-03,2026-10-03,7,396982,"GOOGLE-CLOUD-PLATFORM - Google LLC, US",US,
34.79.36.93,ip,http-scan,low,30,active,2026-10-07,2026-10-07,7,396982,"GOOGLE-CLOUD-PLATFORM - Google LLC, US",US,
37.148.107.47,ip,http-scan,low,30,expired,2026-09-14,2026-09-14,7,34369,"AS-SHATELMOBILE - Aria Shatel PJSC, IR",IR,
38.148.20.75,ip,http-scan,low,30,active,2026-10-08,2026-10-08,7,397162,"SUMOFIBER-IDAHO - Sumofiber, US",US,
43.106.48.229,ip,http-scan,low,30,stale,2026-10-03,2026-10-03,7,45102,"ALIBABA-CN-NET - Alibaba (US) Technology Co., Ltd., CN",SG,
43.172.89.109,ip,http-scan,low,30,stale,2026-09-28,2026-09-28,7,132203,"TENCENT-NET-AP-CN - Tencent Building, Kejizhongyi Avenue, CN",SG,
45.33.65.239,ip,http-scan,low,30,active,2026-10-09,2026-10-09,7,63949,"AKAMAI-LINODE-AP - Akamai Connected Cloud, SG",US,
47.113.189.88,ip,ssh-post-auth,high,90,active,2026-09-27,2026-09-27,7,37963,"ALIBABA-CN-NET - Hangzhou Alibaba Advertising Co.,Ltd., CN",CN,
47.187.163.33,ip,http-scan,low,30,expired,2026-09-16,2026-09-16,7,5650,"FRONTIER-FRTR - Frontier Communications of America, Inc., US",US,
47.95.255.24,ip,ssh-probe,low,20,active,2026-09-16,2026-10-08,7,37963,"ALIBABA-CN-NET - Hangzhou Alibaba Advertising Co.,Ltd., CN",CN,
61.76.136.25,ip,ssh-post-auth,high,90,active,2026-10-08,2026-10-08,7,4766,"KIXS-AS-KR-KR - Korea Telecom, KR",KR,
65.49.1.222,ip,http-scan,low,30,stale,2026-09-23,2026-10-02,7,6939,"HURRICANE - Hurricane Electric LLC, US",US,
66.132.195.106,ip,http-scan,low,30,expired,2026-09-15,2026-09-25,7,398324,"CENSYS-ARIN-01 - Censys, Inc., US",US,
69.12.176.117,ip,http-scan,low,30,stale,2026-09-28,2026-09-28,7,7065,"SNIC - Sonic.net, LLC, US",US,
77.91.71.91,ip,ssh-post-auth,high,90,active,2026-09-15,2026-10-02,7,211486,"AAA-AS - Alferov Aleksey Aleksandrovich, RU",RU,
8.230.1.55,ip,http-scan,low,30,stale,2026-09-30,2026-09-30,7,396982,"GOOGLE-CLOUD-PLATFORM - Google LLC, US",US,
84.200.91.155,ip,http-scan,low,30,expired,2026-09-22,2026-09-22,7,214036,"ULTAHOST-AS - Ultahost, Inc., US",DE,
91.92.41.55,ip,ssh-post-auth,high,90,active,2026-09-14,2026-09-14,7,211443,"SINOWORLDWIDE - SINO WORLDWIDE TRADING LIMITED, HK",BG,
101.200.184.113,ip,ssh-probe,low,20,expired,2026-09-15,2026-09-15,6,37963,"ALIBABA-CN-NET - Hangzhou Alibaba Advertising Co.,Ltd., CN",CN,
101.36.228.201,ip,ssh-post-auth,high,90,active,2026-10-01,2026-10-01,6,23724,"CHINANET-IDC-BJ-AP - IDC, China Telecommunications Corporation, CN",CN,
102.179.205.86,ip,ssh-probe,low,20,expired,2026-09-30,2026-09-30,6,37577,"Orange Burkina Faso - Orange Burkina Faso, BF",BF,
102.244.97.185,ip,http-scan,low,30,expired,2026-09-24,2026-09-24,6,36912,"Orange Cameroun SA - Orange Cameroun SA, CM",CM,
103.160.5.123,ip,ssh-post-auth,high,90,active,2026-09-24,2026-09-24,6,140764,"CSDGROUP-AS-VN - CSD Group Technology JSC., VN",VN,
103.203.57.11,ip,ssh-probe,low,20,active,2026-09-22,2026-10-08,6,136180,"IPIP-CN - Beijing Tiantexin Tech. Co., Ltd., CN",CN,
103.227.243.217,ip,ssh-probe,low,20,stale,2026-10-03,2026-10-07,6,59278,"VNTNET-AS-ID - PT Jaringan VNT Indonesia, ID",ID,
107.155.48.46,ip,ssh-post-auth,high,90,active,2026-09-27,2026-10-01,6,135377,"UCLOUD-HK-AS-AP - UCLOUD INFORMATION TECHNOLOGY (HK) LIMITED, HK",US,
108.188.77.155,ip,http-scan,low,30,stale,2026-09-28,2026-09-28,6,33363,"BHN-33363 - Charter Communications, Inc, US",US,
111.7.172.14,ip,ssh-probe,low,20,expired,2026-09-15,2026-09-15,6,9808,"CHINAMOBILE-CN - China Mobile Communications Group Co., Ltd., CN",CN,
117.50.208.104,ip,ssh-post-auth,high,90,active,2026-09-10,2026-10-06,6,23724,"CHINANET-IDC-BJ-AP - IDC, China Telecommunications Corporation, CN",CN,
117.50.89.245,ip,ssh-post-auth,high,90,active,2026-10-03,2026-10-03,6,23724,"CHINANET-IDC-BJ-AP - IDC, China Telecommunications Corporation, CN",CN,
120.48.71.14,ip,ssh-post-auth,high,90,active,2026-09-22,2026-09-22,6,38365,"Baidu - Beijing Baidu Netcom Science and Technology Co., Ltd., CN",CN,
120.71.11.120,ip,ssh-post-auth,high,90,active,2026-09-16,2026-09-16,6,137695,"CHINATELECOM-XINJIANG-WULUMUQI-MAN - CHINATELECOM Xinjiang Wulumuqi MAN network, CN",CN,
121.6.97.6,ip,http-scan,low,30,expired,2026-09-16,2026-09-16,6,9506,"SINGTEL-FIBRE - Singtel Fibre Broadband, SG",SG,
125.247.51.6,ip,http-scan,low,30,expired,2026-09-15,2026-09-15,6,17858,"POWERVIS-AS-KR-KR - LG POWERCOMM, KR",KR,
129.121.129.101,ip,http-scan,low,30,stale,2026-09-28,2026-09-28,6,31898,"ORACLE-BMC-31898 - Oracle Corporation, US",US,
13.140.42.213,ip,http-scan,low,30,stale,2026-09-27,2026-09-27,6,40021,"CONTABO-40021 - Contabo Inc., US",DE,
130.211.109.218,ip,ssh-post-auth,high,90,active,2026-09-15,2026-09-15,6,396982,"GOOGLE-CLOUD-PLATFORM - Google LLC, US",US,
14.29.248.43,ip,ssh-bruteforce,medium,60,active,2026-09-13,2026-10-10,6,4134,"CHINANET-BACKBONE - No.31,Jin-rong Street, CN",CN,
143.110.217.244,ip,ssh-probe,low,20,expired,2026-10-02,2026-10-02,6,14061,"DIGITALOCEAN-ASN - DigitalOcean, LLC, US",US,
16.5.0.240,ip,http-scan,low,30,expired,2026-09-24,2026-09-24,6,401661,"EMBNEX-AS - EMBNEX, LLC, US",US,
161.248.239.20,ip,http-scan,low,30,expired,2026-09-14,2026-09-14,6,150895,"EZTECH-VN - EZ TECHNOLOGY COMPANY LIMITED, VN",VN,
169.58.53.194,ip,http-scan,low,30,stale,2026-09-28,2026-09-28,6,51167,"CONTABO - Contabo GmbH, DE",DE,
171.231.199.175,ip,ssh-bruteforce,medium,60,stale,2026-09-11,2026-09-11,6,7552,"VIETEL-AS-AP - Viettel Group, VN",VN,
172.236.228.193,ip,http-scan,low,30,active,2026-09-25,2026-10-07,6,63949,"AKAMAI-LINODE-AP - Akamai Connected Cloud, SG",US,
173.199.119.161,ip,http-scan,low,30,stale,2026-09-30,2026-09-30,6,20473,"AS-VULTR - The Constant Company, LLC, US",US,
173.255.233.65,ip,ssh-probe,low,20,expired,2026-09-12,2026-09-12,6,63949,"AKAMAI-LINODE-AP - Akamai Connected Cloud, SG",US,
173.41.0.144,ip,ssh-probe,low,20,expired,2026-09-28,2026-10-01,6,20115,"CHARTER-20115 - Charter Communications LLC, US",US,
180.76.112.91,ip,ssh-post-auth,high,90,active,2026-09-14,2026-09-27,6,38365,"Baidu - Beijing Baidu Netcom Science and Technology Co., Ltd., CN",CN,
184.105.247.254,ip,http-scan,low,30,expired,2026-09-23,2026-09-26,6,6939,"HURRICANE - Hurricane Electric LLC, US",US,
185.167.61.230,ip,http-scan,low,30,stale,2026-09-27,2026-09-27,6,46475,"LIMESTONENETWORKS - Limestone Networks, Inc., US",US,
185.205.211.66,ip,ssh-post-auth,high,90,active,2026-10-03,2026-10-03,6,44901,"belcloud - Belcloud LTD, BG",BG,
185.220.101.100,ip,ssh-post-auth,high,90,active,2026-09-28,2026-09-28,6,60729,"TORSERVERS-NET - Stiftung Erneuerbare Freiheit, DE",DE,
185.220.101.152,ip,ssh-post-auth,high,90,active,2026-09-25,2026-09-25,6,60729,"TORSERVERS-NET - Stiftung Erneuerbare Freiheit, DE",DE,
185.94.132.207,ip,http-scan,low,30,stale,2026-09-28,2026-09-28,6,210129,"atomonet-as - Atomo Networks SRL, IT",IT,
188.32.210.218,ip,ssh-post-auth,high,90,active,2026-09-24,2026-09-24,6,42610,"NCNET-AS - PJSC Rostelecom, RU",RU,
192.42.116.145,ip,ssh-post-auth,high,90,active,2026-10-09,2026-10-09,6,215125,"Cyberology-AS - Church of Cyberology, NL",NL,
192.42.116.21,ip,ssh-post-auth,high,90,active,2026-09-23,2026-09-23,6,215125,"Cyberology-AS - Church of Cyberology, NL",NL,
192.42.116.96,ip,ssh-post-auth,high,90,active,2026-10-02,2026-10-02,6,215125,"Cyberology-AS - Church of Cyberology, NL",NL,
192.42.116.98,ip,ssh-post-auth,high,90,active,2026-10-09,2026-10-09,6,215125,"Cyberology-AS - Church of Cyberology, NL",NL,
193.24.123.55,ip,http-scan,low,30,active,2026-10-03,2026-10-04,6,200593,"PROSPERO-AS - PROSPERO OOO, RU",RU,
193.32.204.145,ip,http-scan,low,30,stale,2026-09-28,2026-09-28,6,153622,"MADINAIT-AS-AP - Madina IT, BD",TR,
20.74.177.114,ip,ssh-post-auth,high,90,active,2026-09-12,2026-09-16,6,8075,"MICROSOFT-CORP-MSN-AS-BLOCK - Microsoft Corporation, US",US,
200.124.14.157,ip,http-scan,low,30,stale,2026-09-28,2026-09-28,6,18809,"AS18809 - Cable Onda, PA",PA,
203.55.81.2,ip,ssh-post-auth,high,90,active,2026-10-04,2026-10-04,6,213873,"OUIDO-Hosting - MOJI SAS, FR",FR,
213.209.159.154,ip,http-scan,low,30,stale,2026-09-14,2026-09-27,6,208137,"FPS12 - Feo Prest SRL, RO",DE,
216.218.206.67,ip,http-scan,low,30,stale,2026-09-27,2026-09-27,6,6939,"HURRICANE - Hurricane Electric LLC, US",US,
217.113.10.102,ip,ssh-probe,low,20,expired,2026-09-14,2026-09-28,6,50635,"SkynetTelecomLLC - Skynet Telecom LLC, AM",AM,
23.251.131.143,ip,ssh-post-auth,high,90,active,2026-10-04,2026-10-04,6,396982,"GOOGLE-CLOUD-PLATFORM - Google LLC, US",US,
31.47.193.148,ip,ssh-probe,low,20,expired,2026-09-23,2026-10-03,6,49800,"GNC-ALFA - GNC-Alfa CJSC, AM",AM,
34.14.6.137,ip,ssh-post-auth,high,90,active,2026-10-03,2026-10-03,6,396982,"GOOGLE-CLOUD-PLATFORM - Google LLC, US",US,
34.140.170.175,ip,ssh-post-auth,high,90,active,2026-10-02,2026-10-02,6,396982,"GOOGLE-CLOUD-PLATFORM - Google LLC, US",US,
34.140.23.40,ip,ssh-post-auth,high,90,active,2026-09-16,2026-09-16,6,396982,"GOOGLE-CLOUD-PLATFORM - Google LLC, US",US,
34.140.238.243,ip,ssh-post-auth,high,90,active,2026-09-28,2026-09-28,6,396982,"GOOGLE-CLOUD-PLATFORM - Google LLC, US",US,
34.140.24.228,ip,ssh-post-auth,high,90,active,2026-09-29,2026-09-29,6,396982,"GOOGLE-CLOUD-PLATFORM - Google LLC, US",US,
34.156.160.247,ip,ssh-post-auth,high,90,active,2026-10-09,2026-10-09,6,396982,"GOOGLE-CLOUD-PLATFORM - Google LLC, US",US,
34.52.242.112,ip,ssh-probe,low,20,expired,2026-09-28,2026-09-28,6,396982,"GOOGLE-CLOUD-PLATFORM - Google LLC, US",US,
34.53.254.172,ip,ssh-post-auth,high,90,active,2026-10-01,2026-10-01,6,396982,"GOOGLE-CLOUD-PLATFORM - Google LLC, US",US,
34.62.195.55,ip,ssh-post-auth,high,90,active,2026-09-24,2026-09-24,6,396982,"GOOGLE-CLOUD-PLATFORM - Google LLC, US",US,
34.62.88.186,ip,ssh-probe,low,20,expired,2026-09-10,2026-09-10,6,396982,"GOOGLE-CLOUD-PLATFORM - Google LLC, US",US,
35.195.46.229,ip,ssh-post-auth,high,90,active,2026-09-30,2026-09-30,6,396982,"GOOGLE-CLOUD-PLATFORM - Google LLC, US",US,
35.195.92.254,ip,ssh-post-auth,high,90,active,2026-10-06,2026-10-06,6,396982,"GOOGLE-CLOUD-PLATFORM - Google LLC, US",US,
36.163.118.106,ip,ssh-probe,low,20,expired,2026-09-15,2026-09-15,6,56046,"CMNET-Jiangsu-AP - China Mobile communications corporation, CN",CN,
39.91.166.154,ip,ssh-post-auth,high,90,active,2026-10-04,2026-10-04,6,4837,"CHINA169-Backbone - CHINA UNICOM China169 Backbone, CN",CN,
4.247.152.85,ip,http-scan,low,30,stale,2026-10-03,2026-10-03,6,8075,"MICROSOFT-CORP-MSN-AS-BLOCK - Microsoft Corporation, US",US,
43.161.219.111,ip,ssh-post-auth,high,90,active,2026-09-10,2026-09-10,6,132203,"TENCENT-NET-AP-CN - Tencent Building, Kejizhongyi Avenue, CN",SG,
45.156.129.70,ip,http-scan,low,30,active,2026-10-04,2026-10-04,6,211680,"AS-BITSIGHT - NSEC - Sistemas Informaticos, S.A., PT",PT,
45.79.181.179,ip,http-scan,low,30,active,2026-10-01,2026-10-09,6,63949,"AKAMAI-LINODE-AP - Akamai Connected Cloud, SG",US,
45.91.64.7,ip,http-scan,low,30,active,2026-10-03,2026-10-07,6,214664,"Buduschee - JSC _F6_, RU",RU,
46.101.105.23,ip,ssh-probe,low,20,active,2026-10-02,2026-10-08,6,14061,"DIGITALOCEAN-ASN - DigitalOcean, LLC, US",US,
46.105.31.171,ip,ssh-post-auth,high,90,active,2026-09-27,2026-09-30,6,16276,"OVH - OVH SAS, FR",FR,
49.0.202.115,ip,http-scan,low,30,stale,2026-10-02,2026-10-02,6,136907,"HWCLOUDS-AS-AP - HUAWEI CLOUDS, HK",SG,
51.158.205.203,ip,ssh-probe,low,20,active,2026-10-10,2026-10-10,6,12876,"AS12876 - Scaleway SAS, FR",FR,
59.63.163.2,ip,ssh-probe,low,20,expired,2026-09-13,2026-09-13,6,134238,"CT-Jiangxi-IDC - CHINANET Jiangx province IDC network, CN",CN,
59.63.166.81,ip,ssh-post-auth,high,90,active,2026-09-16,2026-09-16,6,134238,"CT-Jiangxi-IDC - CHINANET Jiangx province IDC network, CN",CN,
64.190.76.2,ip,ssh-post-auth,high,90,active,2026-09-29,2026-09-29,6,214094,"OSSERVATORIO-NESSUNO - Davide Silvetti trading as _Association Osservatorio Nessuno ODV_, IT",IT,
64.62.156.66,ip,http-scan,low,30,stale,2026-09-25,2026-09-29,6,6939,"HURRICANE - Hurricane Electric LLC, US",US,
64.62.197.42,ip,ssh-probe,low,20,expired,2026-09-15,2026-10-01,6,6939,"HURRICANE - Hurricane Electric LLC, US",US,
64.89.161.172,ip,http-scan,low,30,active,2026-10-04,2026-10-04,6,403005,"BLATANTHOST - Blatant, SC",US,
65.49.1.10,ip,http-scan,low,30,active,2026-10-01,2026-10-10,6,6939,"HURRICANE - Hurricane Electric LLC, US",US,
65.49.1.142,ip,http-scan,low,30,stale,2026-09-11,2026-09-28,6,6939,"HURRICANE - Hurricane Electric LLC, US",US,
66.132.172.131,ip,http-scan,low,30,active,2026-09-29,2026-10-09,6,398324,"CENSYS-ARIN-01 - Censys, Inc., US",US,
66.132.195.116,ip,http-scan,low,30,stale,2026-09-25,2026-10-03,6,398324,"CENSYS-ARIN-01 - Censys, Inc., US",US,
66.132.195.124,ip,http-scan,low,30,active,2026-09-26,2026-10-06,6,398324,"CENSYS-ARIN-01 - Censys, Inc., US",US,
66.228.53.157,ip,http-scan,low,30,stale,2026-10-01,2026-10-03,6,63949,"AKAMAI-LINODE-AP - Akamai Connected Cloud, SG",US,
69.5.169.161,ip,http-scan,low,30,active,2026-09-27,2026-10-08,6,25369,"BANDWIDTH-AS - Hydra Communications Ltd, GB",GB,
69.5.169.172,ip,http-scan,low,30,stale,2026-09-15,2026-10-01,6,25369,"BANDWIDTH-AS - Hydra Communications Ltd, GB",GB,
77.239.124.181,ip,ssh-post-auth,high,90,active,2026-10-01,2026-10-01,6,198364,"BANATSYNC-SRL - BANATSYNC SRL, RO",US,
77.239.124.204,ip,ssh-post-auth,high,90,active,2026-10-02,2026-10-02,6,198364,"BANATSYNC-SRL - BANATSYNC SRL, RO",US,
77.239.124.31,ip,ssh-post-auth,high,90,active,2026-10-06,2026-10-06,6,198364,"BANATSYNC-SRL - BANATSYNC SRL, RO",US,
77.239.124.37,ip,ssh-post-auth,high,90,active,2026-10-06,2026-10-06,6,198364,"BANATSYNC-SRL - BANATSYNC SRL, RO",US,
77.239.124.42,ip,ssh-post-auth,high,90,active,2026-10-06,2026-10-06,6,198364,"BANATSYNC-SRL - BANATSYNC SRL, RO",US,
77.239.124.46,ip,ssh-post-auth,high,90,active,2026-10-06,2026-10-06,6,198364,"BANATSYNC-SRL - BANATSYNC SRL, RO",US,
77.239.124.68,ip,ssh-post-auth,high,90,active,2026-10-04,2026-10-04,6,198364,"BANATSYNC-SRL - BANATSYNC SRL, RO",US,
77.91.71.9,ip,http-scan,low,30,stale,2026-09-30,2026-09-30,6,211486,"AAA-AS - Alferov Aleksey Aleksandrovich, RU",RU,
8.218.179.107,ip,ssh-post-auth,high,90,active,2026-09-11,2026-09-11,6,45102,"ALIBABA-CN-NET - Alibaba (US) Technology Co., Ltd., CN",SG,
80.94.92.65,ip,http-scan,low,30,active,2026-09-28,2026-10-09,6,47890,"UNMANAGED-DEDICATED-SERVERS - UNMANAGED LTD, GB",RO,
82.156.219.80,ip,ssh-probe,low,20,expired,2026-09-23,2026-09-23,6,45090,"TENCENT-NET-AP - Shenzhen Tencent Computer Systems Company Limited, CN",CN,
84.74.163.210,ip,ssh-post-auth,high,90,active,2026-09-16,2026-09-16,6,6730,"SUNRISE - Sunrise GmbH, CH",CH,
89.203.142.96,ip,ssh-post-auth,high,90,active,2026-09-27,2026-09-27,6,25512,"CDT-AS - CD-Telematika a.s., CZ",CZ,
93.123.109.123,ip,http-scan,low,30,stale,2026-10-01,2026-10-01,6,48090,"DMZHOST - TECHOFF SRV LIMITED, GB",BG,
93.152.213.9,ip,http-scan,low,30,active,2026-10-06,2026-10-06,6,207043,"DEDIK-IO - DEDIK SERVICES LIMITED, GB",BG,
94.156.152.8,ip,ssh-post-auth,high,90,active,2026-10-04,2026-10-04,6,214209,"INTERNET-MAGNATE - Internet Magnate (Pty) Ltd, ZA",BG,
http://31.56.209.73:65161/s/amd64,url,payload-url,high,80,active,2026-10-05,2026-10-06,6,,,,
http://31.56.209.73:65161/s/kal64,url,payload-url,high,80,active,2026-10-05,2026-10-06,6,,,,
http://31.56.209.73:65161/s/kswpad,url,payload-url,high,80,active,2026-10-05,2026-10-06,6,,,,
http://45.88.91.135:35146/b/amd64,url,payload-url,high,80,active,2026-09-13,2026-10-07,6,,,,
http://45.88.91.135:35146/b/kal64,url,payload-url,high,80,active,2026-09-13,2026-10-07,6,,,,
http://45.88.91.135:35146/b/kswpad,url,payload-url,high,80,active,2026-09-13,2026-10-07,6,,,,
103.158.121.21,ip,http-scan,low,30,active,2026-10-08,2026-10-08,5,141127,"IDNIC-CDNNET-AS-ID - PT Anugerah Cimanuk Raya, ID",ID,
107.150.106.156,ip,http-scan,low,30,stale,2026-09-27,2026-09-27,5,135377,"UCLOUD-HK-AS-AP - UCLOUD INFORMATION TECHNOLOGY (HK) LIMITED, HK",US,
107.150.109.73,ip,http-scan,low,30,expired,2026-09-25,2026-09-26,5,135377,"UCLOUD-HK-AS-AP - UCLOUD INFORMATION TECHNOLOGY (HK) LIMITED, HK",US,
109.105.209.7,ip,http-scan,low,30,active,2026-10-04,2026-10-04,5,21859,"ZEN-ECN - Zenlayer Inc, US",PT,
118.194.233.182,ip,http-scan,low,30,active,2026-10-08,2026-10-08,5,135377,"UCLOUD-HK-AS-AP - UCLOUD INFORMATION TECHNOLOGY (HK) LIMITED, HK",HK,
118.26.38.251,ip,http-scan,low,30,expired,2026-09-14,2026-09-14,5,135377,"UCLOUD-HK-AS-AP - UCLOUD INFORMATION TECHNOLOGY (HK) LIMITED, HK",HK,
123.58.203.190,ip,http-scan,low,30,expired,2026-09-24,2026-09-24,5,135377,"UCLOUD-HK-AS-AP - UCLOUD INFORMATION TECHNOLOGY (HK) LIMITED, HK",HK,
150.107.38.40,ip,http-scan,low,30,stale,2026-09-30,2026-09-30,5,135377,"UCLOUD-HK-AS-AP - UCLOUD INFORMATION TECHNOLOGY (HK) LIMITED, HK",HK,
167.94.146.49,ip,http-scan,low,30,active,2026-10-02,2026-10-06,5,398705,"CENSYS-ARIN-02 - Censys, Inc., US",US,
172.105.196.91,ip,http-scan,low,30,active,2026-09-23,2026-10-08,5,63949,"AKAMAI-LINODE-AP - Akamai Connected Cloud, SG",US,
172.94.9.243,ip,http-scan,low,30,stale,2026-09-27,2026-09-27,5,213790,"LimitedNetwork-AS - Limited Network LTD, GB",US,
184.105.139.69,ip,ssh-probe,low,20,expired,2026-09-13,2026-09-30,5,6939,"HURRICANE - Hurricane Electric LLC, US",US,
184.105.247.195,ip,http-scan,low,30,active,2026-10-09,2026-10-09,5,6939,"HURRICANE - Hurricane Electric LLC, US",US,
184.105.247.252,ip,http-scan,low,30,active,2026-09-23,2026-10-04,5,6939,"HURRICANE - Hurricane Electric LLC, US",US,
185.177.72.64,ip,http-scan,low,30,expired,2026-09-25,2026-09-25,5,211590,"BUCKLOG - Bucklog SARL, FR",FR,
193.124.20.234,ip,http-scan,low,30,active,2026-09-25,2026-10-09,5,25369,"BANDWIDTH-AS - Hydra Communications Ltd, GB",GB,
193.187.110.136,ip,http-scan,low,30,stale,2026-09-25,2026-09-28,5,153947,"FASTZONEIT-AS-AP - FAST ZONE IT, BD",TR,
194.88.98.117,ip,http-scan,low,30,active,2026-09-16,2026-10-04,5,25369,"BANDWIDTH-AS - Hydra Communications Ltd, GB",GB,
194.88.98.120,ip,http-scan,low,30,active,2026-09-29,2026-10-09,5,25369,"BANDWIDTH-AS - Hydra Communications Ltd, GB",GB,
20.253.225.52,ip,http-scan,low,30,stale,2026-09-28,2026-10-02,5,8075,"MICROSOFT-CORP-MSN-AS-BLOCK - Microsoft Corporation, US",US,
205.210.31.149,ip,http-scan,low,30,stale,2026-09-12,2026-09-30,5,396982,"GOOGLE-CLOUD-PLATFORM - Google LLC, US",US,
205.210.31.252,ip,http-scan,low,30,active,2026-09-22,2026-10-09,5,396982,"GOOGLE-CLOUD-PLATFORM - Google LLC, US",US,
213.177.179.80,ip,ssh-probe,low,20,expired,2026-09-24,2026-10-01,5,208137,"FPS12 - Feo Prest SRL, RO",IR,
3.131.220.121,ip,http-scan,low,30,expired,2026-09-15,2026-09-24,5,16509,"AMAZON-02 - Amazon.com, Inc., US",US,
39.152.6.7,ip,ssh-probe,low,20,expired,2026-09-26,2026-09-26,5,56044,"CMNET-AS-Liaoning - China Mobile communications corporation, CN",CN,
4.227.154.22,ip,http-scan,low,30,active,2026-09-16,2026-10-09,5,8075,"MICROSOFT-CORP-MSN-AS-BLOCK - Microsoft Corporation, US",US,
40.119.44.142,ip,http-scan,low,30,stale,2026-09-29,2026-09-30,5,8075,"MICROSOFT-CORP-MSN-AS-BLOCK - Microsoft Corporation, US",US,
45.156.129.60,ip,http-scan,low,30,expired,2026-09-25,2026-09-25,5,211680,"AS-BITSIGHT - NSEC - Sistemas Informaticos, S.A., PT",PT,
45.156.129.75,ip,http-scan,low,30,expired,2026-09-22,2026-09-22,5,211680,"AS-BITSIGHT - NSEC - Sistemas Informaticos, S.A., PT",PT,
45.33.80.243,ip,http-scan,low,30,active,2026-10-02,2026-10-06,5,63949,"AKAMAI-LINODE-AP - Akamai Connected Cloud, SG",US,
48.217.66.50,ip,http-scan,low,30,active,2026-09-16,2026-10-07,5,8075,"MICROSOFT-CORP-MSN-AS-BLOCK - Microsoft Corporation, US",GB,
58.210.182.18,ip,ssh-probe,low,20,active,2026-09-23,2026-10-08,5,4134,"CHINANET-BACKBONE - No.31,Jin-rong Street, CN",CN,
64.62.156.122,ip,http-scan,low,30,stale,2026-09-15,2026-10-01,5,6939,"HURRICANE - Hurricane Electric LLC, US",US,
66.132.172.35,ip,http-scan,low,30,active,2026-09-15,2026-10-09,5,398324,"CENSYS-ARIN-01 - Censys, Inc., US",US,
66.132.195.105,ip,http-scan,low,30,stale,2026-09-16,2026-09-28,5,398324,"CENSYS-ARIN-01 - Censys, Inc., US",US,
66.132.195.107,ip,http-scan,low,30,expired,2026-09-23,2026-09-23,5,398324,"CENSYS-ARIN-01 - Censys, Inc., US",US,
66.132.195.110,ip,http-scan,low,30,stale,2026-09-26,2026-09-30,5,398324,"CENSYS-ARIN-01 - Censys, Inc., US",US,
66.132.195.182,ip,http-scan,low,30,active,2026-10-07,2026-10-07,5,398324,"CENSYS-ARIN-01 - Censys, Inc., US",US,
66.132.224.229,ip,http-scan,low,30,stale,2026-09-16,2026-09-27,5,398324,"CENSYS-ARIN-01 - Censys, Inc., US",US,
66.240.192.138,ip,http-scan,low,30,expired,2026-09-14,2026-09-14,5,10439,"CARINET - CariNet, Inc., US",US,
66.240.223.208,ip,http-scan,low,30,stale,2026-09-14,2026-09-28,5,10439,"CARINET - CariNet, Inc., US",US,
77.91.71.55,ip,http-scan,low,30,active,2026-10-03,2026-10-07,5,211486,"AAA-AS - Alferov Aleksey Aleksandrovich, RU",RU,
86.54.31.38,ip,http-scan,low,30,active,2026-10-06,2026-10-06,5,12989,"BlackHOST - Black HOST Ltd, CA",CA,
87.126.145.190,ip,http-scan,low,30,active,2026-10-06,2026-10-06,5,8866,"VIVACOM-AS - Vivacom Bulgaria EAD, BG",BG,
101.128.97.95,ip,ssh-probe,low,20,expired,2026-10-02,2026-10-02,4,135478,"ASN-CBNBroadband - PT. Cyberindo Aditama, ID",ID,
101.201.38.226,ip,ssh-probe,low,20,expired,2026-09-16,2026-09-16,4,37963,"ALIBABA-CN-NET - Hangzhou Alibaba Advertising Co.,Ltd., CN",CN,
101.36.114.252,ip,http-scan,low,30,expired,2026-09-15,2026-09-15,4,135377,"UCLOUD-HK-AS-AP - UCLOUD INFORMATION TECHNOLOGY (HK) LIMITED, HK",HK,
101.36.122.18,ip,ssh-probe,low,20,expired,2026-09-22,2026-09-22,4,135377,"UCLOUD-HK-AS-AP - UCLOUD INFORMATION TECHNOLOGY (HK) LIMITED, HK",HK,
102.129.82.164,ip,ssh-probe,low,20,expired,2026-09-28,2026-09-28,4,37451,"CONGO TELECOM - CONGO TELECOM, CG",CG,
102.205.193.34,ip,ssh-probe,low,20,stale,2026-10-04,2026-10-04,4,329550,"Voisip Telecommunications Limited - Voisip Telecommunications Limited, NG",NG,
102.206.92.48,ip,ssh-probe,low,20,active,2026-10-09,2026-10-09,4,329126,"IIP1 Pty Ltd - IIP1 Pty Ltd, ZA",ZA,
102.206.97.40,ip,ssh-probe,low,20,expired,2026-09-22,2026-09-22,4,329664,"AGAPETECH ENTERPRISE SOLUTION LIMITED - AGAPETECH ENTERPRISE SOLUTION LIMITED, KE",KE,
102.209.76.168,ip,ssh-probe,low,20,expired,2026-09-28,2026-09-28,4,329422,"SAFHOME FIBRE LIMITED - SAFHOME FIBRE LIMITED, KE",KE,
102.217.34.140,ip,ssh-probe,low,20,expired,2026-09-24,2026-09-24,4,37053,"RSAWEB (PTY) LTD - RSAWEB (PTY) LTD, ZA",ZA,
102.219.170.71,ip,ssh-probe,low,20,expired,2026-09-15,2026-09-15,4,328480,"Too Much Wifi - Too Much Wifi, ZA",ZA,
102.223.157.206,ip,ssh-probe,low,20,expired,2026-09-23,2026-09-23,4,329027,"Ozone aljadid for telecom and technology LLC - Ozone aljadid for telecom and technology LLC, LY",LY,
102.31.128.121,ip,ssh-probe,low,20,expired,2026-09-23,2026-09-23,4,327934,"SOCIETE NATIONALE DES TELECOMMUNICATIONS (Tunisie Telecom) - SOCIETE NATIONALE DES TELECOMMUNICATIONS (Tunisie Telecom), TN",TN,
102.64.216.86,ip,ssh-probe,low,20,expired,2026-09-25,2026-09-25,4,36924,"GVA Cote d_Ivoire SAS - GVA Cote d_Ivoire SAS, CI",TG,
102.67.203.126,ip,ssh-probe,low,20,expired,2026-09-23,2026-09-23,4,36924,"GVA Cote d_Ivoire SAS - GVA Cote d_Ivoire SAS, CI",CI,
103.110.9.241,ip,ssh-probe,low,20,expired,2026-09-24,2026-09-24,4,131717,"IDNIC-CIFO-AS-ID - PT Citra Jelajah Informatika, ID",ID,
103.116.59.89,ip,ssh-probe,low,20,expired,2026-09-24,2026-09-24,4,136480,"MMUNILINK-AS-AP - Myanmar Unilink Communication Company Limited, MM",MM,
103.135.217.120,ip,ssh-probe,low,20,expired,2026-09-15,2026-09-15,4,135405,"TMHTTWTL-AS-AP - WELINK, MM",MM,
103.136.206.218,ip,ssh-probe,low,20,expired,2026-10-01,2026-10-01,4,138694,"SYNCIT-AS-AP - SyncIT Bangladesh, BD",BD,
103.137.69.158,ip,ssh-probe,low,20,expired,2026-09-25,2026-09-25,4,137561,"WAYLINK-AS-AP - WAYLINK, PK",PK,
103.166.253.103,ip,ssh-probe,low,20,active,2026-10-09,2026-10-09,4,138346,"SAJIDTRADINGLTD-AS-AP - NETX, BD",BD,
103.186.122.107,ip,ssh-probe,low,20,expired,2026-10-01,2026-10-01,4,137424,"ISMC-AS-AP - Integral Solutions Myanmar Co.,Ltd., MM",MM,
103.248.234.136,ip,ssh-probe,low,20,expired,2026-09-29,2026-09-29,4,45117,"INPL-IN-AP - Ishan_s Network, IN",IN,
103.251.8.54,ip,ssh-probe,low,20,expired,2026-09-24,2026-09-24,4,141082,"IDNIC-TRIKANET-AS-ID - PT Trika Global Media, ID",ID,
103.58.75.123,ip,ssh-probe,low,20,expired,2026-09-24,2026-09-24,4,134204,"BUSINESSNETWORK-AS-AP - Business Network, BD",BD,
104.205.102.98,ip,ssh-probe,low,20,expired,2026-09-15,2026-09-15,4,852,"ASN852 - TELUS Communications Inc., CA",CA,
104.214.173.41,ip,ssh-post-auth,high,90,active,2026-10-08,2026-10-08,4,8075,"MICROSOFT-CORP-MSN-AS-BLOCK - Microsoft Corporation, US",US,
105.100.214.69,ip,ssh-probe,low,20,expired,2026-10-02,2026-10-02,4,36947,"Telecom Algeria - Telecom Algeria, DZ",DZ,
106.15.238.36,ip,ssh-probe,low,20,active,2026-09-12,2026-10-08,4,37963,"ALIBABA-CN-NET - Hangzhou Alibaba Advertising Co.,Ltd., CN",CN,
107.150.110.121,ip,http-scan,low,30,expired,2026-09-26,2026-09-26,4,135377,"UCLOUD-HK-AS-AP - UCLOUD INFORMATION TECHNOLOGY (HK) LIMITED, HK",US,
108.187.15.74,ip,ssh-post-auth,high,90,active,2026-09-28,2026-09-28,4,138995,"ANTBOX1-AS-AP - Antbox Networks Limited, HK",US,
108.215.119.173,ip,ssh-probe,low,20,expired,2026-09-29,2026-09-29,4,7018,"ATT-INTERNET4 - AT&T Enterprises, LLC, US",US,
108.225.178.38,ip,ssh-probe,low,20,expired,2026-10-02,2026-10-02,4,7018,"ATT-INTERNET4 - AT&T Enterprises, LLC, US",US,
109.210.132.119,ip,ssh-probe,low,20,stale,2026-10-04,2026-10-04,4,3215,"AS3215 - Orange S.A., FR",FR,
109.87.80.48,ip,ssh-probe,low,20,expired,2026-09-30,2026-09-30,4,13188,"TRIOLAN - CONTENT DELIVERY NETWORK LTD, UA",UA,
111.228.61.51,ip,ssh-post-auth,high,90,active,2026-10-03,2026-10-03,4,141679,"CHINATELECOM-IDC-BTHBD-AP - China Telecom Beijing Tianjin Hebei Big Data Industry Park Branch, CN",CN,
112.94.9.223,ip,ssh-post-auth,high,90,active,2026-09-28,2026-09-28,4,17622,"CNCGROUP-GZ - China Unicom Guangzhou network, CN",CN,
113.53.201.239,ip,ssh-probe,low,20,stale,2026-10-04,2026-10-04,4,23969,"TOT-NET - TOT Public Company Limited, TH",TH,
113.98.254.50,ip,ssh-post-auth,high,90,active,2026-09-10,2026-09-10,4,4134,"CHINANET-BACKBONE - No.31,Jin-rong Street, CN",CN,
114.10.41.201,ip,ssh-probe,low,20,expired,2026-09-23,2026-09-23,4,4761,"INDOSAT-INP-AP - INDOSAT Internet Network Provider, ID",ID,
115.190.159.225,ip,ssh-post-auth,high,90,active,2026-10-01,2026-10-01,4,137718,"VOLCANO-ENGINE - Beijing Volcano Engine Technology Co., Ltd., CN",CN,
115.190.171.250,ip,ssh-probe,low,20,expired,2026-10-03,2026-10-03,4,137718,"VOLCANO-ENGINE - Beijing Volcano Engine Technology Co., Ltd., CN",CN,
115.191.61.164,ip,ssh-probe,low,20,expired,2026-09-25,2026-09-25,4,137718,"VOLCANO-ENGINE - Beijing Volcano Engine Technology Co., Ltd., CN",CN,
116.106.146.76,ip,ssh-probe,low,20,expired,2026-09-15,2026-09-15,4,24086,"VIETTEL-AS-VN - Viettel Corporation, VN",VN,
118.145.115.134,ip,ssh-post-auth,high,90,active,2026-09-23,2026-09-23,4,137718,"VOLCANO-ENGINE - Beijing Volcano Engine Technology Co., Ltd., CN",CN,
118.193.35.202,ip,http-scan,low,30,active,2026-10-08,2026-10-08,4,135377,"UCLOUD-HK-AS-AP - UCLOUD INFORMATION TECHNOLOGY (HK) LIMITED, HK",HK,
119.12.235.142,ip,ssh-probe,low,20,expired,2026-10-01,2026-10-01,4,15704,"AS15704 - XTRA TELECOM S.A., ES",ES,
119.146.60.245,ip,ssh-bruteforce,medium,60,stale,2026-09-11,2026-09-11,4,4134,"CHINANET-BACKBONE - No.31,Jin-rong Street, CN",CN,
119.91.70.165,ip,ssh-post-auth,high,90,active,2026-10-08,2026-10-08,4,45090,"TENCENT-NET-AP - Shenzhen Tencent Computer Systems Company Limited, CN",CN,
119.97.184.93,ip,ssh-post-auth,high,90,active,2026-09-29,2026-09-29,4,138982,"CHINANET-Hubei-Jiangxia-IDC - Hubei Jiangxia IDC, CN",CN,
12.208.136.87,ip,ssh-probe,low,20,expired,2026-09-28,2026-09-28,4,7018,"ATT-INTERNET4 - AT&T Enterprises, LLC, US",US,
120.33.126.224,ip,ssh-post-auth,high,90,active,2026-09-29,2026-09-29,4,4134,"CHINANET-BACKBONE - No.31,Jin-rong Street, CN",CN,
120.48.115.126,ip,ssh-post-auth,high,90,active,2026-09-12,2026-09-12,4,38365,"Baidu - Beijing Baidu Netcom Science and Technology Co., Ltd., CN",CN,
120.48.152.13,ip,ssh-post-auth,high,90,active,2026-09-29,2026-09-29,4,38365,"Baidu - Beijing Baidu Netcom Science and Technology Co., Ltd., CN",CN,
120.48.22.91,ip,ssh-probe,low,20,stale,2026-10-06,2026-10-06,4,38365,"Baidu - Beijing Baidu Netcom Science and Technology Co., Ltd., CN",CN,
121.227.31.13,ip,ssh-probe,low,20,stale,2026-10-01,2026-10-06,4,4134,"CHINANET-BACKBONE - No.31,Jin-rong Street, CN",CN,
121.41.207.89,ip,ssh-post-auth,high,90,active,2026-09-11,2026-09-11,4,37963,"ALIBABA-CN-NET - Hangzhou Alibaba Advertising Co.,Ltd., CN",CN,
121.46.71.56,ip,ssh-probe,low,20,expired,2026-09-30,2026-09-30,4,134840,"MCCL-AS-AP - Myanmar Country Co., Ltd., MM",MM,
123.160.223.73,ip,http-scan,low,30,active,2026-10-04,2026-10-06,4,4134,"CHINANET-BACKBONE - No.31,Jin-rong Street, CN",CN,
123.58.196.49,ip,http-scan,low,30,stale,2026-10-02,2026-10-02,4,135377,"UCLOUD-HK-AS-AP - UCLOUD INFORMATION TECHNOLOGY (HK) LIMITED, HK",HK,
131.0.217.14,ip,ssh-probe,low,20,stale,2026-10-04,2026-10-04,4,28613,"AS28613 - HUGHES TELECOMUNICACOES DO BRASIL LTDA., BR",BR,
134.33.64.214,ip,ssh-probe,low,20,active,2026-10-09,2026-10-09,4,8075,"MICROSOFT-CORP-MSN-AS-BLOCK - Microsoft Corporation, US",GB,
134.33.96.189,ip,ssh-probe,low,20,expired,2026-10-03,2026-10-03,4,8075,"MICROSOFT-CORP-MSN-AS-BLOCK - Microsoft Corporation, US",GB,
136.226.253.113,ip,http-scan,low,30,stale,2026-09-29,2026-09-29,4,53813,"ZSCALER-INC - ZSCALER, INC., US",US,
138.121.104.186,ip,ssh-probe,low,20,active,2026-10-09,2026-10-09,4,263790,"AS263790 - RED POWER INTERNET SRL, AR",AR,
138.219.62.39,ip,ssh-probe,low,20,active,2026-10-09,2026-10-09,4,61508,"AS61508 - SGS VALLEVISION SRL, AR",AR,
14.103.117.86,ip,ssh-probe,low,20,expired,2026-09-28,2026-09-30,4,4811,"CHINANET-SHANGHAI-MAN - China Telecom (Group), CN",CN,
14.169.124.204,ip,ssh-probe,low,20,expired,2026-09-25,2026-09-25,4,45899,"VNPT-AS-VN - VNPT Corp, VN",VN,
14.17.59.195,ip,ssh-post-auth,high,90,active,2026-09-10,2026-09-10,4,4134,"CHINANET-BACKBONE - No.31,Jin-rong Street, CN",CN,
14.22.89.141,ip,ssh-post-auth,high,90,active,2026-10-07,2026-10-07,4,135089,"CHINANET-Guangzhou-Southbase-IDC - China Telecom, CN",CN,
140.249.196.155,ip,ssh-probe,low,20,stale,2026-10-06,2026-10-06,4,58541,"CHINATELECOM-SHANDONG-QINGDAO-IDC - Qingdao,266000, CN",CN,
143.105.123.76,ip,ssh-probe,low,20,expired,2026-09-23,2026-09-23,4,14593,"SPACEX-STARLINK - Space Exploration Technologies Corporation, US",US,
143.198.138.0,ip,ssh-probe,low,20,expired,2026-09-24,2026-09-24,4,14061,"DIGITALOCEAN-ASN - DigitalOcean, LLC, US",US,
143.202.115.248,ip,ssh-probe,low,20,expired,2026-09-25,2026-09-25,4,263604,"AS263604 - Hilton C. Bender Eireli, BR",BR,
144.124.199.167,ip,ssh-probe,low,20,expired,2026-10-03,2026-10-03,4,8193,"BRM-AS - _Uzbektelekom_ Joint Stock Company, UZ",UZ,
144.225.6.182,ip,http-scan,low,30,active,2026-10-04,2026-10-04,4,7488,"CNSERVER-AP-AS - CNServer LLC, US",US,
144.79.195.98,ip,ssh-probe,low,20,active,2026-10-09,2026-10-09,4,152025,"IDNIC-TLB-AS-ID - PT Tungkal Lintas Bersama, ID",ID,
149.107.244.51,ip,ssh-probe,low,20,expired,2026-09-29,2026-09-29,4,272066,"AS272066 - FIBRAZUL INTERNET S.R.L., AR",US,
150.107.36.82,ip,http-scan,low,30,active,2026-09-14,2026-10-09,4,135377,"UCLOUD-HK-AS-AP - UCLOUD INFORMATION TECHNOLOGY (HK) LIMITED, HK",HK,
151.0.46.159,ip,ssh-probe,low,20,active,2026-10-09,2026-10-09,4,211101,"maxlink - Nasteka Maksim Viktorovich, RU",RU,
151.0.48.142,ip,ssh-probe,low,20,expired,2026-09-15,2026-09-15,4,60246,"PG-19 - Consumer Internet Cooperative PG-19, RU",RU,
152.170.93.244,ip,ssh-probe,low,20,expired,2026-09-29,2026-09-29,4,7303,"AS7303 - Telecom Argentina S.A., AR",AR,
152.172.64.26,ip,ssh-probe,low,20,expired,2026-09-15,2026-09-15,4,7418,"AS7418 - TELEFONICA CHILE S.A., CL",CL,
152.32.142.138,ip,ssh-probe,low,20,expired,2026-09-10,2026-09-10,4,135377,"UCLOUD-HK-AS-AP - UCLOUD INFORMATION TECHNOLOGY (HK) LIMITED, HK",HK,
152.32.147.245,ip,ssh-probe,low,20,expired,2026-09-26,2026-09-26,4,135377,"UCLOUD-HK-AS-AP - UCLOUD INFORMATION TECHNOLOGY (HK) LIMITED, HK",HK,
152.32.151.39,ip,ssh-probe,low,20,active,2026-10-08,2026-10-08,4,135377,"UCLOUD-HK-AS-AP - UCLOUD INFORMATION TECHNOLOGY (HK) LIMITED, HK",HK,
152.32.227.252,ip,ssh-probe,low,20,expired,2026-09-12,2026-09-12,4,135377,"UCLOUD-HK-AS-AP - UCLOUD INFORMATION TECHNOLOGY (HK) LIMITED, HK",HK,
153.51.233.34,ip,ssh-probe,low,20,expired,2026-09-25,2026-09-25,4,264628,"AS264628 - CORPORACION FIBEX TELECOM, C.A., VE",ES,
153.67.15.111,ip,ssh-probe,low,20,stale,2026-10-06,2026-10-06,4,14593,"SPACEX-STARLINK - Space Exploration Technologies Corporation, US",US,
154.202.66.141,ip,ssh-post-auth,high,90,active,2026-10-04,2026-10-04,4,135377,"UCLOUD-HK-AS-AP - UCLOUD INFORMATION TECHNOLOGY (HK) LIMITED, HK",SC,
155.117.232.31,ip,http-scan,low,30,stale,2026-09-28,2026-09-30,4,399486,"VIRTUO - 12651980 CANADA INC., CA",US,
156.225.1.113,ip,ssh-probe,low,20,expired,2026-10-01,2026-10-01,4,9465,"AGOTOZPTELTD-AS-AP - AGOTOZ PTE. LTD., SG",SC,
16.5.0.234,ip,ssh-probe,low,20,expired,2026-09-24,2026-09-24,4,401661,"EMBNEX-AS - EMBNEX, LLC, US",US,
16.5.0.239,ip,ssh-probe,low,20,expired,2026-09-24,2026-09-24,4,401661,"EMBNEX-AS - EMBNEX, LLC, US",US,
160.178.31.246,ip,ssh-probe,low,20,expired,2026-09-15,2026-09-15,4,36903,"Office National des Postes et Telecommunications ONPT (Maroc Telecom) / IAM - Office National des Postes et Telecommunications ONPT (Maroc Telecom) / IAM, MA",MA,
161.18.148.202,ip,ssh-probe,low,20,expired,2026-09-25,2026-09-25,4,3816,"AS3816 - COLOMBIA TELECOMUNICACIONES S.A. ESP BIC, CO",CO,
161.35.225.193,ip,ssh-probe,low,20,expired,2026-10-02,2026-10-02,4,14061,"DIGITALOCEAN-ASN - DigitalOcean, LLC, US",US,
163.61.103.152,ip,ssh-post-auth,high,90,active,2026-10-02,2026-10-02,4,137552,"TTSB-AS-AP - Terabix, MY",MY,
166.186.196.152,ip,ssh-post-auth,high,90,active,2026-09-16,2026-09-16,4,20057,"ATT-MOBILITY-LLC-AS20057 - AT&T Enterprises, LLC, US",US,
168.228.151.152,ip,ssh-post-auth,high,90,active,2026-10-06,2026-10-06,4,264953,"AS264953 - INTEGRATO TELECOMUNICACOES LTDA - ME, BR",BR,
169.148.83.176,ip,ssh-probe,low,20,expired,2026-09-29,2026-09-29,4,25019,"SAUDINETSTC-AS - Saudi Telecom Company JSC, SA",SA,
170.84.173.2,ip,ssh-probe,low,20,expired,2026-09-15,2026-09-15,4,263717,"AS263717 - SOL TELECOMUNICACIONES S.A., PY",PY,
172.104.210.105,ip,ssh-probe,low,20,expired,2026-09-15,2026-10-01,4,63949,"AKAMAI-LINODE-AP - Akamai Connected Cloud, SG",US,
172.232.108.36,ip,http-scan,low,30,active,2026-09-14,2026-10-08,4,63949,"AKAMAI-LINODE-AP - Akamai Connected Cloud, SG",US,
172.56.217.142,ip,ssh-probe,low,20,expired,2026-09-16,2026-09-16,4,21928,"T-MOBILE-AS21928 - T-Mobile USA, Inc., US",US,
173.238.170.73,ip,ssh-probe,low,20,expired,2026-09-24,2026-09-24,4,7992,"COGECOWAVE - Cogeco Connexion Inc., CA",CA,
174.53.78.185,ip,ssh-probe,low,20,expired,2026-10-01,2026-10-01,4,7922,"COMCAST-7922 - Comcast Cable Communications, LLC, US",US,
176.112.111.18,ip,ssh-probe,low,20,expired,2026-09-30,2026-09-30,4,198616,"ASMEDIAKVANT - MediaKvant Ltd., RU",RU,
176.119.109.184,ip,ssh-probe,low,20,expired,2026-09-28,2026-09-28,4,6876,"TENET-AS - TENET Scientific Production Enterprise LLC, UA",UA,
176.120.110.160,ip,ssh-probe,low,20,expired,2026-09-15,2026-09-15,4,43633,"UA-GIGABIT - Gigabit-Online LLC, UA",UA,
176.183.224.22,ip,ssh-probe,low,20,expired,2026-10-01,2026-10-01,4,5410,"BOUYGTEL-ISP - Bouygues Telecom SA, FR",FR,
176.36.39.116,ip,ssh-probe,low,20,expired,2026-09-28,2026-09-28,4,39608,"LANETUA-AS - Lanet Network Ltd, UA",UA,
176.42.242.198,ip,ssh-probe,low,20,expired,2026-09-16,2026-09-16,4,34984,"TELLCOM-AS - Superonline Iletisim Hizmetleri A.S., TR",TR,
176.65.148.37,ip,ssh-probe,low,20,expired,2026-09-25,2026-09-25,4,51396,"PFCLOUD - Pfcloud UG (haftungsbeschrankt), DE",DE,
177.137.5.180,ip,ssh-probe,low,20,expired,2026-09-29,2026-09-29,4,53240,"AS53240 - Net Onze Provedor de Acesso a Internet Eireli, BR",BR,
177.81.84.78,ip,ssh-probe,low,20,expired,2026-10-02,2026-10-02,4,28573,"AS28573 - Claro NXT Telecomunicacoes Ltda, BR",BR,
178.134.234.5,ip,ssh-probe,low,20,expired,2026-09-15,2026-09-15,4,35805,"SILKNET-AS - SILKNET-AS, GE",GE,
178.151.150.47,ip,ssh-probe,low,20,expired,2026-09-24,2026-09-24,4,13188,"TRIOLAN - CONTENT DELIVERY NETWORK LTD, UA",UA,
178.172.177.150,ip,ssh-probe,low,20,stale,2026-10-06,2026-10-06,4,59860,"ASTVSATPLUS - KOIN ISP LLC, BY",BY,
179.41.162.63,ip,ssh-probe,low,20,active,2026-10-09,2026-10-09,4,22927,"AS22927 - Telefonica de Argentina, AR",AR,
179.62.86.253,ip,ssh-probe,low,20,expired,2026-10-02,2026-10-02,4,27983,"AS27983 - Red Intercable Digital S.A., AR",AR,
179.8.179.110,ip,ssh-probe,low,20,expired,2026-09-28,2026-09-28,4,7418,"AS7418 - TELEFONICA CHILE S.A., CL",CL,
180.245.96.35,ip,ssh-post-auth,high,90,active,2026-09-23,2026-09-23,4,7713,"telkomnet-as-ap - PT Telekomunikasi Indonesia, ID",ID,
180.74.80.181,ip,ssh-probe,low,20,active,2026-10-09,2026-10-09,4,4788,"TTSSB-MY - TM TECHNOLOGY SERVICES SDN. BHD., MY",MY,
180.76.52.207,ip,ssh-post-auth,high,90,active,2026-10-01,2026-10-01,4,38365,"Baidu - Beijing Baidu Netcom Science and Technology Co., Ltd., CN",CN,
181.115.119.250,ip,ssh-probe,low,20,expired,2026-09-15,2026-09-15,4,14754,"AS14754 - TELECOMUNICACIONES DE GUATEMALA, SOCIEDAD ANONIMA, GT",HN,
181.163.72.147,ip,ssh-probe,low,20,expired,2026-09-30,2026-09-30,4,7418,"AS7418 - TELEFONICA CHILE S.A., CL",CL,
181.20.198.49,ip,ssh-probe,low,20,expired,2026-09-28,2026-09-28,4,22927,"AS22927 - Telefonica de Argentina, AR",AR,
181.20.77.252,ip,ssh-probe,low,20,expired,2026-10-03,2026-10-03,4,22927,"AS22927 - Telefonica de Argentina, AR",AR,
181.209.96.106,ip,ssh-probe,low,20,expired,2026-09-28,2026-09-28,4,52361,"AS52361 - ARSAT - Empresa Argentina de Soluciones Satelitales S.A., AR",AR,
181.21.245.53,ip,ssh-probe,low,20,expired,2026-09-15,2026-09-15,4,22927,"AS22927 - Telefonica de Argentina, AR",AR,
181.229.169.34,ip,ssh-probe,low,20,expired,2026-09-23,2026-09-23,4,7303,"AS7303 - Telecom Argentina S.A., AR",AR,
181.23.37.91,ip,ssh-probe,low,20,expired,2026-09-30,2026-09-30,4,22927,"AS22927 - Telefonica de Argentina, AR",AR,
181.230.137.74,ip,ssh-probe,low,20,expired,2026-09-15,2026-09-15,4,7303,"AS7303 - Telecom Argentina S.A., AR",AR,
181.235.238.11,ip,ssh-probe,low,20,stale,2026-10-06,2026-10-06,4,3816,"AS3816 - COLOMBIA TELECOMUNICACIONES S.A. ESP BIC, CO",CO,
181.45.117.68,ip,ssh-probe,low,20,expired,2026-09-15,2026-09-15,4,27747,"AS27747 - Telecentro S.A., AR",AR,
181.46.185.198,ip,ssh-probe,low,20,stale,2026-10-06,2026-10-06,4,27747,"AS27747 - Telecentro S.A., AR",AR,
181.46.9.207,ip,ssh-probe,low,20,expired,2026-10-02,2026-10-02,4,27747,"AS27747 - Telecentro S.A., AR",AR,
181.80.6.70,ip,ssh-probe,low,20,expired,2026-09-28,2026-09-28,4,7303,"AS7303 - Telecom Argentina S.A., AR",AR,
181.90.139.3,ip,ssh-probe,low,20,expired,2026-09-28,2026-09-28,4,7303,"AS7303 - Telecom Argentina S.A., AR",AR,
181.94.57.51,ip,ssh-probe,low,20,expired,2026-09-15,2026-09-15,4,7303,"AS7303 - Telecom Argentina S.A., AR",AR,
181.99.255.237,ip,ssh-probe,low,20,expired,2026-09-29,2026-09-29,4,7303,"AS7303 - Telecom Argentina S.A., AR",AR,
182.42.93.139,ip,ssh-probe,low,20,expired,2026-10-01,2026-10-03,4,58519,"CHINATELECOM-Ctcloud - Cloud Computing Corporation, CN",CN,
182.70.255.242,ip,ssh-post-auth,high,90,active,2026-09-28,2026-09-28,4,24560,"AIRTELBROADBAND-AS-AP - Bharti Airtel Ltd., Telemedia Services, IN",IN,
183.96.250.50,ip,ssh-post-auth,high,90,active,2026-09-24,2026-09-24,4,4766,"KIXS-AS-KR-KR - Korea Telecom, KR",KR,
184.105.247.194,ip,http-scan,low,30,stale,2026-09-10,2026-10-01,4,6939,"HURRICANE - Hurricane Electric LLC, US",US,
184.105.247.196,ip,http-scan,low,30,stale,2026-10-01,2026-10-01,4,6939,"HURRICANE - Hurricane Electric LLC, US",US,
185.146.212.59,ip,ssh-probe,low,20,expired,2026-10-03,2026-10-03,4,197159,"TriNet - Trinet Ltd., RU",RU,
185.157.121.143,ip,ssh-probe,low,20,expired,2026-09-25,2026-09-25,4,50012,"BESTLINK-AS - LLC _BEST-LINK_, UA",UA,
185.157.183.92,ip,ssh-probe,low,20,expired,2026-09-23,2026-09-23,4,202672,"iNet-ASN - iNet LLC, IQ",IQ,
185.204.59.107,ip,ssh-probe,low,20,expired,2026-09-16,2026-09-16,4,43452,"TELENET-AS - TELENET KOM DOO, MK",MK,
185.225.203.84,ip,ssh-post-auth,high,90,active,2026-09-16,2026-09-16,4,216300,"AbkhazMedia-As - Closed Joint Stock Company _AbkhazMedia_, GE",AM,
185.226.196.17,ip,ssh-probe,low,20,stale,2026-10-06,2026-10-06,4,21859,"ZEN-ECN - Zenlayer Inc, US",PT,
185.247.137.209,ip,ssh-probe,low,20,expired,2026-10-02,2026-10-02,4,211298,"DRIFTNET - Driftnet Ltd, GB",GB,
185.247.137.95,ip,ssh-probe,low,20,expired,2026-09-29,2026-09-29,4,211298,"DRIFTNET - Driftnet Ltd, GB",GB,
185.39.118.137,ip,ssh-post-auth,high,90,active,2026-09-30,2026-09-30,4,30936,"RENET-COM-AS - RENET COM Ltd., RU",RU,
185.5.254.44,ip,ssh-probe,low,20,expired,2026-09-28,2026-09-28,4,6723,"UA-XAIM - _AS6723_ LIMITED LIABILITY COMPANY, UA",UA,
185.60.136.87,ip,ssh-post-auth,high,90,active,2026-09-23,2026-09-23,4,21341,"SINET-AS - Soroush Rasanheh Company Ltd, IR",IR,
185.73.23.161,ip,http-scan,low,30,active,2026-10-06,2026-10-07,4,29484,"RUB-AS - Ruhr-Universitaet Bochum, DE",DE,
186.1.185.8,ip,ssh-probe,low,20,stale,2026-10-06,2026-10-06,4,27837,"AS27837 - Dialnet de Colombia S.A. E.S.P., CO",CO,
186.122.225.163,ip,ssh-probe,low,20,stale,2026-10-06,2026-10-06,4,11664,"AS11664 - Techtel LMDS Comunicaciones Interactivas S.A., AR",AR,
186.167.83.19,ip,ssh-probe,low,20,expired,2026-10-01,2026-10-01,4,27717,"AS27717 - Corporacion Digitel C.A., VE",VE,
186.22.56.166,ip,ssh-probe,low,20,expired,2026-09-29,2026-09-29,4,27747,"AS27747 - Telecentro S.A., AR",AR,
186.61.129.132,ip,ssh-probe,low,20,active,2026-10-09,2026-10-09,4,22927,"AS22927 - Telefonica de Argentina, AR",AR,
186.68.113.229,ip,ssh-probe,low,20,expired,2026-09-28,2026-09-28,4,14522,"AS14522 - SERVICIOS DE TELECOMUNICACIONES SETEL S.A. (XTRIM EC), EC",EC,
186.79.156.80,ip,ssh-probe,low,20,expired,2026-10-03,2026-10-03,4,7418,"AS7418 - TELEFONICA CHILE S.A., CL",CL,
186.79.165.194,ip,ssh-probe,low,20,expired,2026-09-30,2026-09-30,4,7418,"AS7418 - TELEFONICA CHILE S.A., CL",CL,
187.17.228.239,ip,http-scan,low,30,stale,2026-09-14,2026-10-02,4,28267,"AS28267 - SIM INTERNET PROVEDORES DE INTERNET EIRELI., BR",BR,
188.114.195.23,ip,ssh-probe,low,20,active,2026-10-09,2026-10-09,4,6789,"CRELCOM-NET - CRELCOM LLC, RU",RU,
188.163.50.15,ip,ssh-probe,low,20,expired,2026-09-16,2026-09-16,4,15895,"KSNET-AS - _Kyivstar_ PJSC, UA",UA,
188.245.77.9,ip,http-scan,low,30,expired,2026-09-15,2026-09-15,4,24940,"HETZNER-AS - Hetzner Online GmbH, DE",DE,
189.151.235.49,ip,ssh-probe,low,20,expired,2026-09-25,2026-09-25,4,8151,"AS8151 - UNINET, MX",MX,
189.161.111.143,ip,ssh-probe,low,20,active,2026-10-09,2026-10-09,4,8151,"AS8151 - UNINET, MX",MX,
189.215.145.166,ip,ssh-probe,low,20,expired,2026-10-02,2026-10-02,4,28509,"AS28509 - Cablemas Telecomunicaciones SA de CV, MX",MX,
190.104.39.130,ip,ssh-probe,low,20,expired,2026-09-24,2026-09-24,4,52363,"AS52363 - Jumpnet Soluciones de Internet S.R.L., AR",AR,
190.107.123.94,ip,ssh-probe,low,20,expired,2026-09-30,2026-09-30,4,28015,"AS28015 - MERCO COMUNICACIONES, AR",AR,
190.109.227.221,ip,ssh-probe,low,20,expired,2026-09-28,2026-09-28,4,52495,"AS52495 - Cotel Ltda., BO",BO,
190.113.160.43,ip,ssh-probe,low,20,expired,2026-10-03,2026-10-03,4,28075,"AS28075 - ARLINK S.A., AR",AR,
190.114.116.207,ip,ssh-probe,low,20,expired,2026-09-24,2026-09-24,4,262932,"AS262932 - COMPANIA DE CIRCUITOS CERRADOS S.A., AR",AR,
190.155.130.238,ip,ssh-probe,low,20,expired,2026-09-29,2026-09-29,4,14522,"AS14522 - SERVICIOS DE TELECOMUNICACIONES SETEL S.A. (XTRIM EC), EC",EC,
190.164.244.10,ip,ssh-probe,low,20,expired,2026-09-24,2026-09-24,4,22047,"AS22047 - VTR BANDA ANCHA S.A., CL",CL,
190.174.121.36,ip,ssh-probe,low,20,stale,2026-10-04,2026-10-04,4,22927,"AS22927 - Telefonica de Argentina, AR",AR,
190.183.248.163,ip,ssh-probe,low,20,active,2026-10-09,2026-10-09,4,20207,"AS20207 - Gigared S.A., AR",AR,
190.184.222.146,ip,ssh-probe,low,20,expired,2026-09-23,2026-09-23,4,52307,"AS52307 - CORPICO LTDA, AR",AR,
190.2.221.31,ip,ssh-probe,low,20,expired,2026-10-01,2026-10-01,4,265636,"AS265636 - CoopeSantos R.L., CR",CR,
190.227.139.91,ip,ssh-probe,low,20,expired,2026-09-25,2026-09-25,4,7303,"AS7303 - Telecom Argentina S.A., AR",AR,
190.32.76.39,ip,ssh-probe,low,20,expired,2026-10-03,2026-10-03,4,11556,"AS11556 - Cable & Wireless Panama, PA",PA,
190.48.2.10,ip,ssh-probe,low,20,expired,2026-10-03,2026-10-03,4,22927,"AS22927 - Telefonica de Argentina, AR",AR,
190.50.168.209,ip,ssh-probe,low,20,expired,2026-09-23,2026-09-23,4,22927,"AS22927 - Telefonica de Argentina, AR",AR,
190.51.126.165,ip,ssh-probe,low,20,expired,2026-10-02,2026-10-02,4,22927,"AS22927 - Telefonica de Argentina, AR",AR,
190.97.245.33,ip,ssh-probe,low,20,expired,2026-10-01,2026-10-01,4,263703,"AS263703 - VIGINET C.A, VE",VE,
191.108.207.109,ip,ssh-probe,low,20,expired,2026-09-25,2026-09-25,4,3816,"AS3816 - COLOMBIA TELECOMUNICACIONES S.A. ESP BIC, CO",CO,
191.116.79.195,ip,ssh-probe,low,20,expired,2026-09-28,2026-09-28,4,22047,"AS22047 - VTR BANDA ANCHA S.A., CL",CL,
191.80.220.250,ip,ssh-probe,low,20,expired,2026-10-02,2026-10-02,4,22927,"AS22927 - Telefonica de Argentina, AR",AR,
191.92.232.197,ip,ssh-probe,low,20,expired,2026-09-30,2026-09-30,4,13489,"AS13489 - UNE EPM TELECOMUNICACIONES S.A., CO",CO,
192.253.248.108,ip,http-scan,low,30,expired,2026-09-24,2026-09-24,4,213790,"LimitedNetwork-AS - Limited Network LTD, GB",US,
193.106.185.174,ip,ssh-probe,low,20,expired,2026-09-15,2026-09-15,4,42238,"BOSPOR-AS - Bospor-Telecom LLC, RU",RU,
193.107.107.64,ip,ssh-probe,low,20,expired,2026-10-03,2026-10-03,4,211190,"QUICKNET - QUICKNET LLC, UA",UA,
193.124.20.254,ip,http-scan,low,30,active,2026-10-02,2026-10-09,4,25369,"BANDWIDTH-AS - Hydra Communications Ltd, GB",GB,
193.24.126.136,ip,ssh-probe,low,20,expired,2026-09-15,2026-09-15,4,199625,"AS_NETCOM - Netcom LLC, GE",GE,
193.27.208.218,ip,ssh-probe,low,20,expired,2026-09-16,2026-09-16,4,30886,"KOMITEX-AS - PP KOM i TEX, UA",UA,
193.33.189.55,ip,ssh-probe,low,20,expired,2026-09-16,2026-09-16,4,21228,"Vinasterisk-as - VINASTERISK, PP, UA",UA,
193.58.122.118,ip,ssh-post-auth,high,90,active,2026-10-07,2026-10-07,4,215439,"PLAY2GO-NET - PLAY2GO INTERNATIONAL LIMITED, GB",BG,
193.95.2.161,ip,ssh-post-auth,high,90,active,2026-09-23,2026-09-23,4,31245,"ATI - Agence Tunisienne Internet - ATI - Agence Tunisienne Internet, TN",TN,
194.39.227.79,ip,ssh-probe,low,20,expired,2026-10-02,2026-10-02,4,41820,"NOVI-AS - New Information Systems PP, UA",UA,
195.211.254.121,ip,ssh-probe,low,20,expired,2026-09-25,2026-09-25,4,50204,"ARHAT-AS - PE Bondar TN, UA",UA,
195.88.120.62,ip,ssh-probe,low,20,expired,2026-09-16,2026-09-16,4,48969,"PARUS-TELECOM-AS - Parus-Telecom Ltd., RU",RU,
195.96.139.184,ip,ssh-probe,low,20,expired,2026-09-16,2026-09-16,4,211298,"DRIFTNET - Driftnet Ltd, GB",GB,
195.96.139.245,ip,ssh-probe,low,20,expired,2026-09-23,2026-09-23,4,211298,"DRIFTNET - Driftnet Ltd, GB",GB,
196.189.236.67,ip,ssh-post-auth,high,90,active,2026-09-29,2026-09-29,4,24757,"Ethio Telecom - Ethio Telecom, ET",ET,
196.216.95.91,ip,ssh-probe,low,20,expired,2026-09-24,2026-09-24,4,30844,"LIQUID-AS - Liquid Telecommunications Ltd, GB",MU,
196.237.228.225,ip,ssh-probe,low,20,active,2026-10-09,2026-10-09,4,37492,"Orange Tunisie - Orange Tunisie, TN",TN,
196.74.125.184,ip,ssh-probe,low,20,expired,2026-09-22,2026-09-22,4,36903,"Office National des Postes et Telecommunications ONPT (Maroc Telecom) / IAM - Office National des Postes et Telecommunications ONPT (Maroc Telecom) / IAM, MA",MA,
197.15.251.91,ip,ssh-probe,low,20,active,2026-10-09,2026-10-09,4,37671,"3S INF - 3S INF, TN",TN,
197.219.62.243,ip,ssh-probe,low,20,expired,2026-09-29,2026-09-29,4,37342,"Movitel, SA - Movitel, SA, MZ",MZ,
198.235.24.108,ip,ssh-probe,low,20,expired,2026-09-15,2026-09-29,4,396982,"GOOGLE-CLOUD-PLATFORM - Google LLC, US",US,
198.235.24.196,ip,ssh-probe,low,20,active,2026-09-15,2026-10-09,4,396982,"GOOGLE-CLOUD-PLATFORM - Google LLC, US",US,
198.235.24.3,ip,ssh-probe,low,20,active,2026-10-03,2026-10-09,4,396982,"GOOGLE-CLOUD-PLATFORM - Google LLC, US",US,
198.235.24.9,ip,http-scan,low,30,active,2026-10-02,2026-10-07,4,396982,"GOOGLE-CLOUD-PLATFORM - Google LLC, US",US,
2.135.49.136,ip,ssh-probe,low,20,stale,2026-10-04,2026-10-04,4,9198,"KAZTELECOM-AS - JSC Kazakhtelecom, KZ",KZ,
2.27.154.56,ip,ssh-post-auth,high,90,active,2026-09-27,2026-09-27,4,218877,"GUARD - Samuel Dierich, DE",US,
2.63.234.9,ip,ssh-probe,low,20,expired,2026-09-16,2026-09-16,4,201776,"MIRANDA-AS - Miranda-Media Ltd, RU",RU,
20.106.38.247,ip,ssh-probe,low,20,expired,2026-09-25,2026-09-25,4,8075,"MICROSOFT-CORP-MSN-AS-BLOCK - Microsoft Corporation, US",US,
20.118.201.169,ip,http-scan,low,30,active,2026-09-26,2026-10-08,4,8075,"MICROSOFT-CORP-MSN-AS-BLOCK - Microsoft Corporation, US",US,
20.118.243.248,ip,ssh-probe,low,20,expired,2026-10-01,2026-10-01,4,8075,"MICROSOFT-CORP-MSN-AS-BLOCK - Microsoft Corporation, US",US,
20.201.77.247,ip,http-scan,low,30,stale,2026-09-30,2026-10-01,4,8075,"MICROSOFT-CORP-MSN-AS-BLOCK - Microsoft Corporation, US",US,
20.29.18.118,ip,ssh-probe,low,20,expired,2026-10-03,2026-10-03,4,8075,"MICROSOFT-CORP-MSN-AS-BLOCK - Microsoft Corporation, US",US,
20.29.60.170,ip,ssh-probe,low,20,expired,2026-09-24,2026-09-24,4,8075,"MICROSOFT-CORP-MSN-AS-BLOCK - Microsoft Corporation, US",US,
20.46.236.118,ip,ssh-probe,low,20,expired,2026-09-30,2026-09-30,4,8075,"MICROSOFT-CORP-MSN-AS-BLOCK - Microsoft Corporation, US",US,
20.65.179.65,ip,ssh-probe,low,20,expired,2026-09-15,2026-09-15,4,8075,"MICROSOFT-CORP-MSN-AS-BLOCK - Microsoft Corporation, US",US,
20.81.44.37,ip,ssh-probe,low,20,expired,2026-09-23,2026-09-23,4,8075,"MICROSOFT-CORP-MSN-AS-BLOCK - Microsoft Corporation, US",US,
20.84.75.121,ip,ssh-probe,low,20,stale,2026-10-06,2026-10-06,4,8075,"MICROSOFT-CORP-MSN-AS-BLOCK - Microsoft Corporation, US",US,
200.107.75.67,ip,ssh-probe,low,20,expired,2026-09-25,2026-09-25,4,271692,"AS271692 - JEFFERSON COSTA DA SILVA VIANA, BR",BR,
200.112.80.76,ip,ssh-probe,low,20,expired,2026-09-29,2026-09-29,4,7418,"AS7418 - TELEFONICA CHILE S.A., CL",CL,
200.115.223.123,ip,ssh-probe,low,20,stale,2026-10-06,2026-10-06,4,27747,"AS27747 - Telecentro S.A., AR",AR,
200.116.227.203,ip,ssh-probe,low,20,expired,2026-09-25,2026-09-25,4,13489,"AS13489 - UNE EPM TELECOMUNICACIONES S.A., CO",CO,
200.24.124.84,ip,ssh-probe,low,20,expired,2026-10-03,2026-10-03,4,64131,"AS64131 - GLOBALCONNECT SPA, CL",CL,
200.26.222.33,ip,ssh-probe,low,20,active,2026-10-09,2026-10-09,4,52233,"AS52233 - Columbus Communications Curacao NV, CW",CW,
200.8.105.134,ip,ssh-probe,low,20,expired,2026-09-29,2026-09-29,4,21826,"AS21826 - Corporacion Telemic C.A., VE",VE,
201.138.189.118,ip,ssh-probe,low,20,expired,2026-09-25,2026-09-25,4,8151,"AS8151 - UNINET, MX",MX,
201.176.223.140,ip,ssh-probe,low,20,expired,2026-09-28,2026-09-28,4,22927,"AS22927 - Telefonica de Argentina, AR",AR,
201.180.180.250,ip,ssh-probe,low,20,expired,2026-09-24,2026-09-24,4,22927,"AS22927 - Telefonica de Argentina, AR",AR,
201.209.92.185,ip,ssh-probe,low,20,expired,2026-09-16,2026-09-16,4,8048,"AS8048 - CANTV Servicios, Venezuela, VE",VE,
203.83.234.180,ip,ssh-probe,low,20,stale,2026-09-30,2026-10-04,4,141679,"CHINATELECOM-IDC-BTHBD-AP - China Telecom Beijing Tianjin Hebei Big Data Industry Park Branch, CN",CN,
205.210.31.216,ip,ssh-probe,low,20,stale,2026-09-25,2026-10-06,4,396982,"GOOGLE-CLOUD-PLATFORM - Google LLC, US",US,
206.135.72.11,ip,ssh-probe,low,20,stale,2026-10-04,2026-10-04,4,28458,"AS28458 - IENTC S DE RL DE CV, MX",US,
207.166.172.198,ip,ssh-post-auth,high,90,active,2026-10-03,2026-10-03,4,150436,"BYTEPLUS-AS-AP - Byteplus Pte. Ltd., SG",SG,
209.38.159.174,ip,ssh-probe,low,20,expired,2026-09-15,2026-09-15,4,14061,"DIGITALOCEAN-ASN - DigitalOcean, LLC, US",US,
209.38.243.203,ip,ssh-probe,low,20,expired,2026-09-29,2026-09-29,4,14061,"DIGITALOCEAN-ASN - DigitalOcean, LLC, US",US,
210.14.102.130,ip,ssh-probe,low,20,expired,2026-09-28,2026-09-28,4,58952,"FRONTIIRCOLTD-MM - Frontiir Co. Ltd, MM",MM,
213.177.179.79,ip,ssh-probe,low,20,expired,2026-09-23,2026-10-02,4,208137,"FPS12 - Feo Prest SRL, RO",IR,
213.6.218.234,ip,ssh-probe,low,20,expired,2026-10-01,2026-10-01,4,12975,"PALTEL-AS - Palestine Telecommunications Company (PALTEL), PS",PS,
216.180.246.195,ip,ssh-probe,low,20,expired,2026-10-01,2026-10-01,4,396982,"GOOGLE-CLOUD-PLATFORM - Google LLC, US",US,
216.180.246.58,ip,ssh-probe,low,20,expired,2026-09-28,2026-09-28,4,396982,"GOOGLE-CLOUD-PLATFORM - Google LLC, US",US,
217.196.163.34,ip,ssh-probe,low,20,expired,2026-09-15,2026-09-15,4,16223,"COLUMBUS-PE-TE - MAXNET TELECOM, LTD, UA",UA,
218.72.248.106,ip,ssh-probe,low,20,expired,2026-09-15,2026-09-15,4,4134,"CHINANET-BACKBONE - No.31,Jin-rong Street, CN",CN,
218.97.4.161,ip,ssh-probe,low,20,stale,2026-10-04,2026-10-04,4,10212,"CHINAENTERCOM - China Enterprise ICT Solutions Limited, CN",CN,
220.154.142.32,ip,ssh-post-auth,high,90,active,2026-10-07,2026-10-07,4,146966,"CHINANET-YANGZHOUNORTH-IDC - China Telecom, CN",CN,
222.170.175.95,ip,ssh-post-auth,high,90,active,2026-09-13,2026-09-13,4,4134,"CHINANET-BACKBONE - No.31,Jin-rong Street, CN",CN,
222.223.177.118,ip,ssh-probe,low,20,stale,2026-10-04,2026-10-04,4,4134,"CHINANET-BACKBONE - No.31,Jin-rong Street, CN",CN,
223.83.114.88,ip,ssh-probe,low,20,expired,2026-09-16,2026-09-28,4,56045,"CMNET-Jiangxi-AP - China Mobile communications corporation, CN",CN,
23.244.28.97,ip,ssh-probe,low,20,expired,2026-09-16,2026-09-16,4,11776,"ATLANTICBB-JOHNSTOWN - Breezeline, US",US,
27.0.135.12,ip,ssh-post-auth,high,90,active,2026-09-16,2026-09-16,4,58854,"kaopy - Kaopu Cloud, CN",CN,
31.166.205.197,ip,ssh-probe,low,20,expired,2026-09-15,2026-09-15,4,35819,"Mobily-AS - Etihad Etisalat, a joint stock company, SA",SA,
31.43.230.165,ip,ssh-probe,low,20,expired,2026-09-15,2026-09-15,4,43764,"SEVLUSH-AS - LLC _Electron-sevlush_, UA",UA,
32.223.142.37,ip,ssh-probe,low,20,stale,2026-10-06,2026-10-06,4,46690,"SNET-FCC - Southern New England Telephone Company and SNET America, Inc., US",US,
34.100.153.150,ip,ssh-post-auth,high,90,active,2026-10-02,2026-10-02,4,396982,"GOOGLE-CLOUD-PLATFORM - Google LLC, US",US,
34.62.244.233,ip,ssh-probe,low,20,expired,2026-09-24,2026-09-24,4,396982,"GOOGLE-CLOUD-PLATFORM - Google LLC, US",US,
35.145.145.139,ip,ssh-probe,low,20,stale,2026-10-04,2026-10-04,4,33363,"BHN-33363 - Charter Communications, Inc, US",US,
35.205.193.65,ip,ssh-probe,low,20,stale,2026-10-06,2026-10-06,4,396982,"GOOGLE-CLOUD-PLATFORM - Google LLC, US",US,
36.133.214.135,ip,ssh-probe,low,20,stale,2026-10-06,2026-10-06,4,9808,"CHINAMOBILE-CN - China Mobile Communications Group Co., Ltd., CN",CN,
36.133.45.189,ip,ssh-probe,low,20,expired,2026-09-22,2026-09-22,4,9808,"CHINAMOBILE-CN - China Mobile Communications Group Co., Ltd., CN",CN,
36.66.162.10,ip,ssh-post-auth,high,90,active,2026-09-23,2026-09-23,4,7713,"telkomnet-as-ap - PT Telekomunikasi Indonesia, ID",ID,
36.85.120.45,ip,ssh-probe,low,20,active,2026-10-09,2026-10-09,4,7713,"telkomnet-as-ap - PT Telekomunikasi Indonesia, ID",ID,
37.111.43.49,ip,ssh-probe,low,20,expired,2026-10-01,2026-10-01,4,133385,"ATOMMYANMAR-AS-AP - Atom Myanmar Limited, MM",MM,
37.214.237.110,ip,ssh-probe,low,20,expired,2026-09-30,2026-09-30,4,6697,"BELPAK-AS - Republican Unitary Telecommunication Enterprise Beltelecom, BY",BY,
37.52.140.224,ip,ssh-probe,low,20,expired,2026-09-30,2026-09-30,4,6849,"UKRTELNET - JSC _Ukrtelecom_, UA",UA,
37.53.110.34,ip,ssh-probe,low,20,expired,2026-09-28,2026-09-28,4,6849,"UKRTELNET - JSC _Ukrtelecom_, UA",UA,
37.55.125.18,ip,ssh-probe,low,20,expired,2026-09-29,2026-09-29,4,6849,"UKRTELNET - JSC _Ukrtelecom_, UA",UA,
38.156.102.29,ip,ssh-probe,low,20,expired,2026-10-03,2026-10-03,4,263793,"AS263793 - TECNET ARGENTINA S.A., AR",US,
38.159.160.237,ip,ssh-probe,low,20,expired,2026-09-24,2026-09-24,4,265634,"AS265634 - JR INTERCOM S.R.L, AR",US,
38.172.184.99,ip,ssh-probe,low,20,stale,2026-10-04,2026-10-04,4,270026,"AS270026 - RED SERVITEL, CA, VE",US,
38.60.245.127,ip,ssh-post-auth,high,90,active,2026-10-10,2026-10-10,4,154177,"LIGHT4-AS-AP - LIGHT NODE LIMITED, HK",US,
38.7.18.117,ip,ssh-probe,low,20,expired,2026-09-28,2026-09-28,4,28398,"AS28398 - INTERNET TELEFONIA Y TV DE MICHOACAN SA DE CV, MX",US,
4.236.164.36,ip,ssh-probe,low,20,stale,2026-10-04,2026-10-04,4,8075,"MICROSOFT-CORP-MSN-AS-BLOCK - Microsoft Corporation, US",US,
40.124.185.115,ip,ssh-probe,low,20,stale,2026-10-06,2026-10-06,4,8075,"MICROSOFT-CORP-MSN-AS-BLOCK - Microsoft Corporation, US",US,
41.114.218.217,ip,ssh-probe,low,20,stale,2026-10-04,2026-10-04,4,12091,"MTN SA - MTN SA, ZA",ZA,
41.138.96.154,ip,ssh-probe,low,20,expired,2026-09-23,2026-09-23,4,25543,"ONATEL (Office National des Telecommunications, PTT) - ONATEL (Office National des Telecommunications, PTT), BF",BF,
41.141.87.108,ip,ssh-probe,low,20,expired,2026-09-23,2026-09-23,4,36903,"Office National des Postes et Telecommunications ONPT (Maroc Telecom) / IAM - Office National des Postes et Telecommunications ONPT (Maroc Telecom) / IAM, MA",MA,
41.143.152.115,ip,ssh-probe,low,20,stale,2026-10-04,2026-10-04,4,36903,"Office National des Postes et Telecommunications ONPT (Maroc Telecom) / IAM - Office National des Postes et Telecommunications ONPT (Maroc Telecom) / IAM, MA",MA,
41.225.39.34,ip,ssh-probe,low,20,expired,2026-09-29,2026-09-29,4,37671,"3S INF - 3S INF, TN",TN,
41.250.49.37,ip,ssh-probe,low,20,expired,2026-10-01,2026-10-01,4,36903,"Office National des Postes et Telecommunications ONPT (Maroc Telecom) / IAM - Office National des Postes et Telecommunications ONPT (Maroc Telecom) / IAM, MA",MA,
42.116.136.25,ip,ssh-probe,low,20,expired,2026-10-01,2026-10-01,4,18403,"FPT-VN - FPT Telecom Company, VN",VN,
42.51.32.228,ip,ssh-probe,low,20,expired,2026-09-30,2026-10-03,4,56005,"Fastidc - Zhengzhou Fastidc Technology Co.,Ltd., CN",CN,
43.128.81.242,ip,ssh-post-auth,high,90,active,2026-10-02,2026-10-02,4,132203,"TENCENT-NET-AP-CN - Tencent Building, Kejizhongyi Avenue, CN",SG,
43.155.202.36,ip,ssh-post-auth,high,90,active,2026-09-22,2026-09-22,4,132203,"TENCENT-NET-AP-CN - Tencent Building, Kejizhongyi Avenue, CN",SG,
43.156.212.6,ip,ssh-probe,low,20,expired,2026-09-16,2026-10-01,4,132203,"TENCENT-NET-AP-CN - Tencent Building, Kejizhongyi Avenue, CN",SG,
45.156.128.37,ip,research-scanner,info,90,active,2026-09-15,2026-10-02,4,211680,"AS-BITSIGHT - NSEC - Sistemas Informaticos, S.A., PT",PT,
45.159.74.51,ip,ssh-probe,low,20,expired,2026-09-16,2026-09-16,4,207810,"VTelecom - _Virus Net_ LLC, AM",AM,
45.161.236.78,ip,ssh-probe,low,20,expired,2026-10-03,2026-10-03,4,61512,"AS61512 - GIG@NET SOCIEDAD ANONIMA, PY",PY,
45.165.44.159,ip,ssh-probe,low,20,active,2026-10-09,2026-10-09,4,267714,"AS267714 - DAF S. R. L., AR",AR,
45.169.52.2,ip,ssh-probe,low,20,expired,2026-09-24,2026-09-24,4,267741,"AS267741 - REDLAM S.R.L, AR",AR,
45.171.225.34,ip,ssh-probe,low,20,expired,2026-09-25,2026-09-25,4,267786,"AS267786 - UNIVERSAL VIDEO CABLE SRL, AR",AR,
45.178.55.152,ip,ssh-probe,low,20,expired,2026-09-22,2026-09-22,4,269776,"AS269776 - GLOBALWEB S.R.L., AR",AR,
45.184.152.10,ip,ssh-probe,low,20,expired,2026-10-02,2026-10-02,4,269818,"AS269818 - RUIZ SEBASTIAN ALEJANDRO(MIWIFI), AR",AR,
45.187.213.85,ip,ssh-probe,low,20,expired,2026-09-15,2026-09-15,4,269554,"AS269554 - Tres Marias Fiber Telecom, BR",BR,
45.192.109.91,ip,ssh-post-auth,high,90,active,2026-09-23,2026-09-23,4,401701,"COGNETCLOUD-2 - cognetcloud INC, US",SC,
45.225.135.21,ip,http-scan,low,30,stale,2026-10-02,2026-10-02,4,64107,"AS64107 - RACK SPHERE HOSTING S.A., PA",PA,
45.225.204.209,ip,ssh-probe,low,20,expired,2026-09-24,2026-09-24,4,265858,"AS265858 - NETDELSUR TELECOMUNICACIONES SPA, CL",CL,
45.227.253.155,ip,http-scan,low,30,stale,2026-09-26,2026-09-28,4,209272,"AS-ALVIVA - Alviva Holding Limited, SC",PA,
45.229.73.3,ip,ssh-probe,low,20,expired,2026-09-29,2026-09-29,4,266698,"AS266698 - INSITEL S.A.S., CO",CO,
45.233.200.128,ip,ssh-probe,low,20,expired,2026-10-02,2026-10-02,4,267396,"AS267396 - Rv Connect telecomunicacoes Ltda - Me., BR",BR,
45.238.146.33,ip,ssh-probe,low,20,stale,2026-10-04,2026-10-04,4,266832,"AS266832 - CONEXIONES TECNOLOGICAS Y COMUNICACION S.A.S., CO",CO,
45.238.235.2,ip,ssh-post-auth,high,90,active,2026-10-06,2026-10-06,4,268350,"AS268350 - R.R.COMUNICACAO & MULTIMIDIA EIRELI, BR",BR,
45.41.104.90,ip,ssh-probe,low,20,expired,2026-09-23,2026-09-23,4,9988,"MPT-AP - Myanma Posts and Telecommunications, MM",MM,
45.43.55.8,ip,http-scan,low,30,expired,2026-09-23,2026-09-23,4,135377,"UCLOUD-HK-AS-AP - UCLOUD INFORMATION TECHNOLOGY (HK) LIMITED, HK",US,
45.43.60.98,ip,ssh-post-auth,high,90,active,2026-10-09,2026-10-09,4,135377,"UCLOUD-HK-AS-AP - UCLOUD INFORMATION TECHNOLOGY (HK) LIMITED, HK",US,
45.55.63.128,ip,ssh-probe,low,20,stale,2026-10-06,2026-10-06,4,14061,"DIGITALOCEAN-ASN - DigitalOcean, LLC, US",US,
45.56.79.53,ip,ssh-probe,low,20,active,2026-10-04,2026-10-09,4,63949,"AKAMAI-LINODE-AP - Akamai Connected Cloud, SG",US,
45.61.200.211,ip,ssh-post-auth,high,90,active,2026-09-16,2026-09-16,4,53587,"AZT - AZURE TECHNOLOGY CO., LIMITED, US",US,
45.66.55.38,ip,ssh-probe,low,20,expired,2026-09-16,2026-09-16,4,204829,"ASONET - Onet Group Ltd., RU",CZ,
45.78.224.85,ip,ssh-post-auth,high,90,active,2026-10-02,2026-10-02,4,150436,"BYTEPLUS-AS-AP - Byteplus Pte. Ltd., SG",SG,
45.79.115.134,ip,ssh-probe,low,20,expired,2026-09-25,2026-09-29,4,63949,"AKAMAI-LINODE-AP - Akamai Connected Cloud, SG",US,
45.79.207.111,ip,ssh-probe,low,20,expired,2026-10-01,2026-10-02,4,63949,"AKAMAI-LINODE-AP - Akamai Connected Cloud, SG",US,
45.93.7.148,ip,ssh-probe,low,20,expired,2026-09-23,2026-09-23,4,58096,"Elit-TV-AS - Viter Evgeniy Vasilevich, RU",RU,
46.199.197.43,ip,ssh-probe,low,20,active,2026-10-09,2026-10-09,4,6866,"CYTA-NETWORK - Cyprus Telecommunications Authority, CY",CY,
46.20.194.30,ip,ssh-probe,low,20,expired,2026-09-25,2026-09-25,4,24722,"Babilon-AS - LLC Babilon-T, TJ",TJ,
46.201.116.130,ip,ssh-probe,low,20,expired,2026-09-23,2026-09-23,4,6849,"UKRTELNET - JSC _Ukrtelecom_, UA",UA,
46.33.232.109,ip,ssh-probe,low,20,expired,2026-09-30,2026-09-30,4,31272,"WILDPARK-AS - WildPark Co, UA",UA,
47.103.36.53,ip,ssh-probe,low,20,expired,2026-10-02,2026-10-02,4,37963,"ALIBABA-CN-NET - Hangzhou Alibaba Advertising Co.,Ltd., CN",CN,
47.162.186.19,ip,ssh-probe,low,20,expired,2026-09-13,2026-09-27,4,5650,"FRONTIER-FRTR - Frontier Communications of America, Inc., US",US,
47.186.233.127,ip,ssh-probe,low,20,expired,2026-09-29,2026-09-29,4,5650,"FRONTIER-FRTR - Frontier Communications of America, Inc., US",US,
47.215.177.44,ip,ssh-probe,low,20,expired,2026-10-02,2026-10-02,4,19108,"SUDDENLINK-COMMUNICATIONS - Optimum, US",US,
49.151.95.175,ip,ssh-probe,low,20,expired,2026-09-28,2026-09-28,4,9299,"IPG-AS-AP - Philippine Long Distance Telephone Company, PH",PH,
49.36.177.0,ip,ssh-probe,low,20,expired,2026-09-16,2026-09-16,4,55836,"RELIANCEJIO-IN - Reliance Jio Infocomm Limited, IN",IN,
49.43.143.219,ip,ssh-probe,low,20,active,2026-10-09,2026-10-09,4,55836,"RELIANCEJIO-IN - Reliance Jio Infocomm Limited, IN",IN,
5.141.161.107,ip,ssh-probe,low,20,expired,2026-09-15,2026-09-15,4,12389,"ROSTELECOM-AS - PJSC Rostelecom, RU",RU,
5.228.242.20,ip,ssh-probe,low,20,expired,2026-09-24,2026-09-24,4,42610,"NCNET-AS - PJSC Rostelecom, RU",RU,
5.255.175.50,ip,ssh-probe,low,20,stale,2026-10-04,2026-10-04,4,34700,"CITYNET-AS - MAXNET TELECOM, LTD, UA",UA,
5.58.40.183,ip,ssh-probe,low,20,expired,2026-09-23,2026-09-23,4,16223,"COLUMBUS-PE-TE - MAXNET TELECOM, LTD, UA",UA,
5.79.193.22,ip,ssh-probe,low,20,expired,2026-09-28,2026-09-28,4,8369,"INTERSVYAZ-AS - Intersvyaz-2 JSC, RU",RU,
50.5.180.16,ip,ssh-probe,low,20,expired,2026-09-24,2026-09-24,4,6181,"FUSE-NET - Cincinnati Bell Telephone Company LLC, US",US,
50.72.149.127,ip,ssh-probe,low,20,stale,2026-10-04,2026-10-04,4,6327,"SHAW - Shaw Communications, CA",CA,
51.255.43.74,ip,ssh-probe,low,20,expired,2026-09-13,2026-09-13,4,16276,"OVH - OVH SAS, FR",FR,
51.37.151.170,ip,ssh-probe,low,20,expired,2026-09-25,2026-09-25,4,15502,"Vodafone-Ireland-ASN - Vodafone Ireland Limited, IE",IE,
59.152.99.54,ip,ssh-probe,low,20,expired,2026-10-01,2026-10-01,4,63969,"RACEONLINE-BD - Race Online Limited, BD",BD,
61.240.17.66,ip,ssh-malware-drop,critical,100,active,2026-09-13,2026-09-13,4,4837,"CHINA169-Backbone - CHINA UNICOM China169 Backbone, CN",CN,
64.62.156.10,ip,http-scan,low,30,stale,2026-09-30,2026-09-30,4,6939,"HURRICANE - Hurricane Electric LLC, US",US,
64.62.156.152,ip,http-scan,low,30,stale,2026-10-03,2026-10-03,4,6939,"HURRICANE - Hurricane Electric LLC, US",US,
64.62.156.202,ip,ssh-probe,low,20,expired,2026-09-30,2026-10-02,4,6939,"HURRICANE - Hurricane Electric LLC, US",US,
64.92.3.141,ip,ssh-bruteforce,medium,60,stale,2026-09-12,2026-09-12,4,6300,"CCI-TEXAS - Fidium, US",US,
65.49.1.172,ip,http-scan,low,30,active,2026-10-06,2026-10-06,4,6939,"HURRICANE - Hurricane Electric LLC, US",US,
65.49.1.52,ip,http-scan,low,30,expired,2026-09-15,2026-09-15,4,6939,"HURRICANE - Hurricane Electric LLC, US",US,
66.128.36.218,ip,ssh-probe,low,20,expired,2026-09-16,2026-09-16,4,263236,"AS263236 - Itelsa, AR",AR,
66.132.172.209,ip,http-scan,low,30,active,2026-09-11,2026-10-08,4,398324,"CENSYS-ARIN-01 - Censys, Inc., US",US,
66.132.195.104,ip,ssh-probe,low,20,expired,2026-09-28,2026-10-03,4,398324,"CENSYS-ARIN-01 - Censys, Inc., US",US,
66.175.213.4,ip,http-scan,low,30,active,2026-10-08,2026-10-09,4,63949,"AKAMAI-LINODE-AP - Akamai Connected Cloud, SG",US,
66.190.241.45,ip,ssh-probe,low,20,active,2026-10-09,2026-10-09,4,20115,"CHARTER-20115 - Charter Communications LLC, US",US,
66.228.47.113,ip,http-scan,low,30,stale,2026-09-29,2026-09-29,4,63949,"AKAMAI-LINODE-AP - Akamai Connected Cloud, SG",US,
66.42.113.48,ip,ssh-post-auth,high,90,active,2026-09-16,2026-09-16,4,20473,"AS-VULTR - The Constant Company, LLC, US",US,
67.175.161.144,ip,ssh-probe,low,20,expired,2026-10-02,2026-10-02,4,7922,"COMCAST-7922 - Comcast Cable Communications, LLC, US",US,
67.184.220.173,ip,ssh-probe,low,20,expired,2026-09-24,2026-09-24,4,7922,"COMCAST-7922 - Comcast Cable Communications, LLC, US",US,
68.44.150.253,ip,ssh-probe,low,20,expired,2026-09-30,2026-09-30,4,7922,"COMCAST-7922 - Comcast Cable Communications, LLC, US",US,
68.62.232.201,ip,ssh-probe,low,20,expired,2026-09-16,2026-09-16,4,7922,"COMCAST-7922 - Comcast Cable Communications, LLC, US",US,
69.5.169.128,ip,http-scan,low,30,active,2026-09-28,2026-10-07,4,25369,"BANDWIDTH-AS - Hydra Communications Ltd, GB",GB,
69.5.169.137,ip,http-scan,low,30,active,2026-09-28,2026-10-08,4,25369,"BANDWIDTH-AS - Hydra Communications Ltd, GB",GB,
69.5.169.157,ip,http-scan,low,30,active,2026-09-15,2026-10-10,4,25369,"BANDWIDTH-AS - Hydra Communications Ltd, GB",GB,
69.5.169.171,ip,http-scan,low,30,stale,2026-09-16,2026-09-28,4,25369,"BANDWIDTH-AS - Hydra Communications Ltd, GB",GB,
69.5.169.194,ip,http-scan,low,30,active,2026-09-14,2026-10-08,4,25369,"BANDWIDTH-AS - Hydra Communications Ltd, GB",GB,
69.5.169.221,ip,http-scan,low,30,active,2026-09-25,2026-10-09,4,25369,"BANDWIDTH-AS - Hydra Communications Ltd, GB",GB,
69.5.169.222,ip,http-scan,low,30,stale,2026-09-15,2026-10-03,4,25369,"BANDWIDTH-AS - Hydra Communications Ltd, GB",GB,
69.5.169.226,ip,http-scan,low,30,stale,2026-09-28,2026-10-02,4,25369,"BANDWIDTH-AS - Hydra Communications Ltd, GB",GB,
70.112.190.46,ip,ssh-probe,low,20,expired,2026-09-15,2026-09-15,4,11427,"TWC-11427-TEXAS - Charter Communications Inc, US",US,
71.192.235.101,ip,ssh-probe,low,20,expired,2026-09-22,2026-09-22,4,7922,"COMCAST-7922 - Comcast Cable Communications, LLC, US",US,
71.6.146.185,ip,ssh-probe,low,20,active,2026-10-09,2026-10-09,4,10439,"CARINET - CariNet, Inc., US",US,
71.73.105.172,ip,ssh-probe,low,20,expired,2026-09-23,2026-09-23,4,10796,"TWC-10796-MIDWEST - Charter Communications Inc, US",US,
71.91.91.210,ip,ssh-probe,low,20,expired,2026-09-15,2026-09-15,4,20115,"CHARTER-20115 - Charter Communications LLC, US",US,
72.14.178.148,ip,ssh-probe,low,20,active,2026-10-01,2026-10-09,4,63949,"AKAMAI-LINODE-AP - Akamai Connected Cloud, SG",US,
72.38.45.122,ip,ssh-probe,low,20,active,2026-10-09,2026-10-09,4,7992,"COGECOWAVE - Cogeco Connexion Inc., CA",CA,
73.125.207.53,ip,ssh-probe,low,20,expired,2026-09-16,2026-09-16,4,7922,"COMCAST-7922 - Comcast Cable Communications, LLC, US",US,
73.156.23.87,ip,ssh-probe,low,20,active,2026-10-09,2026-10-09,4,7922,"COMCAST-7922 - Comcast Cable Communications, LLC, US",US,
74.101.234.42,ip,ssh-probe,low,20,active,2026-10-09,2026-10-09,4,701,"UUNET - Verizon Business, US",US,
74.210.157.155,ip,ssh-probe,low,20,expired,2026-09-29,2026-09-29,4,11290,"CC-3272 - Cogeco Connexion inc, CA",CA,
74.249.132.26,ip,ssh-probe,low,20,expired,2026-09-30,2026-09-30,4,8075,"MICROSOFT-CORP-MSN-AS-BLOCK - Microsoft Corporation, US",US,
76.131.254.61,ip,ssh-probe,low,20,expired,2026-09-29,2026-09-29,4,7922,"COMCAST-7922 - Comcast Cable Communications, LLC, US",US,
76.36.210.44,ip,ssh-probe,low,20,expired,2026-10-01,2026-10-01,4,11426,"TWC-11426-CAROLINAS - Charter Communications Inc, US",US,
76.84.217.60,ip,ssh-probe,low,20,expired,2026-09-28,2026-09-28,4,11427,"TWC-11427-TEXAS - Charter Communications Inc, US",US,
76.87.150.155,ip,ssh-probe,low,20,expired,2026-09-29,2026-09-29,4,20001,"TWC-20001-PACWEST - Charter Communications Inc, US",US,
77.127.46.36,ip,ssh-probe,low,20,expired,2026-10-03,2026-10-03,4,12400,"PARTNER-AS - Partner Communications Ltd., IL",IL,
77.71.147.150,ip,ssh-probe,low,20,expired,2026-09-29,2026-09-29,4,12709,"MELITACABLE - Melita Limited, MT",MT,
78.188.60.189,ip,ssh-probe,low,20,expired,2026-10-01,2026-10-01,4,9121,"TTNet - Turk Telekomunikasyon Anonim Sirketi, TR",TR,
78.194.234.139,ip,ssh-probe,low,20,expired,2026-09-15,2026-09-15,4,12322,"PROXAD - Free SAS, FR",FR,
78.60.68.115,ip,ssh-probe,low,20,stale,2026-10-04,2026-10-04,4,8764,"Telia-Lietuva - Telia Lietuva, AB, LT",LT,
79.72.3.119,ip,ssh-post-auth,high,90,active,2026-09-22,2026-09-22,4,31898,"ORACLE-BMC-31898 - Oracle Corporation, US",SE,
8.138.154.105,ip,ssh-probe,low,20,expired,2026-10-01,2026-10-01,4,37963,"ALIBABA-CN-NET - Hangzhou Alibaba Advertising Co.,Ltd., CN",SG,
8.222.181.172,ip,ssh-probe,low,20,expired,2026-09-24,2026-09-24,4,45102,"ALIBABA-CN-NET - Alibaba (US) Technology Co., Ltd., CN",SG,
80.82.77.139,ip,ssh-probe,low,20,active,2026-10-09,2026-10-09,4,202425,"INT-NETWORK - IP Volume inc, SC",NL,
80.82.77.202,ip,http-scan,low,30,stale,2026-10-01,2026-10-01,4,202425,"INT-NETWORK - IP Volume inc, SC",NL,
80.94.95.115,ip,ssh-post-auth,high,90,active,2026-09-10,2026-09-26,4,204428,"SS-Net - SS-Net, BG",RO,
80.94.95.211,ip,http-scan,low,30,expired,2026-09-14,2026-09-15,4,204428,"SS-Net - SS-Net, BG",RO,
81.215.73.59,ip,ssh-probe,low,20,stale,2026-10-06,2026-10-06,4,9121,"TTNet - Turk Telekomunikasyon Anonim Sirketi, TR",TR,
81.56.234.105,ip,ssh-probe,low,20,expired,2026-10-02,2026-10-02,4,29447,"TIF-AS - Scaleway SAS, FR",FR,
82.129.237.3,ip,ssh-post-auth,high,90,active,2026-10-04,2026-10-04,4,24835,"Vodafone Data - Vodafone Data, EG",EG,
82.158.225.92,ip,ssh-post-auth,high,90,active,2026-09-23,2026-09-23,4,401701,"COGNETCLOUD-2 - cognetcloud INC, US",HK,
83.139.9.99,ip,ssh-probe,low,20,expired,2026-10-03,2026-10-03,4,33852,"ORG-CCJS1-RIPE - Viva Armenia CJSC, AM",AM,
85.143.144.40,ip,ssh-probe,low,20,expired,2026-09-30,2026-09-30,4,56534,"Comfortel - Comfortel Ltd., RU",RU,
85.211.244.194,ip,ssh-post-auth,high,90,active,2026-09-28,2026-09-28,4,8075,"MICROSOFT-CORP-MSN-AS-BLOCK - Microsoft Corporation, US",GB,
85.217.149.15,ip,http-scan,low,30,active,2026-09-16,2026-10-09,4,209334,"MODAT-01 - Modat B.V., NL",NL,
85.239.149.72,ip,ssh-post-auth,high,90,active,2026-09-15,2026-09-15,4,207043,"DEDIK-IO - DEDIK SERVICES LIMITED, GB",BG,
85.99.46.189,ip,ssh-probe,low,20,expired,2026-09-30,2026-09-30,4,9121,"TTNet - Turk Telekomunikasyon Anonim Sirketi, TR",TR,
86.120.190.142,ip,ssh-probe,low,20,expired,2026-09-23,2026-09-23,4,8708,"DIGI-RO - DIGI ROMANIA S.A., RO",RO,
86.148.228.195,ip,ssh-probe,low,20,expired,2026-09-16,2026-09-16,4,2856,"BT-UK-AS - British Telecommunications Limited, GB",GB,
87.244.165.41,ip,ssh-probe,low,20,expired,2026-10-01,2026-10-01,4,21310,"ASN-SATELLITE - Satellite Ltd, UA",UA,
87.97.175.16,ip,ssh-probe,low,20,expired,2026-10-03,2026-10-03,4,13124,"A1BG_RSD - A1 Bulgaria EAD, BG",BG,
90.133.210.115,ip,ssh-probe,low,20,active,2026-10-09,2026-10-09,4,1257,"SWIPNET - Tele2 Sverige AB, EU",SE,
90.15.179.186,ip,ssh-probe,low,20,expired,2026-09-16,2026-09-16,4,3215,"AS3215 - Orange S.A., FR",FR,
91.103.251.108,ip,ssh-probe,low,20,expired,2026-09-28,2026-09-28,4,201884,"am-ispsupport - ISP SUPPORT LLC, AM",AM,
91.196.152.80,ip,ssh-probe,low,20,expired,2026-09-16,2026-09-16,4,213412,"ONYPHE - ONYPHE SAS, FR",FR,
91.196.178.172,ip,ssh-probe,low,20,expired,2026-10-02,2026-10-02,4,43175,"LUXNET-AS - LUX.NET, LLC, UA",UA,
91.201.226.217,ip,ssh-probe,low,20,expired,2026-09-15,2026-09-15,4,20539,"TCRS-AS - Technical Centre Radio Systems Ltd., UA",UA,
91.214.208.254,ip,ssh-probe,low,20,expired,2026-10-03,2026-10-03,4,3255,"UARNET-AS - LLC EKSINTECH, UA",UA,
91.236.156.234,ip,ssh-probe,low,20,expired,2026-09-29,2026-09-29,4,205318,"Avator-AS-2 - Limited Liability Company AVATOR ISP, UA",UA,
91.242.193.227,ip,ssh-probe,low,20,expired,2026-09-23,2026-09-23,4,50401,"LANTRACE-LLC - LANTRACE LLC, UA",UA,
91.242.196.137,ip,ssh-probe,low,20,expired,2026-09-23,2026-09-23,4,50401,"LANTRACE-LLC - LANTRACE LLC, UA",UA,
91.242.55.59,ip,ssh-probe,low,20,expired,2026-09-16,2026-09-16,4,50751,"Chuguev - CHKS LLC, UA",UA,
93.133.232.203,ip,ssh-probe,low,20,active,2026-10-09,2026-10-09,4,6805,"TDDE-ASN1 - Telefonica Germany GmbH & Co.OHG, DE",DE,
94.158.62.189,ip,ssh-probe,low,20,expired,2026-09-16,2026-09-16,4,43060,"IPLUS-AS - IPLUS LLC, UZ",UZ,
94.241.21.54,ip,ssh-probe,low,20,expired,2026-09-30,2026-09-30,4,12389,"ROSTELECOM-AS - PJSC Rostelecom, RU",RU,
95.10.224.196,ip,ssh-probe,low,20,expired,2026-09-25,2026-09-25,4,9121,"TTNet - Turk Telekomunikasyon Anonim Sirketi, TR",TR,
95.111.251.70,ip,http-scan,low,30,stale,2026-09-30,2026-09-30,4,51167,"CONTABO - Contabo GmbH, DE",DE,
95.130.227.78,ip,ssh-post-auth,high,90,active,2026-10-06,2026-10-06,4,35682,"BESTINTERNETSOLUTION-AS - BEST INTERNET SOLUTION XK, UZ",AE,
95.137.135.230,ip,ssh-probe,low,20,expired,2026-10-02,2026-10-02,4,34797,"SYSTEM-NET - System Net Ltd, GE",GE,
95.137.208.136,ip,ssh-probe,low,20,expired,2026-09-28,2026-09-28,4,34797,"SYSTEM-NET - System Net Ltd, GE",GE,
95.174.112.201,ip,ssh-probe,low,20,expired,2026-09-28,2026-09-28,4,60246,"PG-19 - Consumer Internet Cooperative PG-19, RU",AM,
95.47.59.244,ip,ssh-probe,low,20,stale,2026-10-06,2026-10-06,4,212463,"NGroup - FOP Polischyk O.V, UA",CZ,
95.7.240.243,ip,ssh-probe,low,20,expired,2026-09-25,2026-09-25,4,9121,"TTNet - Turk Telekomunikasyon Anonim Sirketi, TR",TR,
http://194.59.30.147:15653/s/amd64,url,payload-url,high,80,active,2026-09-23,2026-09-23,4,,,,
http://194.59.30.147:15653/s/kal64,url,payload-url,high,80,active,2026-09-23,2026-09-23,4,,,,
http://194.59.30.147:15653/s/kswpad,url,payload-url,high,80,active,2026-09-23,2026-09-23,4,,,,
101.36.108.191,ip,ssh-probe,low,20,stale,2026-10-07,2026-10-07,3,135377,"UCLOUD-HK-AS-AP - UCLOUD INFORMATION TECHNOLOGY (HK) LIMITED, HK",HK,
102.134.101.35,ip,http-scan,low,30,stale,2026-09-30,2026-09-30,3,37545,"Burundi Backbone System SM - Burundi Backbone System SM, BI",BI,
103.56.163.133,ip,http-scan,low,30,stale,2026-09-30,2026-09-30,3,135905,"VNPT-AS-VN - VIETNAM POSTS AND TELECOMMUNICATIONS GROUP, VN",VN,
104.42.221.24,ip,http-scan,low,30,expired,2026-09-26,2026-09-26,3,8075,"MICROSOFT-CORP-MSN-AS-BLOCK - Microsoft Corporation, US",US,
104.42.77.70,ip,http-scan,low,30,expired,2026-09-14,2026-09-14,3,8075,"MICROSOFT-CORP-MSN-AS-BLOCK - Microsoft Corporation, US",US,
105.154.184.38,ip,ssh-probe,low,20,active,2026-10-08,2026-10-09,3,36903,"Office National des Postes et Telecommunications ONPT (Maroc Telecom) / IAM - Office National des Postes et Telecommunications ONPT (Maroc Telecom) / IAM, MA",MA,
106.12.74.119,ip,ssh-probe,low,20,expired,2026-09-27,2026-09-28,3,38365,"Baidu - Beijing Baidu Netcom Science and Technology Co., Ltd., CN",CN,
106.13.120.65,ip,ssh-bruteforce,medium,60,stale,2026-09-11,2026-09-11,3,38365,"Baidu - Beijing Baidu Netcom Science and Technology Co., Ltd., CN",CN,
106.75.9.241,ip,ssh-probe,low,20,expired,2026-09-26,2026-09-26,3,23724,"CHINANET-IDC-BJ-AP - IDC, China Telecommunications Corporation, CN",CN,
107.150.97.90,ip,http-scan,low,30,stale,2026-10-02,2026-10-02,3,135377,"UCLOUD-HK-AS-AP - UCLOUD INFORMATION TECHNOLOGY (HK) LIMITED, HK",US,
114.66.37.26,ip,http-scan,low,30,stale,2026-09-28,2026-09-29,3,136188,"CHINATELECOM-ZHEJIANG-NINGBO-IDC - NINGBO, ZHEJIANG Province, P.R.China., CN",CN,
115.190.185.243,ip,ssh-probe,low,20,active,2026-10-01,2026-10-08,3,137718,"VOLCANO-ENGINE - Beijing Volcano Engine Technology Co., Ltd., CN",CN,
115.191.27.83,ip,ssh-probe,low,20,stale,2026-09-11,2026-10-06,3,137718,"VOLCANO-ENGINE - Beijing Volcano Engine Technology Co., Ltd., CN",CN,
117.50.50.224,ip,ssh-malware-drop,critical,100,active,2026-09-10,2026-09-10,3,23724,"CHINANET-IDC-BJ-AP - IDC, China Telecommunications Corporation, CN",CN,
117.72.209.201,ip,ssh-probe,low,20,stale,2026-10-06,2026-10-07,3,141679,"CHINATELECOM-IDC-BTHBD-AP - China Telecom Beijing Tianjin Hebei Big Data Industry Park Branch, CN",CN,
118.196.142.135,ip,ssh-probe,low,20,expired,2026-09-27,2026-10-01,3,4811,"CHINANET-SHANGHAI-MAN - China Telecom (Group), CN",CN,
135.237.130.229,ip,ssh-post-auth,high,90,active,2026-10-07,2026-10-07,3,8075,"MICROSOFT-CORP-MSN-AS-BLOCK - Microsoft Corporation, US",GB,
138.246.253.24,ip,http-scan,low,30,active,2026-09-15,2026-10-06,3,12816,"MWN-AS - Leibniz-Rechenzentrum, DE",DE,
147.185.132.231,ip,ssh-probe,low,20,stale,2026-09-26,2026-10-04,3,396982,"GOOGLE-CLOUD-PLATFORM - Google LLC, US",US,
147.185.132.234,ip,http-scan,low,30,stale,2026-09-30,2026-10-03,3,396982,"GOOGLE-CLOUD-PLATFORM - Google LLC, US",US,
147.185.132.67,ip,ssh-probe,low,20,stale,2026-09-15,2026-10-07,3,396982,"GOOGLE-CLOUD-PLATFORM - Google LLC, US",US,
148.113.203.58,ip,http-scan,low,30,expired,2026-09-14,2026-09-14,3,16276,"OVH - OVH SAS, FR",CA,
15.223.141.239,ip,http-scan,low,30,stale,2026-09-27,2026-09-30,3,16509,"AMAZON-02 - Amazon.com, Inc., US",US,
152.32.183.27,ip,ssh-probe,low,20,expired,2026-09-26,2026-09-26,3,135377,"UCLOUD-HK-AS-AP - UCLOUD INFORMATION TECHNOLOGY (HK) LIMITED, HK",HK,
157.230.241.151,ip,http-scan,low,30,stale,2026-09-29,2026-09-29,3,14061,"DIGITALOCEAN-ASN - DigitalOcean, LLC, US",US,
157.245.187.15,ip,http-scan,low,30,stale,2026-09-29,2026-09-29,3,14061,"DIGITALOCEAN-ASN - DigitalOcean, LLC, US",US,
161.35.7.127,ip,http-scan,low,30,stale,2026-10-02,2026-10-02,3,14061,"DIGITALOCEAN-ASN - DigitalOcean, LLC, US",US,
165.154.10.187,ip,ssh-probe,low,20,expired,2026-09-13,2026-09-13,3,135377,"UCLOUD-HK-AS-AP - UCLOUD INFORMATION TECHNOLOGY (HK) LIMITED, HK",HK,
165.154.135.161,ip,ssh-probe,low,20,expired,2026-09-11,2026-09-11,3,135377,"UCLOUD-HK-AS-AP - UCLOUD INFORMATION TECHNOLOGY (HK) LIMITED, HK",HK,
165.154.135.210,ip,http-scan,low,30,stale,2026-10-01,2026-10-01,3,135377,"UCLOUD-HK-AS-AP - UCLOUD INFORMATION TECHNOLOGY (HK) LIMITED, HK",HK,
165.227.141.54,ip,http-scan,low,30,stale,2026-09-30,2026-09-30,3,14061,"DIGITALOCEAN-ASN - DigitalOcean, LLC, US",US,
167.172.122.19,ip,http-scan,low,30,stale,2026-09-29,2026-09-29,3,14061,"DIGITALOCEAN-ASN - DigitalOcean, LLC, US",US,
167.94.146.51,ip,http-scan,low,30,stale,2026-09-27,2026-09-27,3,398705,"CENSYS-ARIN-02 - Censys, Inc., US",US,
167.94.146.60,ip,http-scan,low,30,active,2026-10-08,2026-10-08,3,398705,"CENSYS-ARIN-02 - Censys, Inc., US",US,
171.111.196.251,ip,ssh-bruteforce,medium,60,stale,2026-09-13,2026-09-13,3,138169,"ASEAN-INTERNATIONAL-INFORMATION-GARDEN-IDC - China Telecom, CN",CN,
172.180.64.72,ip,http-scan,low,30,active,2026-09-25,2026-10-06,3,8075,"MICROSOFT-CORP-MSN-AS-BLOCK - Microsoft Corporation, US",GB,
172.236.1.213,ip,http-scan,low,30,expired,2026-09-24,2026-09-24,3,63949,"AKAMAI-LINODE-AP - Akamai Connected Cloud, SG",US,
172.236.10.102,ip,http-scan,low,30,stale,2026-10-01,2026-10-01,3,63949,"AKAMAI-LINODE-AP - Akamai Connected Cloud, SG",US,
172.237.111.55,ip,http-scan,low,30,active,2026-10-08,2026-10-08,3,63949,"AKAMAI-LINODE-AP - Akamai Connected Cloud, SG",US,
172.239.110.68,ip,http-scan,low,30,stale,2026-10-02,2026-10-02,3,63949,"AKAMAI-LINODE-AP - Akamai Connected Cloud, SG",US,
180.76.146.235,ip,ssh-probe,low,20,stale,2026-10-03,2026-10-07,3,38365,"Baidu - Beijing Baidu Netcom Science and Technology Co., Ltd., CN",CN,
182.118.238.84,ip,http-scan,low,30,stale,2026-09-28,2026-09-28,3,4837,"CHINA169-Backbone - CHINA UNICOM China169 Backbone, CN",CN,
182.61.43.58,ip,ssh-probe,low,20,stale,2026-10-02,2026-10-07,3,38365,"Baidu - Beijing Baidu Netcom Science and Technology Co., Ltd., CN",CN,
185.136.15.6,ip,http-scan,low,30,active,2026-10-08,2026-10-08,3,210328,"ALMAZ - AO ALMAZ, RU",KZ,
185.220.101.131,ip,ssh-post-auth,high,90,active,2026-10-07,2026-10-07,3,60729,"TORSERVERS-NET - Stiftung Erneuerbare Freiheit, DE",DE,
192.42.116.101,ip,ssh-bruteforce,medium,60,stale,2026-09-12,2026-09-12,3,215125,"Cyberology-AS - Church of Cyberology, NL",NL,
192.42.116.113,ip,ssh-post-auth,high,90,active,2026-09-27,2026-09-27,3,215125,"Cyberology-AS - Church of Cyberology, NL",NL,
193.124.20.250,ip,http-scan,low,30,stale,2026-09-13,2026-10-03,3,25369,"BANDWIDTH-AS - Hydra Communications Ltd, GB",GB,
193.32.204.165,ip,http-scan,low,30,stale,2026-09-27,2026-09-27,3,153622,"MADINAIT-AS-AP - Madina IT, BD",TR,
194.88.98.125,ip,http-scan,low,30,active,2026-10-02,2026-10-07,3,25369,"BANDWIDTH-AS - Hydra Communications Ltd, GB",GB,
198.235.24.128,ip,http-scan,low,30,stale,2026-10-02,2026-10-02,3,396982,"GOOGLE-CLOUD-PLATFORM - Google LLC, US",US,
198.235.24.13,ip,http-scan,low,30,active,2026-09-16,2026-10-04,3,396982,"GOOGLE-CLOUD-PLATFORM - Google LLC, US",US,
198.235.24.133,ip,http-scan,low,30,stale,2026-09-23,2026-09-28,3,396982,"GOOGLE-CLOUD-PLATFORM - Google LLC, US",US,
198.235.24.146,ip,http-scan,low,30,stale,2026-09-24,2026-09-30,3,396982,"GOOGLE-CLOUD-PLATFORM - Google LLC, US",US,
198.235.24.19,ip,http-scan,low,30,stale,2026-09-24,2026-09-28,3,396982,"GOOGLE-CLOUD-PLATFORM - Google LLC, US",US,
198.235.24.2,ip,http-scan,low,30,stale,2026-09-14,2026-09-29,3,396982,"GOOGLE-CLOUD-PLATFORM - Google LLC, US",US,
198.235.24.238,ip,ssh-probe,low,20,stale,2026-09-27,2026-10-06,3,396982,"GOOGLE-CLOUD-PLATFORM - Google LLC, US",US,
199.165.159.17,ip,http-scan,low,30,active,2026-10-07,2026-10-07,3,22168,"SHADOWSERVER-FOUNDATION - The Shadowserver Foundation, Inc., US",US,
199.45.154.49,ip,http-scan,low,30,active,2026-10-06,2026-10-06,3,398722,"CENSYS-ARIN-03 - Censys, Inc., US",US,
199.45.155.17,ip,http-scan,low,30,expired,2026-09-25,2026-09-25,3,398722,"CENSYS-ARIN-03 - Censys, Inc., US",US,
199.45.155.24,ip,http-scan,low,30,active,2026-10-07,2026-10-07,3,398722,"CENSYS-ARIN-03 - Censys, Inc., US",US,
199.45.155.59,ip,http-scan,low,30,stale,2026-10-02,2026-10-02,3,398722,"CENSYS-ARIN-03 - Censys, Inc., US",US,
2.26.50.70,ip,ssh-bruteforce,medium,60,expired,2026-09-10,2026-09-10,3,215439,"PLAY2GO-NET - PLAY2GO INTERNATIONAL LIMITED, GB",US,
20.168.147.99,ip,http-scan,low,30,expired,2026-09-15,2026-09-15,3,8075,"MICROSOFT-CORP-MSN-AS-BLOCK - Microsoft Corporation, US",US,
20.184.169.194,ip,http-scan,low,30,stale,2026-10-01,2026-10-01,3,8075,"MICROSOFT-CORP-MSN-AS-BLOCK - Microsoft Corporation, US",US,
20.199.44.243,ip,http-scan,low,30,expired,2026-09-24,2026-09-24,3,8075,"MICROSOFT-CORP-MSN-AS-BLOCK - Microsoft Corporation, US",US,
20.228.85.178,ip,http-scan,low,30,stale,2026-10-03,2026-10-03,3,8075,"MICROSOFT-CORP-MSN-AS-BLOCK - Microsoft Corporation, US",US,
20.245.115.100,ip,http-scan,low,30,active,2026-10-06,2026-10-06,3,8075,"MICROSOFT-CORP-MSN-AS-BLOCK - Microsoft Corporation, US",US,
20.245.134.25,ip,http-scan,low,30,stale,2026-10-03,2026-10-03,3,8075,"MICROSOFT-CORP-MSN-AS-BLOCK - Microsoft Corporation, US",US,
20.245.156.61,ip,http-scan,low,30,stale,2026-10-01,2026-10-01,3,8075,"MICROSOFT-CORP-MSN-AS-BLOCK - Microsoft Corporation, US",US,
20.245.23.23,ip,http-scan,low,30,stale,2026-09-27,2026-09-27,3,8075,"MICROSOFT-CORP-MSN-AS-BLOCK - Microsoft Corporation, US",US,
20.245.241.34,ip,http-scan,low,30,active,2026-10-08,2026-10-08,3,8075,"MICROSOFT-CORP-MSN-AS-BLOCK - Microsoft Corporation, US",US,
20.57.192.37,ip,http-scan,low,30,active,2026-10-07,2026-10-07,3,8075,"MICROSOFT-CORP-MSN-AS-BLOCK - Microsoft Corporation, US",US,
20.66.35.162,ip,http-scan,low,30,active,2026-10-09,2026-10-09,3,8075,"MICROSOFT-CORP-MSN-AS-BLOCK - Microsoft Corporation, US",US,
20.66.36.119,ip,http-scan,low,30,active,2026-10-04,2026-10-04,3,8075,"MICROSOFT-CORP-MSN-AS-BLOCK - Microsoft Corporation, US",US,
20.66.89.226,ip,http-scan,low,30,stale,2026-10-02,2026-10-02,3,8075,"MICROSOFT-CORP-MSN-AS-BLOCK - Microsoft Corporation, US",US,
20.66.91.87,ip,http-scan,low,30,stale,2026-09-29,2026-09-29,3,8075,"MICROSOFT-CORP-MSN-AS-BLOCK - Microsoft Corporation, US",US,
205.210.31.129,ip,http-scan,low,30,stale,2026-09-28,2026-10-02,3,396982,"GOOGLE-CLOUD-PLATFORM - Google LLC, US",US,
205.210.31.151,ip,ssh-probe,low,20,stale,2026-09-27,2026-10-04,3,396982,"GOOGLE-CLOUD-PLATFORM - Google LLC, US",US,
205.210.31.154,ip,ssh-probe,low,20,expired,2026-09-27,2026-10-03,3,396982,"GOOGLE-CLOUD-PLATFORM - Google LLC, US",US,
205.210.31.16,ip,http-scan,low,30,active,2026-09-14,2026-10-08,3,396982,"GOOGLE-CLOUD-PLATFORM - Google LLC, US",US,
205.210.31.248,ip,http-scan,low,30,active,2026-09-14,2026-10-04,3,396982,"GOOGLE-CLOUD-PLATFORM - Google LLC, US",US,
205.210.31.31,ip,http-scan,low,30,active,2026-10-01,2026-10-08,3,396982,"GOOGLE-CLOUD-PLATFORM - Google LLC, US",US,
205.210.31.81,ip,ssh-probe,low,20,stale,2026-09-26,2026-10-04,3,396982,"GOOGLE-CLOUD-PLATFORM - Google LLC, US",US,
207.244.127.209,ip,ssh-probe,low,20,expired,2026-09-27,2026-09-28,3,30633,"LEASEWEB-USA-WDC - Leaseweb USA, Inc., US",US,
213.200.145.250,ip,ssh-bruteforce,medium,60,stale,2026-09-12,2026-09-12,3,1257,"SWIPNET - Tele2 Sverige AB, EU",SE,
213.209.159.142,ip,ssh-probe,low,20,stale,2026-09-30,2026-10-07,3,208137,"FPS12 - Feo Prest SRL, RO",DE,
220.124.40.211,ip,ssh-bruteforce,medium,60,stale,2026-09-12,2026-09-12,3,4766,"KIXS-AS-KR-KR - Korea Telecom, KR",KR,
220.181.84.76,ip,ssh-probe,low,20,active,2026-10-08,2026-10-08,3,23724,"CHINANET-IDC-BJ-AP - IDC, China Telecommunications Corporation, CN",CN,
222.213.116.93,ip,ssh-probe,low,20,active,2026-10-07,2026-10-09,3,4134,"CHINANET-BACKBONE - No.31,Jin-rong Street, CN",CN,
23.239.11.64,ip,http-scan,low,30,active,2026-10-01,2026-10-07,3,63949,"AKAMAI-LINODE-AP - Akamai Connected Cloud, SG",US,
3.93.76.26,ip,http-scan,low,30,stale,2026-09-23,2026-10-01,3,14618,"AMAZON-AES - Amazon.com, Inc., US",US,
31.184.195.244,ip,http-scan,low,30,expired,2026-09-26,2026-09-26,3,34665,"PINDC-AS - Petersburg Internet Network ltd., RU",RU,
34.22.149.108,ip,ssh-bruteforce,medium,60,stale,2026-09-11,2026-09-11,3,396982,"GOOGLE-CLOUD-PLATFORM - Google LLC, US",US,
34.77.2.135,ip,ssh-probe,low,20,expired,2026-09-11,2026-09-11,3,396982,"GOOGLE-CLOUD-PLATFORM - Google LLC, US",US,
34.78.161.183,ip,ssh-post-auth,high,90,active,2026-09-14,2026-09-14,3,396982,"GOOGLE-CLOUD-PLATFORM - Google LLC, US",US,
34.78.84.192,ip,ssh-bruteforce,medium,60,stale,2026-09-12,2026-09-12,3,396982,"GOOGLE-CLOUD-PLATFORM - Google LLC, US",US,
35.195.229.6,ip,ssh-bruteforce,medium,60,expired,2026-09-10,2026-09-10,3,396982,"GOOGLE-CLOUD-PLATFORM - Google LLC, US",US,
35.195.248.69,ip,ssh-bruteforce,medium,60,stale,2026-09-13,2026-09-13,3,396982,"GOOGLE-CLOUD-PLATFORM - Google LLC, US",US,
35.205.187.128,ip,ssh-post-auth,high,90,active,2026-10-07,2026-10-07,3,396982,"GOOGLE-CLOUD-PLATFORM - Google LLC, US",US,
35.233.85.65,ip,ssh-post-auth,high,90,active,2026-10-08,2026-10-08,3,396982,"GOOGLE-CLOUD-PLATFORM - Google LLC, US",US,
4.172.78.117,ip,http-scan,low,30,active,2026-10-06,2026-10-06,3,8075,"MICROSOFT-CORP-MSN-AS-BLOCK - Microsoft Corporation, US",US,
4.172.78.42,ip,http-scan,low,30,stale,2026-10-02,2026-10-02,3,8075,"MICROSOFT-CORP-MSN-AS-BLOCK - Microsoft Corporation, US",US,
45.154.244.156,ip,http-scan,low,30,expired,2026-09-25,2026-09-25,3,210006,"ASKZ - Shereverov Marat Ahmedovich, KZ",SC,
45.156.128.129,ip,research-scanner,info,90,active,2026-09-15,2026-09-15,3,211680,"AS-BITSIGHT - NSEC - Sistemas Informaticos, S.A., PT",PT,
45.43.57.106,ip,http-scan,low,30,active,2026-10-07,2026-10-07,3,135377,"UCLOUD-HK-AS-AP - UCLOUD INFORMATION TECHNOLOGY (HK) LIMITED, HK",US,
45.43.58.233,ip,http-scan,low,30,active,2026-10-08,2026-10-08,3,135377,"UCLOUD-HK-AS-AP - UCLOUD INFORMATION TECHNOLOGY (HK) LIMITED, HK",US,
45.77.61.56,ip,http-scan,low,30,expired,2026-09-16,2026-09-16,3,20473,"AS-VULTR - The Constant Company, LLC, US",US,
45.79.172.21,ip,http-scan,low,30,active,2026-09-24,2026-10-04,3,63949,"AKAMAI-LINODE-AP - Akamai Connected Cloud, SG",US,
46.29.26.150,ip,http-scan,low,30,expired,2026-09-25,2026-09-25,3,132359,"MSROBITRADERS-AS-AP - M/S ROBI TRADERS, BD",TR,
47.88.5.56,ip,http-scan,low,30,active,2026-09-25,2026-10-04,3,45102,"ALIBABA-CN-NET - Alibaba (US) Technology Co., Ltd., CN",US,
49.37.134.22,ip,http-scan,low,30,stale,2026-09-29,2026-09-29,3,55836,"RELIANCEJIO-IN - Reliance Jio Infocomm Limited, IN",IN,
51.57.97.245,ip,http-scan,low,30,stale,2026-09-28,2026-09-28,3,8075,"MICROSOFT-CORP-MSN-AS-BLOCK - Microsoft Corporation, US",GB,
51.57.99.65,ip,http-scan,low,30,active,2026-10-09,2026-10-09,3,8075,"MICROSOFT-CORP-MSN-AS-BLOCK - Microsoft Corporation, US",GB,
52.137.185.66,ip,http-scan,low,30,stale,2026-09-30,2026-09-30,3,8075,"MICROSOFT-CORP-MSN-AS-BLOCK - Microsoft Corporation, US",US,
52.7.83.29,ip,http-scan,low,30,stale,2026-09-23,2026-09-29,3,14618,"AMAZON-AES - Amazon.com, Inc., US",US,
59.174.108.125,ip,http-scan,low,30,stale,2026-09-29,2026-09-30,3,137266,"CHINATELECOM-HUBEI-WUHAN-5G-NETWORK - CHINATELECOM Hubei province Wuhan 5G network, CN",CN,
59.174.42.27,ip,http-scan,low,30,active,2026-10-08,2026-10-10,3,137266,"CHINATELECOM-HUBEI-WUHAN-5G-NETWORK - CHINATELECOM Hubei province Wuhan 5G network, CN",CN,
60.205.223.197,ip,ssh-probe,low,20,expired,2026-09-13,2026-09-28,3,37963,"ALIBABA-CN-NET - Hangzhou Alibaba Advertising Co.,Ltd., CN",CN,
64.62.156.162,ip,ssh-probe,low,20,stale,2026-09-12,2026-10-06,3,6939,"HURRICANE - Hurricane Electric LLC, US",US,
64.62.156.78,ip,http-scan,low,30,stale,2026-09-28,2026-09-29,3,6939,"HURRICANE - Hurricane Electric LLC, US",US,
65.49.1.122,ip,ssh-probe,low,20,stale,2026-10-03,2026-10-07,3,6939,"HURRICANE - Hurricane Electric LLC, US",US,
66.132.172.135,ip,http-scan,low,30,active,2026-10-07,2026-10-07,3,398324,"CENSYS-ARIN-01 - Censys, Inc., US",US,
66.132.172.181,ip,http-scan,low,30,expired,2026-09-16,2026-09-16,3,398324,"CENSYS-ARIN-01 - Censys, Inc., US",US,
66.132.172.197,ip,http-scan,low,30,stale,2026-10-02,2026-10-02,3,398324,"CENSYS-ARIN-01 - Censys, Inc., US",US,
66.132.172.200,ip,http-scan,low,30,stale,2026-10-01,2026-10-01,3,398324,"CENSYS-ARIN-01 - Censys, Inc., US",US,
66.132.172.205,ip,http-scan,low,30,stale,2026-09-29,2026-09-29,3,398324,"CENSYS-ARIN-01 - Censys, Inc., US",US,
66.132.172.220,ip,http-scan,low,30,active,2026-10-09,2026-10-09,3,398324,"CENSYS-ARIN-01 - Censys, Inc., US",US,
66.132.172.221,ip,http-scan,low,30,stale,2026-09-28,2026-09-28,3,398324,"CENSYS-ARIN-01 - Censys, Inc., US",US,
66.132.172.98,ip,http-scan,low,30,expired,2026-09-14,2026-09-14,3,398324,"CENSYS-ARIN-01 - Censys, Inc., US",US,
66.132.195.102,ip,http-scan,low,30,active,2026-10-04,2026-10-04,3,398324,"CENSYS-ARIN-01 - Censys, Inc., US",US,
66.132.195.103,ip,http-scan,low,30,expired,2026-09-15,2026-09-15,3,398324,"CENSYS-ARIN-01 - Censys, Inc., US",US,
66.132.195.121,ip,http-scan,low,30,stale,2026-10-01,2026-10-01,3,398324,"CENSYS-ARIN-01 - Censys, Inc., US",US,
66.132.195.122,ip,http-scan,low,30,expired,2026-09-26,2026-09-26,3,398324,"CENSYS-ARIN-01 - Censys, Inc., US",US,
66.132.195.165,ip,http-scan,low,30,active,2026-10-09,2026-10-09,3,398324,"CENSYS-ARIN-01 - Censys, Inc., US",US,
66.132.195.56,ip,http-scan,low,30,active,2026-10-09,2026-10-09,3,398324,"CENSYS-ARIN-01 - Censys, Inc., US",US,
66.132.224.232,ip,http-scan,low,30,stale,2026-09-30,2026-09-30,3,398324,"CENSYS-ARIN-01 - Censys, Inc., US",US,
66.132.224.234,ip,http-scan,low,30,stale,2026-09-30,2026-09-30,3,398324,"CENSYS-ARIN-01 - Censys, Inc., US",US,
66.132.224.237,ip,http-scan,low,30,expired,2026-09-25,2026-09-25,3,398324,"CENSYS-ARIN-01 - Censys, Inc., US",US,
66.240.192.82,ip,http-scan,low,30,stale,2026-09-30,2026-10-01,3,10439,"CARINET - CariNet, Inc., US",US,
69.5.169.150,ip,http-scan,low,30,active,2026-09-27,2026-10-07,3,25369,"BANDWIDTH-AS - Hydra Communications Ltd, GB",GB,
69.5.169.151,ip,http-scan,low,30,stale,2026-09-28,2026-10-02,3,25369,"BANDWIDTH-AS - Hydra Communications Ltd, GB",GB,
69.5.169.170,ip,http-scan,low,30,stale,2026-09-16,2026-10-01,3,25369,"BANDWIDTH-AS - Hydra Communications Ltd, GB",GB,
69.5.169.183,ip,http-scan,low,30,active,2026-10-03,2026-10-09,3,25369,"BANDWIDTH-AS - Hydra Communications Ltd, GB",GB,
69.5.169.188,ip,http-scan,low,30,active,2026-09-15,2026-10-10,3,25369,"BANDWIDTH-AS - Hydra Communications Ltd, GB",GB,
69.5.169.198,ip,http-scan,low,30,active,2026-09-25,2026-10-04,3,25369,"BANDWIDTH-AS - Hydra Communications Ltd, GB",GB,
69.5.169.213,ip,ssh-probe,low,20,stale,2026-09-14,2026-10-06,3,25369,"BANDWIDTH-AS - Hydra Communications Ltd, GB",GB,
69.5.169.219,ip,http-scan,low,30,active,2026-09-28,2026-10-05,3,25369,"BANDWIDTH-AS - Hydra Communications Ltd, GB",GB,
69.5.169.229,ip,http-scan,low,30,stale,2026-09-28,2026-10-01,3,25369,"BANDWIDTH-AS - Hydra Communications Ltd, GB",GB,
69.5.169.230,ip,http-scan,low,30,stale,2026-09-28,2026-10-01,3,25369,"BANDWIDTH-AS - Hydra Communications Ltd, GB",GB,
69.5.169.243,ip,http-scan,low,30,active,2026-10-02,2026-10-07,3,25369,"BANDWIDTH-AS - Hydra Communications Ltd, GB",GB,
74.179.25.38,ip,http-scan,low,30,stale,2026-10-03,2026-10-03,3,8075,"MICROSOFT-CORP-MSN-AS-BLOCK - Microsoft Corporation, US",US,
74.207.252.86,ip,http-scan,low,30,stale,2026-09-29,2026-09-29,3,63949,"AKAMAI-LINODE-AP - Akamai Connected Cloud, SG",US,
74.248.34.9,ip,http-scan,low,30,expired,2026-09-25,2026-09-25,3,8075,"MICROSOFT-CORP-MSN-AS-BLOCK - Microsoft Corporation, US",US,
77.239.124.175,ip,ssh-bruteforce,medium,60,stale,2026-09-13,2026-09-13,3,198364,"BANATSYNC-SRL - BANATSYNC SRL, RO",US,
77.239.124.180,ip,ssh-bruteforce,medium,60,stale,2026-09-11,2026-09-11,3,198364,"BANATSYNC-SRL - BANATSYNC SRL, RO",US,
77.239.124.183,ip,ssh-bruteforce,medium,60,expired,2026-09-10,2026-09-10,3,198364,"BANATSYNC-SRL - BANATSYNC SRL, RO",US,
77.239.124.185,ip,ssh-bruteforce,medium,60,stale,2026-09-13,2026-09-13,3,198364,"BANATSYNC-SRL - BANATSYNC SRL, RO",US,
77.239.124.207,ip,ssh-bruteforce,medium,60,stale,2026-09-12,2026-09-12,3,198364,"BANATSYNC-SRL - BANATSYNC SRL, RO",US,
77.239.124.212,ip,ssh-bruteforce,medium,60,stale,2026-09-11,2026-09-11,3,198364,"BANATSYNC-SRL - BANATSYNC SRL, RO",US,
81.19.216.120,ip,http-scan,low,30,stale,2026-09-24,2026-10-01,3,25369,"BANDWIDTH-AS - Hydra Communications Ltd, GB",GB,
85.90.246.159,ip,http-scan,low,30,active,2026-09-23,2026-10-07,3,63949,"AKAMAI-LINODE-AP - Akamai Connected Cloud, SG",US,
91.92.241.196,ip,http-scan,low,30,stale,2026-09-30,2026-10-02,3,202412,"OMEGATECH-AS - Omegatech LTD, SC",TR,
91.92.40.236,ip,http-scan,low,30,stale,2026-09-25,2026-09-27,3,197170,"TECHTIES-AS - TechTies Inc., SC",BG,
93.127.135.37,ip,http-scan,low,30,stale,2026-09-30,2026-10-03,3,401479,"DBM-ASN-KC - Database Mart LLC, US",DE,
96.44.168.88,ip,ssh-post-auth,high,90,active,2026-09-27,2026-09-27,3,36352,"AS-COLOCROSSING - HostPapa, US",US,
98.88.20.39,ip,http-scan,low,30,stale,2026-10-02,2026-10-03,3,14618,"AMAZON-AES - Amazon.com, Inc., US",US,
98.93.16.247,ip,http-scan,low,30,stale,2026-10-01,2026-10-03,3,14618,"AMAZON-AES - Amazon.com, Inc., US",US,
0ff23a77abba239a50412c720b2e423fcb3fb00e2362189cafa116eeb9bdce27,sha256,unknown-artifact,medium,30,active,2026-09-13,2026-09-23,2,,,,
1.0.219.58,ip,ssh-probe,low,20,expired,2026-09-13,2026-09-13,2,23969,"TOT-NET - TOT Public Company Limited, TH",TH,
100.55.74.174,ip,ssh-probe,low,20,expired,2026-09-22,2026-09-22,2,14618,"AMAZON-AES - Amazon.com, Inc., US",US,
100.59.0.92,ip,ssh-probe,low,20,active,2026-10-09,2026-10-09,2,14618,"AMAZON-AES - Amazon.com, Inc., US",US,
101.126.141.163,ip,ssh-probe,low,20,active,2026-10-09,2026-10-09,2,137718,"VOLCANO-ENGINE - Beijing Volcano Engine Technology Co., Ltd., CN",CN,
101.126.26.93,ip,ssh-probe,low,20,expired,2026-09-29,2026-09-29,2,137718,"VOLCANO-ENGINE - Beijing Volcano Engine Technology Co., Ltd., CN",CN,
101.200.132.99,ip,ssh-probe,low,20,expired,2026-09-15,2026-09-15,2,37963,"ALIBABA-CN-NET - Hangzhou Alibaba Advertising Co.,Ltd., CN",CN,
101.34.254.72,ip,ssh-probe,low,20,expired,2026-09-23,2026-09-23,2,45090,"TENCENT-NET-AP - Shenzhen Tencent Computer Systems Company Limited, CN",CN,
101.36.127.131,ip,ssh-probe,low,20,active,2026-10-10,2026-10-10,2,135377,"UCLOUD-HK-AS-AP - UCLOUD INFORMATION TECHNOLOGY (HK) LIMITED, HK",HK,
101.43.20.127,ip,http-scan,low,30,stale,2026-09-27,2026-09-29,2,45090,"TENCENT-NET-AP - Shenzhen Tencent Computer Systems Company Limited, CN",CN,
101.96.202.48,ip,ssh-probe,low,20,expired,2026-09-30,2026-09-30,2,137718,"VOLCANO-ENGINE - Beijing Volcano Engine Technology Co., Ltd., CN",CN,
101.96.214.116,ip,ssh-probe,low,20,active,2026-10-09,2026-10-09,2,137718,"VOLCANO-ENGINE - Beijing Volcano Engine Technology Co., Ltd., CN",CN,
101.96.230.94,ip,ssh-probe,low,20,expired,2026-10-01,2026-10-01,2,137718,"VOLCANO-ENGINE - Beijing Volcano Engine Technology Co., Ltd., CN",CN,
102.102.108.70,ip,ssh-probe,low,20,expired,2026-09-26,2026-09-26,2,36925,"MEDITELECOM - MEDITELECOM, MA",MA,
102.117.163.148,ip,ssh-probe,low,20,expired,2026-09-12,2026-09-12,2,23889,"Mauritius Telecom Ltd - Mauritius Telecom Ltd, MU",MU,
102.141.52.137,ip,ssh-probe,low,20,expired,2026-09-11,2026-09-11,2,36924,"GVA Cote d_Ivoire SAS - GVA Cote d_Ivoire SAS, CI",CG,
102.180.198.12,ip,ssh-probe,low,20,active,2026-10-08,2026-10-08,2,37577,"Orange Burkina Faso - Orange Burkina Faso, BF",BF,
102.219.227.90,ip,ssh-probe,low,20,expired,2026-09-14,2026-09-14,2,37284,"Aljeel Aljadeed For Technology - Aljeel Aljadeed For Technology, LY",LY,
102.66.144.189,ip,ssh-probe,low,20,stale,2026-10-06,2026-10-06,2,328471,"HERO TELECOMS (PTY) LTD - HERO TELECOMS (PTY) LTD, ZA",ZA,
102.66.152.140,ip,ssh-probe,low,20,expired,2026-09-16,2026-09-16,2,328471,"HERO TELECOMS (PTY) LTD - HERO TELECOMS (PTY) LTD, ZA",ZA,
103.121.226.106,ip,ssh-probe,low,20,expired,2026-10-03,2026-10-03,2,138167,"TRUENET-AS-AP - TrueNET, MM",MM,
103.121.226.70,ip,ssh-probe,low,20,expired,2026-10-03,2026-10-03,2,138167,"TRUENET-AS-AP - TrueNET, MM",MM,
103.132.185.202,ip,ssh-probe,low,20,expired,2026-09-24,2026-09-24,2,137059,"EASYNET1-AS-AP - Easy Net, BD",BD,
103.138.96.84,ip,http-scan,low,30,stale,2026-09-30,2026-09-30,2,138246,"NETCLUES-AS-IN - Netclues Technologies Private Limited, IN",IN,
103.150.64.126,ip,ssh-probe,low,20,expired,2026-09-11,2026-09-11,2,139009,"WSCL-AS-AP - Windstream Communication Limited, BD",BD,
103.157.93.124,ip,ssh-probe,low,20,expired,2026-09-12,2026-09-12,2,141351,"RDPN-AS-AP - Rural Development Project Network, BD",BD,
103.159.51.70,ip,ssh-post-auth,high,90,active,2026-09-14,2026-09-14,2,131353,"NHANHOA-AS-VN - NhanHoa Software company, VN",VN,
103.189.159.151,ip,ssh-probe,low,20,expired,2026-09-13,2026-09-13,2,139009,"WSCL-AS-AP - Windstream Communication Limited, BD",BD,
103.20.242.84,ip,ssh-probe,low,20,active,2026-10-08,2026-10-08,2,150740,"SARKER2-AS-AP - SARKER COMMUNICATION, BD",BD,
103.218.243.117,ip,ssh-probe,low,20,expired,2026-09-23,2026-09-23,2,135377,"UCLOUD-HK-AS-AP - UCLOUD INFORMATION TECHNOLOGY (HK) LIMITED, HK",HK,
103.232.154.37,ip,ssh-probe,low,20,expired,2026-09-27,2026-09-27,2,4007,"SUBISU-CABLENET-AS-AP - Subisu Cablenet (Pvt) Ltd, Baluwatar, Kathmandu, Nepal, NP",NP,
103.237.115.59,ip,ssh-probe,low,20,expired,2026-09-12,2026-09-12,2,134840,"MCCL-AS-AP - Myanmar Country Co., Ltd., MM",MM,
103.248.207.40,ip,ssh-probe,low,20,expired,2026-09-24,2026-09-24,2,132608,"MTSL-ISP-AP - Mango Teleservices Limited (ISP), BD",BD,
103.248.207.43,ip,ssh-probe,low,20,expired,2026-09-24,2026-09-24,2,132608,"MTSL-ISP-AP - Mango Teleservices Limited (ISP), BD",BD,
103.248.34.22,ip,ssh-probe,low,20,expired,2026-10-02,2026-10-02,2,132754,"REALTEL-AS-IN - Realtel Network Services Pvt Ltd, IN",IN,
103.255.134.61,ip,http-scan,low,30,stale,2026-09-30,2026-09-30,2,134291,"TFAQ-AS-IN - TECHNO FAQ DIGITAL MEDIA, IN",IN,
103.26.79.107,ip,ssh-probe,low,20,expired,2026-10-02,2026-10-02,2,23650,"CHINANET-Jiangsu-Province-IDC - AS Number for CHINANET jiangsu province backbone, CN",CN,
103.3.1.87,ip,http-scan,low,30,stale,2026-09-30,2026-09-30,2,131965,"XSERVER - Xserver Inc., JP",JP,
103.57.209.16,ip,ssh-post-auth,high,90,active,2026-10-10,2026-10-10,2,131353,"NHANHOA-AS-VN - NhanHoa Software company, VN",VN,
103.81.208.45,ip,http-scan,low,30,expired,2026-09-14,2026-09-14,2,133246,"SOFTWORLD-AS-IN - softnet network, IN",IN,
103.97.140.42,ip,ssh-probe,low,20,expired,2026-09-26,2026-09-26,2,141071,"JEMBATANDATA-AS-ID - PT Jembatan Data Pangrango, ID",ID,
104.152.52.103,ip,ssh-probe,low,20,expired,2026-09-29,2026-09-29,2,14987,"RETHEMHOSTING - Rethem Hosting LLC, US",US,
104.152.52.112,ip,ssh-probe,low,20,expired,2026-09-29,2026-09-29,2,14987,"RETHEMHOSTING - Rethem Hosting LLC, US",US,
104.152.52.235,ip,ssh-probe,low,20,expired,2026-10-01,2026-10-01,2,14987,"RETHEMHOSTING - Rethem Hosting LLC, US",US,
104.152.52.238,ip,ssh-probe,low,20,expired,2026-10-01,2026-10-01,2,14987,"RETHEMHOSTING - Rethem Hosting LLC, US",US,
104.179.26.52,ip,ssh-probe,low,20,stale,2026-10-07,2026-10-07,2,7018,"ATT-INTERNET4 - AT&T Enterprises, LLC, US",US,
104.199.32.119,ip,http-scan,low,30,stale,2026-09-27,2026-10-02,2,396982,"GOOGLE-CLOUD-PLATFORM - Google LLC, US",US,
104.248.81.234,ip,ssh-probe,low,20,expired,2026-09-13,2026-09-13,2,14061,"DIGITALOCEAN-ASN - DigitalOcean, LLC, US",US,
104.42.220.243,ip,ssh-probe,low,20,expired,2026-10-03,2026-10-03,2,8075,"MICROSOFT-CORP-MSN-AS-BLOCK - Microsoft Corporation, US",US,
105.157.134.130,ip,ssh-probe,low,20,stale,2026-10-04,2026-10-04,2,36903,"Office National des Postes et Telecommunications ONPT (Maroc Telecom) / IAM - Office National des Postes et Telecommunications ONPT (Maroc Telecom) / IAM, MA",MA,
105.72.47.154,ip,ssh-probe,low,20,expired,2026-09-24,2026-09-24,2,36884,"Wana Corporate - Wana Corporate, MA",MA,
106.12.240.38,ip,ssh-probe,low,20,expired,2026-09-30,2026-09-30,2,38365,"Baidu - Beijing Baidu Netcom Science and Technology Co., Ltd., CN",CN,
106.12.7.70,ip,ssh-post-auth,high,90,active,2026-09-27,2026-09-27,2,38365,"Baidu - Beijing Baidu Netcom Science and Technology Co., Ltd., CN",CN,
106.13.198.128,ip,ssh-probe,low,20,expired,2026-09-11,2026-09-11,2,38365,"Baidu - Beijing Baidu Netcom Science and Technology Co., Ltd., CN",CN,
106.13.234.209,ip,ssh-probe,low,20,expired,2026-09-29,2026-09-29,2,38365,"Baidu - Beijing Baidu Netcom Science and Technology Co., Ltd., CN",CN,
106.75.226.5,ip,ssh-probe,low,20,expired,2026-10-01,2026-10-01,2,17621,"CNCGROUP-SH - China Unicom Shanghai network, CN",CN,
106.75.26.244,ip,ssh-probe,low,20,expired,2026-09-29,2026-09-29,2,23724,"CHINANET-IDC-BJ-AP - IDC, China Telecommunications Corporation, CN",CN,
107.175.159.200,ip,ssh-post-auth,high,90,active,2026-09-14,2026-09-14,2,36352,"AS-COLOCROSSING - HostPapa, US",US,
107.189.30.98,ip,ssh-probe,low,20,stale,2026-10-06,2026-10-06,2,53667,"PONYNET - FranTech Solutions, US",US,
108.179.225.18,ip,http-scan,low,30,stale,2026-09-27,2026-09-27,2,19871,"NETWORK-SOLUTIONS-HOSTING - Network Solutions, LLC, US",US,
108.67.23.100,ip,ssh-probe,low,20,expired,2026-09-12,2026-09-12,2,7018,"ATT-INTERNET4 - AT&T Enterprises, LLC, US",US,
109.160.32.65,ip,ssh-probe,low,20,expired,2026-09-24,2026-09-24,2,198364,"BANATSYNC-SRL - BANATSYNC SRL, RO",BG,
109.51.111.237,ip,ssh-probe,low,20,stale,2026-10-07,2026-10-07,2,2860,"NOS_COMUNICACOES - NOS COMUNICACOES, S.A., PT",PT,
109.87.152.243,ip,ssh-probe,low,20,expired,2026-10-02,2026-10-02,2,13188,"TRIOLAN - CONTENT DELIVERY NETWORK LTD, UA",UA,
111.17.199.57,ip,ssh-probe,low,20,expired,2026-09-30,2026-09-30,2,24444,"CMNET-V4shandong-AS-AP - Shandong Mobile Communication Company Limited, CN",CN,
111.175.88.6,ip,ssh-probe,low,20,stale,2026-09-14,2026-10-07,2,137266,"CHINATELECOM-HUBEI-WUHAN-5G-NETWORK - CHINATELECOM Hubei province Wuhan 5G network, CN",CN,
111.230.89.185,ip,ssh-probe,low,20,expired,2026-09-23,2026-09-23,2,45090,"TENCENT-NET-AP - Shenzhen Tencent Computer Systems Company Limited, CN",CN,
111.29.38.32,ip,ssh-probe,low,20,active,2026-10-07,2026-10-08,2,9808,"CHINAMOBILE-CN - China Mobile Communications Group Co., Ltd., CN",CN,
111.36.57.69,ip,ssh-probe,low,20,expired,2026-09-11,2026-09-11,2,24444,"CMNET-V4shandong-AS-AP - Shandong Mobile Communication Company Limited, CN",CN,
112.200.202.179,ip,ssh-probe,low,20,expired,2026-09-27,2026-09-27,2,9299,"IPG-AS-AP - Philippine Long Distance Telephone Company, PH",PH,
112.210.229.179,ip,ssh-probe,low,20,expired,2026-09-25,2026-09-25,2,9299,"IPG-AS-AP - Philippine Long Distance Telephone Company, PH",PH,
112.249.251.189,ip,ssh-probe,low,20,expired,2026-10-03,2026-10-03,2,4837,"CHINA169-Backbone - CHINA UNICOM China169 Backbone, CN",CN,
113.211.214.124,ip,ssh-probe,low,20,active,2026-10-08,2026-10-08,2,9534,"MAXIS-AS1-AP - Binariang Berhad, MY",MY,
114.112.96.82,ip,ssh-probe,low,20,expired,2026-10-01,2026-10-01,2,23724,"CHINANET-IDC-BJ-AP - IDC, China Telecommunications Corporation, CN",CN,
114.132.96.174,ip,ssh-probe,low,20,expired,2026-09-23,2026-09-23,2,45090,"TENCENT-NET-AP - Shenzhen Tencent Computer Systems Company Limited, CN",CN,
114.220.238.224,ip,ssh-probe,low,20,active,2026-10-09,2026-10-09,2,140292,"CHINATELECOM-JIANGSU-SUZHOU-5G-NETWORK - CHINATELECOM Jiangsu province Suzhou 5G network, CN",CN,
114.231.107.104,ip,ssh-probe,low,20,expired,2026-09-28,2026-09-28,2,4134,"CHINANET-BACKBONE - No.31,Jin-rong Street, CN",CN,
114.67.232.93,ip,ssh-probe,low,20,expired,2026-10-01,2026-10-01,2,23724,"CHINANET-IDC-BJ-AP - IDC, China Telecommunications Corporation, CN",CN,
115.190.126.68,ip,ssh-probe,low,20,stale,2026-10-04,2026-10-04,2,137718,"VOLCANO-ENGINE - Beijing Volcano Engine Technology Co., Ltd., CN",CN,
115.190.181.18,ip,ssh-probe,low,20,expired,2026-10-01,2026-10-01,2,137718,"VOLCANO-ENGINE - Beijing Volcano Engine Technology Co., Ltd., CN",CN,
115.190.215.101,ip,ssh-probe,low,20,expired,2026-09-30,2026-09-30,2,137718,"VOLCANO-ENGINE - Beijing Volcano Engine Technology Co., Ltd., CN",CN,
115.191.30.208,ip,ssh-probe,low,20,expired,2026-10-03,2026-10-03,2,137718,"VOLCANO-ENGINE - Beijing Volcano Engine Technology Co., Ltd., CN",CN,
116.177.172.94,ip,ssh-probe,low,20,expired,2026-10-01,2026-10-01,2,4837,"CHINA169-Backbone - CHINA UNICOM China169 Backbone, CN",CN,
117.33.238.13,ip,ssh-probe,low,20,expired,2026-09-30,2026-09-30,2,134768,"CHINANET-SHAANXI-CLOUD-BASE - CHINANET SHAANXI province Cloud Base network, CN",CN,
117.34.85.168,ip,ssh-probe,low,20,expired,2026-09-29,2026-09-29,2,134768,"CHINANET-SHAANXI-CLOUD-BASE - CHINANET SHAANXI province Cloud Base network, CN",CN,
117.72.24.102,ip,ssh-probe,low,20,expired,2026-09-22,2026-09-22,2,141679,"CHINATELECOM-IDC-BTHBD-AP - China Telecom Beijing Tianjin Hebei Big Data Industry Park Branch, CN",CN,
117.72.35.56,ip,ssh-probe,low,20,active,2026-10-09,2026-10-09,2,141679,"CHINATELECOM-IDC-BTHBD-AP - China Telecom Beijing Tianjin Hebei Big Data Industry Park Branch, CN",CN,
117.72.85.163,ip,ssh-probe,low,20,stale,2026-10-04,2026-10-04,2,141679,"CHINATELECOM-IDC-BTHBD-AP - China Telecom Beijing Tianjin Hebei Big Data Industry Park Branch, CN",CN,
118.122.147.49,ip,ssh-probe,low,20,expired,2026-09-29,2026-09-29,2,38283,"CHINANET-SCIDC-AS-AP - CHINANET SiChuan Telecom Internet Data Center, CN",CN,
118.145.240.6,ip,ssh-probe,low,20,expired,2026-09-12,2026-09-12,2,137718,"VOLCANO-ENGINE - Beijing Volcano Engine Technology Co., Ltd., CN",CN,
118.145.242.91,ip,ssh-probe,low,20,expired,2026-09-29,2026-09-29,2,137718,"VOLCANO-ENGINE - Beijing Volcano Engine Technology Co., Ltd., CN",CN,
118.174.175.146,ip,ssh-probe,low,20,expired,2026-09-26,2026-09-26,2,23969,"TOT-NET - TOT Public Company Limited, TH",TH,
118.196.84.13,ip,ssh-probe,low,20,expired,2026-09-23,2026-09-23,2,4811,"CHINANET-SHANGHAI-MAN - China Telecom (Group), CN",CN,
118.26.110.171,ip,ssh-probe,low,20,expired,2026-09-16,2026-09-16,2,135377,"UCLOUD-HK-AS-AP - UCLOUD INFORMATION TECHNOLOGY (HK) LIMITED, HK",HK,
119.148.49.82,ip,ssh-probe,low,20,stale,2026-10-04,2026-10-04,2,23923,"AGNI-AS - Agni Systems Limited, BD",BD,
119.255.245.44,ip,ssh-probe,low,20,stale,2026-10-04,2026-10-04,2,23724,"CHINANET-IDC-BJ-AP - IDC, China Telecommunications Corporation, CN",CN,
120.154.28.165,ip,ssh-probe,low,20,active,2026-10-09,2026-10-09,2,1221,"ASN-TELSTRA - Telstra Limited, AU",AU,
120.230.142.3,ip,ssh-probe,low,20,active,2026-10-09,2026-10-09,2,9808,"CHINAMOBILE-CN - China Mobile Communications Group Co., Ltd., CN",CN,
120.48.102.75,ip,ssh-probe,low,20,expired,2026-09-30,2026-09-30,2,38365,"Baidu - Beijing Baidu Netcom Science and Technology Co., Ltd., CN",CN,
120.48.111.71,ip,ssh-probe,low,20,expired,2026-09-30,2026-09-30,2,38365,"Baidu - Beijing Baidu Netcom Science and Technology Co., Ltd., CN",CN,
120.48.112.221,ip,ssh-probe,low,20,active,2026-10-09,2026-10-09,2,38365,"Baidu - Beijing Baidu Netcom Science and Technology Co., Ltd., CN",CN,
120.48.134.186,ip,ssh-probe,low,20,expired,2026-10-01,2026-10-01,2,38365,"Baidu - Beijing Baidu Netcom Science and Technology Co., Ltd., CN",CN,
120.48.15.138,ip,ssh-probe,low,20,expired,2026-09-29,2026-09-29,2,38365,"Baidu - Beijing Baidu Netcom Science and Technology Co., Ltd., CN",CN,
120.48.178.72,ip,ssh-probe,low,20,expired,2026-10-02,2026-10-02,2,38365,"Baidu - Beijing Baidu Netcom Science and Technology Co., Ltd., CN",CN,
120.48.59.126,ip,ssh-probe,low,20,active,2026-10-09,2026-10-09,2,38365,"Baidu - Beijing Baidu Netcom Science and Technology Co., Ltd., CN",CN,
120.48.80.70,ip,ssh-probe,low,20,expired,2026-09-30,2026-09-30,2,38365,"Baidu - Beijing Baidu Netcom Science and Technology Co., Ltd., CN",CN,
120.76.244.173,ip,ssh-probe,low,20,expired,2026-09-23,2026-09-23,2,37963,"ALIBABA-CN-NET - Hangzhou Alibaba Advertising Co.,Ltd., CN",CN,
121.15.140.235,ip,ssh-probe,low,20,expired,2026-10-01,2026-10-01,2,4134,"CHINANET-BACKBONE - No.31,Jin-rong Street, CN",CN,
121.229.205.104,ip,ssh-probe,low,20,expired,2026-10-01,2026-10-01,2,146966,"CHINANET-YANGZHOUNORTH-IDC - China Telecom, CN",CN,
121.229.25.10,ip,ssh-probe,low,20,expired,2026-10-03,2026-10-03,2,4134,"CHINANET-BACKBONE - No.31,Jin-rong Street, CN",CN,
121.235.198.121,ip,ssh-probe,low,20,active,2026-09-27,2026-10-08,2,4134,"CHINANET-BACKBONE - No.31,Jin-rong Street, CN",CN,
122.13.25.186,ip,ssh-probe,low,20,expired,2026-10-02,2026-10-02,2,136958,"UNICOM-GuangZhou-IDC - China Unicom Guangdong IP network, CN",CN,
122.51.242.12,ip,http-scan,low,30,stale,2026-10-01,2026-10-03,2,45090,"TENCENT-NET-AP - Shenzhen Tencent Computer Systems Company Limited, CN",CN,
123.160.223.72,ip,http-scan,low,30,expired,2026-09-25,2026-09-25,2,4134,"CHINANET-BACKBONE - No.31,Jin-rong Street, CN",CN,
123.160.223.75,ip,http-scan,low,30,expired,2026-09-15,2026-09-15,2,4134,"CHINANET-BACKBONE - No.31,Jin-rong Street, CN",CN,
123.240.211.22,ip,ssh-probe,low,20,expired,2026-09-13,2026-09-13,2,131596,"TBCOM-NET - TBC, TW",TW,
123.54.215.74,ip,ssh-probe,low,20,expired,2026-09-29,2026-09-29,2,4134,"CHINANET-BACKBONE - No.31,Jin-rong Street, CN",CN,
123.56.51.146,ip,ssh-probe,low,20,expired,2026-10-03,2026-10-03,2,37963,"ALIBABA-CN-NET - Hangzhou Alibaba Advertising Co.,Ltd., CN",CN,
124.123.125.62,ip,ssh-post-auth,high,90,active,2026-09-14,2026-09-14,2,55577,"CABLELITE-AS-AP - Atria Convergence Technologies Ltd.,, IN",IN,
124.193.81.23,ip,ssh-probe,low,20,expired,2026-10-01,2026-10-01,2,4808,"CHINA169-BJ - China Unicom Beijing Province Network, CN",CN,
124.220.41.252,ip,ssh-probe,low,20,expired,2026-09-23,2026-09-23,2,45090,"TENCENT-NET-AP - Shenzhen Tencent Computer Systems Company Limited, CN",CN,
124.221.207.67,ip,ssh-probe,low,20,expired,2026-09-29,2026-09-29,2,45090,"TENCENT-NET-AP - Shenzhen Tencent Computer Systems Company Limited, CN",CN,
124.223.158.63,ip,ssh-probe,low,20,expired,2026-09-15,2026-09-15,2,45090,"TENCENT-NET-AP - Shenzhen Tencent Computer Systems Company Limited, CN",CN,
125.122.39.118,ip,ssh-probe,low,20,expired,2026-10-02,2026-10-02,2,58461,"CT-HangZhou-IDC - No.288,Fu-chun Road, CN",CN,
125.39.179.192,ip,ssh-probe,low,20,expired,2026-09-28,2026-09-28,2,4837,"CHINA169-Backbone - CHINA UNICOM China169 Backbone, CN",CN,
125.84.250.57,ip,ssh-probe,low,20,stale,2026-10-04,2026-10-04,2,4134,"CHINANET-BACKBONE - No.31,Jin-rong Street, CN",CN,
13.72.83.77,ip,ssh-probe,low,20,expired,2026-09-23,2026-09-23,2,8075,"MICROSOFT-CORP-MSN-AS-BLOCK - Microsoft Corporation, US",US,
130.12.180.89,ip,ssh-probe,low,20,expired,2026-09-13,2026-09-13,2,202412,"OMEGATECH-AS - Omegatech LTD, SC",US,
131.196.222.136,ip,ssh-probe,low,20,expired,2026-09-11,2026-09-11,2,265985,"AS265985 - MELNET PROVEDOR, BR",BR,
131.221.188.167,ip,ssh-probe,low,20,stale,2026-10-07,2026-10-07,2,264426,"AS264426 - VM Provedora de Internet Ltda Me, BR",BR,
134.199.233.253,ip,http-scan,low,30,expired,2026-09-22,2026-09-22,2,14061,"DIGITALOCEAN-ASN - DigitalOcean, LLC, US",US,
134.209.198.7,ip,ssh-probe,low,20,expired,2026-09-25,2026-09-25,2,14061,"DIGITALOCEAN-ASN - DigitalOcean, LLC, US",US,
134.33.66.210,ip,http-scan,low,30,stale,2026-09-23,2026-09-28,2,8075,"MICROSOFT-CORP-MSN-AS-BLOCK - Microsoft Corporation, US",GB,
135.232.201.85,ip,ssh-bruteforce,medium,60,stale,2026-09-14,2026-09-14,2,8075,"MICROSOFT-CORP-MSN-AS-BLOCK - Microsoft Corporation, US",GB,
136.226.245.105,ip,http-scan,low,30,stale,2026-09-30,2026-09-30,2,53813,"ZSCALER-INC - ZSCALER, INC., US",US,
137.184.116.39,ip,ssh-probe,low,20,stale,2026-10-05,2026-10-05,2,14061,"DIGITALOCEAN-ASN - DigitalOcean, LLC, US",US,
137.184.72.202,ip,ssh-probe,low,20,active,2026-10-08,2026-10-08,2,14061,"DIGITALOCEAN-ASN - DigitalOcean, LLC, US",US,
138.68.238.81,ip,http-scan,low,30,stale,2026-10-02,2026-10-02,2,14061,"DIGITALOCEAN-ASN - DigitalOcean, LLC, US",US,
138.68.70.189,ip,ssh-probe,low,20,expired,2026-09-14,2026-09-14,2,14061,"DIGITALOCEAN-ASN - DigitalOcean, LLC, US",US,
138.94.223.66,ip,ssh-probe,low,20,expired,2026-09-23,2026-09-23,2,28670,"AS28670 - CST-REDEL SERVICOS DE TELECOMUNICACOES LTDA., BR",BR,
14.103.107.229,ip,ssh-probe,low,20,expired,2026-10-01,2026-10-01,2,4811,"CHINANET-SHANGHAI-MAN - China Telecom (Group), CN",CN,
14.103.107.26,ip,ssh-probe,low,20,expired,2026-09-29,2026-09-29,2,4811,"CHINANET-SHANGHAI-MAN - China Telecom (Group), CN",CN,
14.103.107.29,ip,ssh-probe,low,20,expired,2026-10-02,2026-10-02,2,4811,"CHINANET-SHANGHAI-MAN - China Telecom (Group), CN",CN,
14.103.115.25,ip,ssh-probe,low,20,expired,2026-09-30,2026-09-30,2,4811,"CHINANET-SHANGHAI-MAN - China Telecom (Group), CN",CN,
14.103.117.97,ip,ssh-probe,low,20,expired,2026-10-03,2026-10-03,2,4811,"CHINANET-SHANGHAI-MAN - China Telecom (Group), CN",CN,
14.103.118.150,ip,ssh-probe,low,20,expired,2026-09-28,2026-09-28,2,4811,"CHINANET-SHANGHAI-MAN - China Telecom (Group), CN",CN,
14.103.118.186,ip,ssh-probe,low,20,stale,2026-10-04,2026-10-04,2,4811,"CHINANET-SHANGHAI-MAN - China Telecom (Group), CN",CN,
14.103.118.61,ip,ssh-probe,low,20,active,2026-10-09,2026-10-09,2,4811,"CHINANET-SHANGHAI-MAN - China Telecom (Group), CN",CN,
14.103.83.214,ip,ssh-probe,low,20,expired,2026-10-03,2026-10-03,2,4811,"CHINANET-SHANGHAI-MAN - China Telecom (Group), CN",CN,
14.103.83.66,ip,ssh-probe,low,20,expired,2026-09-30,2026-09-30,2,4811,"CHINANET-SHANGHAI-MAN - China Telecom (Group), CN",CN,
14.103.9.211,ip,ssh-probe,low,20,expired,2026-10-01,2026-10-01,2,4811,"CHINANET-SHANGHAI-MAN - China Telecom (Group), CN",CN,
14.192.215.140,ip,ssh-probe,low,20,expired,2026-09-26,2026-09-26,2,9534,"MAXIS-AS1-AP - Binariang Berhad, MY",MY,
14.232.208.138,ip,http-scan,low,30,active,2026-10-06,2026-10-06,2,45899,"VNPT-AS-VN - VNPT Corp, VN",VN,
14.237.232.182,ip,ssh-probe,low,20,stale,2026-10-06,2026-10-06,2,45899,"VNPT-AS-VN - VNPT Corp, VN",VN,
14.29.181.34,ip,ssh-probe,low,20,expired,2026-10-01,2026-10-01,2,4134,"CHINANET-BACKBONE - No.31,Jin-rong Street, CN",CN,
14.29.201.186,ip,ssh-probe,low,20,expired,2026-09-28,2026-09-28,2,4134,"CHINANET-BACKBONE - No.31,Jin-rong Street, CN",CN,
140.246.108.106,ip,ssh-probe,low,20,expired,2026-09-28,2026-09-28,2,58519,"CHINATELECOM-Ctcloud - Cloud Computing Corporation, CN",CN,
141.126.9.18,ip,ssh-probe,low,20,expired,2026-09-13,2026-09-13,2,20115,"CHARTER-20115 - Charter Communications LLC, US",US,
142.118.119.183,ip,ssh-probe,low,20,expired,2026-09-22,2026-09-22,2,577,"BACOM - Bell Canada, CA",CA,
142.93.230.163,ip,http-scan,low,30,expired,2026-09-25,2026-09-25,2,14061,"DIGITALOCEAN-ASN - DigitalOcean, LLC, US",US,
143.105.136.239,ip,ssh-probe,low,20,expired,2026-09-12,2026-09-12,2,14593,"SPACEX-STARLINK - Space Exploration Technologies Corporation, US",US,
143.105.152.156,ip,ssh-probe,low,20,stale,2026-10-06,2026-10-06,2,14593,"SPACEX-STARLINK - Space Exploration Technologies Corporation, US",US,
143.105.99.77,ip,ssh-probe,low,20,expired,2026-10-01,2026-10-01,2,14593,"SPACEX-STARLINK - Space Exploration Technologies Corporation, US",US,
143.198.233.197,ip,http-scan,low,30,stale,2026-10-01,2026-10-01,2,14061,"DIGITALOCEAN-ASN - DigitalOcean, LLC, US",US,
143.198.31.169,ip,http-scan,low,30,expired,2026-09-14,2026-09-14,2,14061,"DIGITALOCEAN-ASN - DigitalOcean, LLC, US",US,
143.244.144.28,ip,http-scan,low,30,active,2026-10-06,2026-10-06,2,14061,"DIGITALOCEAN-ASN - DigitalOcean, LLC, US",US,
143.255.105.81,ip,ssh-probe,low,20,active,2026-10-08,2026-10-08,2,265675,"AS265675 - ARTEC TELECOMUNICACIONES LIMITADA, CL",CL,
143.255.85.99,ip,ssh-probe,low,20,expired,2026-09-13,2026-09-13,2,263703,"AS263703 - VIGINET C.A, VE",VE,
144.48.151.89,ip,ssh-probe,low,20,expired,2026-09-12,2026-09-12,2,137453,"ORANGE2-AS-AP - Orange Communication, BD",BD,
144.91.121.61,ip,http-scan,low,30,stale,2026-09-30,2026-09-30,2,51167,"CONTABO - Contabo GmbH, DE",DE,
145.82.153.83,ip,ssh-probe,low,20,expired,2026-09-12,2026-09-12,2,25019,"SAUDINETSTC-AS - Saudi Telecom Company JSC, SA",SA,
146.148.22.15,ip,http-scan,low,30,stale,2026-09-29,2026-10-01,2,396982,"GOOGLE-CLOUD-PLATFORM - Google LLC, US",US,
146.190.21.66,ip,http-scan,low,30,active,2026-10-04,2026-10-04,2,14061,"DIGITALOCEAN-ASN - DigitalOcean, LLC, US",US,
146.190.27.221,ip,http-scan,low,30,stale,2026-09-30,2026-09-30,2,14061,"DIGITALOCEAN-ASN - DigitalOcean, LLC, US",US,
147.182.159.89,ip,ssh-probe,low,20,expired,2026-09-27,2026-09-27,2,14061,"DIGITALOCEAN-ASN - DigitalOcean, LLC, US",US,
147.182.175.63,ip,http-scan,low,30,stale,2026-09-29,2026-09-29,2,14061,"DIGITALOCEAN-ASN - DigitalOcean, LLC, US",US,
147.182.245.51,ip,http-scan,low,30,stale,2026-09-27,2026-09-27,2,14061,"DIGITALOCEAN-ASN - DigitalOcean, LLC, US",US,
147.185.132.103,ip,ssh-probe,low,20,stale,2026-10-06,2026-10-06,2,396982,"GOOGLE-CLOUD-PLATFORM - Google LLC, US",US,
147.185.132.108,ip,ssh-probe,low,20,expired,2026-10-01,2026-10-01,2,396982,"GOOGLE-CLOUD-PLATFORM - Google LLC, US",US,
147.185.132.165,ip,ssh-probe,low,20,expired,2026-09-22,2026-09-22,2,396982,"GOOGLE-CLOUD-PLATFORM - Google LLC, US",US,
147.185.132.21,ip,ssh-probe,low,20,expired,2026-10-03,2026-10-03,2,396982,"GOOGLE-CLOUD-PLATFORM - Google LLC, US",US,
147.185.132.219,ip,ssh-probe,low,20,active,2026-10-09,2026-10-09,2,396982,"GOOGLE-CLOUD-PLATFORM - Google LLC, US",US,
147.185.132.222,ip,ssh-probe,low,20,expired,2026-10-01,2026-10-01,2,396982,"GOOGLE-CLOUD-PLATFORM - Google LLC, US",US,
147.185.132.240,ip,ssh-probe,low,20,expired,2026-09-29,2026-09-29,2,396982,"GOOGLE-CLOUD-PLATFORM - Google LLC, US",US,
147.185.132.243,ip,ssh-probe,low,20,expired,2026-09-23,2026-09-23,2,396982,"GOOGLE-CLOUD-PLATFORM - Google LLC, US",US,
147.185.132.255,ip,ssh-probe,low,20,stale,2026-10-06,2026-10-06,2,396982,"GOOGLE-CLOUD-PLATFORM - Google LLC, US",US,
147.185.132.37,ip,ssh-probe,low,20,expired,2026-09-28,2026-09-28,2,396982,"GOOGLE-CLOUD-PLATFORM - Google LLC, US",US,
147.185.132.42,ip,ssh-probe,low,20,expired,2026-09-25,2026-09-25,2,396982,"GOOGLE-CLOUD-PLATFORM - Google LLC, US",US,
147.185.132.57,ip,ssh-probe,low,20,expired,2026-09-23,2026-09-23,2,396982,"GOOGLE-CLOUD-PLATFORM - Google LLC, US",US,
147.185.132.93,ip,ssh-probe,low,20,expired,2026-10-01,2026-10-01,2,396982,"GOOGLE-CLOUD-PLATFORM - Google LLC, US",US,
147.185.132.94,ip,ssh-probe,low,20,expired,2026-09-15,2026-09-15,2,396982,"GOOGLE-CLOUD-PLATFORM - Google LLC, US",US,
147.235.221.175,ip,ssh-probe,low,20,expired,2026-09-15,2026-09-15,2,6810,"BEZEK - _Bezeq_- THE ISRAEL TELECOMMUNICATION CORP. LTD., IL",IL,
148.222.217.34,ip,ssh-probe,low,20,expired,2026-09-13,2026-09-13,2,14593,"SPACEX-STARLINK - Space Exploration Technologies Corporation, US",CL,
149.224.27.106,ip,ssh-probe,low,20,stale,2026-10-07,2026-10-07,2,15943,"WTNET-AS - wilhelm.tel GmbH, DE",DE,
149.71.36.155,ip,ssh-probe,low,20,expired,2026-09-24,2026-09-24,2,138655,"TES-PL-AS-AP - Trans World Enterprise Services (Private) Limited, PK",US,
15.206.245.0,ip,http-scan,low,30,expired,2026-09-23,2026-09-25,2,16509,"AMAZON-02 - Amazon.com, Inc., US",US,
150.241.96.46,ip,http-scan,low,30,expired,2026-09-24,2026-09-24,2,215590,"XORA-AS - DpkgSoft International Limited, GB",US,
151.0.46.232,ip,ssh-probe,low,20,expired,2026-09-26,2026-09-26,2,211101,"maxlink - Nasteka Maksim Viktorovich, RU",RU,
151.233.168.121,ip,ssh-probe,low,20,expired,2026-10-03,2026-10-03,2,58224,"TCI - Iran Telecommunication Company PJS, IR",IR,
151.243.11.174,ip,http-scan,low,30,stale,2026-09-30,2026-09-30,2,209630,"KREDIT-AS - LLC VASH KREDIT BANK, UA",AE,
151.245.151.100,ip,http-scan,low,30,active,2026-10-09,2026-10-09,2,393406,"DIGITALOCEAN-AS393406 - DigitalOcean, LLC, US",AE,
151.245.151.157,ip,ssh-probe,low,20,expired,2026-10-02,2026-10-02,2,393406,"DIGITALOCEAN-AS393406 - DigitalOcean, LLC, US",AE,
151.245.151.174,ip,ssh-probe,low,20,expired,2026-09-29,2026-09-29,2,393406,"DIGITALOCEAN-AS393406 - DigitalOcean, LLC, US",AE,
151.245.151.180,ip,ssh-probe,low,20,active,2026-10-09,2026-10-09,2,393406,"DIGITALOCEAN-AS393406 - DigitalOcean, LLC, US",AE,
151.245.151.221,ip,ssh-probe,low,20,stale,2026-10-06,2026-10-06,2,393406,"DIGITALOCEAN-AS393406 - DigitalOcean, LLC, US",AE,
151.245.151.76,ip,http-scan,low,30,stale,2026-10-02,2026-10-02,2,393406,"DIGITALOCEAN-AS393406 - DigitalOcean, LLC, US",AE,
151.245.151.78,ip,http-scan,low,30,active,2026-10-06,2026-10-06,2,393406,"DIGITALOCEAN-AS393406 - DigitalOcean, LLC, US",AE,
151.245.151.85,ip,http-scan,low,30,expired,2026-09-14,2026-09-14,2,393406,"DIGITALOCEAN-AS393406 - DigitalOcean, LLC, US",AE,
151.245.151.89,ip,http-scan,low,30,stale,2026-09-29,2026-09-29,2,393406,"DIGITALOCEAN-AS393406 - DigitalOcean, LLC, US",AE,
151.245.151.91,ip,http-scan,low,30,expired,2026-09-25,2026-09-25,2,393406,"DIGITALOCEAN-AS393406 - DigitalOcean, LLC, US",AE,
152.200.195.252,ip,ssh-probe,low,20,expired,2026-09-14,2026-09-14,2,3816,"AS3816 - COLOMBIA TELECOMUNICACIONES S.A. ESP BIC, CO",CO,
152.32.169.42,ip,http-scan,low,30,stale,2026-09-30,2026-09-30,2,135377,"UCLOUD-HK-AS-AP - UCLOUD INFORMATION TECHNOLOGY (HK) LIMITED, HK",HK,
152.32.240.77,ip,http-scan,low,30,stale,2026-10-02,2026-10-02,2,135377,"UCLOUD-HK-AS-AP - UCLOUD INFORMATION TECHNOLOGY (HK) LIMITED, HK",HK,
153.80.241.7,ip,http-scan,low,30,stale,2026-09-27,2026-09-27,2,215540,"GCS-AS - GLOBAL CONNECTIVITY SOLUTIONS LLP, GB",RU,
154.16.44.130,ip,ssh-probe,low,20,expired,2026-09-25,2026-09-25,2,25369,"BANDWIDTH-AS - Hydra Communications Ltd, GB",ZA,
154.16.44.58,ip,ssh-probe,low,20,expired,2026-09-23,2026-09-23,2,25369,"BANDWIDTH-AS - Hydra Communications Ltd, GB",ZA,
154.37.82.141,ip,ssh-probe,low,20,expired,2026-09-23,2026-09-23,2,46261,"QUICKPACKET - QuickPacket, LLC, US",US,
154.68.195.210,ip,ssh-probe,low,20,expired,2026-09-30,2026-09-30,2,37661,"Nigerian Research and Education Network Limited by Guarantee - Nigerian Research and Education Network Limited by Guarantee, NG",NG,
154.71.186.206,ip,ssh-probe,low,20,expired,2026-09-27,2026-09-27,2,36907,"TV CABO ANGOLA LDA - TV CABO ANGOLA LDA, AO",AO,
154.8.209.65,ip,ssh-probe,low,20,expired,2026-09-23,2026-09-23,2,45090,"TENCENT-NET-AP - Shenzhen Tencent Computer Systems Company Limited, CN",CN,
155.102.201.82,ip,ssh-probe,low,20,expired,2026-09-24,2026-09-24,2,24429,"Taobao - Zhejiang Taobao Network Co.,Ltd, CN",US,
156.155.36.139,ip,ssh-probe,low,20,active,2026-10-08,2026-10-08,2,37611,"AFRIHOST SP (PTY) LTD - AFRIHOST SP (PTY) LTD, ZA",ZA,
156.225.1.33,ip,ssh-probe,low,20,expired,2026-09-10,2026-09-10,2,9465,"AGOTOZPTELTD-AS-AP - AGOTOZ PTE. LTD., SG",SC,
156.225.1.43,ip,http-scan,low,30,expired,2026-09-23,2026-09-23,2,9465,"AGOTOZPTELTD-AS-AP - AGOTOZ PTE. LTD., SG",SC,
156.225.1.64,ip,http-scan,low,30,expired,2026-09-25,2026-09-25,2,9465,"AGOTOZPTELTD-AS-AP - AGOTOZ PTE. LTD., SG",SC,
156.227.234.198,ip,ssh-bruteforce,medium,60,stale,2026-09-11,2026-09-11,2,138152,"YISUCLOUDLTD-HK - YISU CLOUD LTD, HK",SC,
157.100.53.93,ip,ssh-probe,low,20,expired,2026-09-13,2026-09-13,2,52468,"AS52468 - UFINET PANAMA S.A., PA",EC,
157.230.1.248,ip,ssh-probe,low,20,expired,2026-09-10,2026-09-10,2,14061,"DIGITALOCEAN-ASN - DigitalOcean, LLC, US",US,
157.230.103.116,ip,http-scan,low,30,expired,2026-09-24,2026-09-24,2,14061,"DIGITALOCEAN-ASN - DigitalOcean, LLC, US",US,
157.230.173.140,ip,ssh-probe,low,20,expired,2026-10-02,2026-10-02,2,14061,"DIGITALOCEAN-ASN - DigitalOcean, LLC, US",US,
157.245.69.32,ip,http-scan,low,30,stale,2026-09-23,2026-09-27,2,14061,"DIGITALOCEAN-ASN - DigitalOcean, LLC, US",US,
157.245.72.120,ip,http-scan,low,30,active,2026-09-30,2026-10-07,2,14061,"DIGITALOCEAN-ASN - DigitalOcean, LLC, US",US,
157.245.74.197,ip,http-scan,low,30,stale,2026-10-03,2026-10-03,2,14061,"DIGITALOCEAN-ASN - DigitalOcean, LLC, US",US,
157.245.74.91,ip,http-scan,low,30,stale,2026-10-01,2026-10-01,2,14061,"DIGITALOCEAN-ASN - DigitalOcean, LLC, US",US,
157.245.75.74,ip,http-scan,low,30,stale,2026-09-30,2026-09-30,2,14061,"DIGITALOCEAN-ASN - DigitalOcean, LLC, US",US,
157.245.76.117,ip,http-scan,low,30,stale,2026-10-02,2026-10-02,2,14061,"DIGITALOCEAN-ASN - DigitalOcean, LLC, US",US,
159.223.212.2,ip,http-scan,low,30,active,2026-10-07,2026-10-07,2,14061,"DIGITALOCEAN-ASN - DigitalOcean, LLC, US",US,
159.65.135.164,ip,http-scan,low,30,active,2026-10-01,2026-10-04,2,14061,"DIGITALOCEAN-ASN - DigitalOcean, LLC, US",US,
159.65.197.104,ip,http-scan,low,30,active,2026-10-04,2026-10-04,2,14061,"DIGITALOCEAN-ASN - DigitalOcean, LLC, US",US,
159.65.200.87,ip,http-scan,low,30,active,2026-10-06,2026-10-06,2,14061,"DIGITALOCEAN-ASN - DigitalOcean, LLC, US",US,
16.5.0.164,ip,ssh-probe,low,20,expired,2026-09-29,2026-09-29,2,401661,"EMBNEX-AS - EMBNEX, LLC, US",US,
16.5.0.166,ip,ssh-probe,low,20,expired,2026-09-29,2026-09-29,2,401661,"EMBNEX-AS - EMBNEX, LLC, US",US,
16.5.0.186,ip,http-scan,low,30,expired,2026-09-26,2026-09-26,2,401661,"EMBNEX-AS - EMBNEX, LLC, US",US,
160.250.241.202,ip,ssh-probe,low,20,stale,2026-10-06,2026-10-06,2,137526,"PLUSNETINC-AS-AP - Plusnet Inc, BD",BD,
160.30.212.145,ip,ssh-probe,low,20,expired,2026-09-23,2026-09-23,2,138166,"MTATCL-AS-AP - MaxxB Fiber Internet, MM",MM,
161.35.150.230,ip,http-scan,low,30,expired,2026-09-26,2026-09-26,2,14061,"DIGITALOCEAN-ASN - DigitalOcean, LLC, US",US,
161.35.153.164,ip,http-scan,low,30,active,2026-10-09,2026-10-09,2,14061,"DIGITALOCEAN-ASN - DigitalOcean, LLC, US",US,
161.35.157.225,ip,http-scan,low,30,expired,2026-09-25,2026-09-25,2,14061,"DIGITALOCEAN-ASN - DigitalOcean, LLC, US",US,
161.35.231.187,ip,http-scan,low,30,active,2026-10-04,2026-10-04,2,14061,"DIGITALOCEAN-ASN - DigitalOcean, LLC, US",US,
161.35.239.111,ip,http-scan,low,30,expired,2026-09-15,2026-09-15,2,14061,"DIGITALOCEAN-ASN - DigitalOcean, LLC, US",US,
162.210.43.174,ip,ssh-probe,low,20,expired,2026-09-28,2026-09-28,2,14979,"AERONET-WIRELESS - Aeronet Wireless, PR",PR,
163.172.83.95,ip,http-scan,low,30,stale,2026-09-29,2026-09-29,2,12876,"AS12876 - Scaleway SAS, FR",FR,
164.68.100.166,ip,http-scan,low,30,stale,2026-09-30,2026-09-30,2,51167,"CONTABO - Contabo GmbH, DE",DE,
164.90.202.79,ip,http-scan,low,30,expired,2026-09-25,2026-09-25,2,14061,"DIGITALOCEAN-ASN - DigitalOcean, LLC, US",US,
164.92.128.240,ip,ssh-probe,low,20,expired,2026-10-02,2026-10-02,2,14061,"DIGITALOCEAN-ASN - DigitalOcean, LLC, US",US,
164.92.215.178,ip,ssh-probe,low,20,expired,2026-09-15,2026-09-15,2,14061,"DIGITALOCEAN-ASN - DigitalOcean, LLC, US",US,
165.165.109.58,ip,ssh-probe,low,20,stale,2026-10-07,2026-10-07,2,5713,"Telkom SA Ltd. - Telkom SA Ltd., ZA",ZA,
165.22.199.112,ip,http-scan,low,30,stale,2026-10-03,2026-10-03,2,14061,"DIGITALOCEAN-ASN - DigitalOcean, LLC, US",US,
165.22.207.231,ip,http-scan,low,30,expired,2026-09-15,2026-09-15,2,14061,"DIGITALOCEAN-ASN - DigitalOcean, LLC, US",US,
165.22.73.78,ip,http-scan,low,30,stale,2026-09-29,2026-10-01,2,14061,"DIGITALOCEAN-ASN - DigitalOcean, LLC, US",US,
165.225.121.39,ip,http-scan,low,30,active,2026-10-09,2026-10-09,2,53813,"ZSCALER-INC - ZSCALER, INC., US",US,
165.225.121.63,ip,http-scan,low,30,stale,2026-09-29,2026-09-29,2,53813,"ZSCALER-INC - ZSCALER, INC., US",US,
165.227.138.104,ip,http-scan,low,30,stale,2026-09-30,2026-09-30,2,14061,"DIGITALOCEAN-ASN - DigitalOcean, LLC, US",US,
165.227.139.109,ip,http-scan,low,30,active,2026-10-08,2026-10-08,2,14061,"DIGITALOCEAN-ASN - DigitalOcean, LLC, US",US,
165.232.66.43,ip,ssh-probe,low,20,expired,2026-09-26,2026-09-26,2,14061,"DIGITALOCEAN-ASN - DigitalOcean, LLC, US",US,
165.245.142.87,ip,http-scan,low,30,stale,2026-09-25,2026-10-02,2,14061,"DIGITALOCEAN-ASN - DigitalOcean, LLC, US",US,
165.245.249.61,ip,http-scan,low,30,expired,2026-09-26,2026-09-26,2,14061,"DIGITALOCEAN-ASN - DigitalOcean, LLC, US",US,
165.50.15.18,ip,ssh-probe,low,20,expired,2026-09-14,2026-09-14,2,37492,"Orange Tunisie - Orange Tunisie, TN",TN,
165.73.180.146,ip,ssh-probe,low,20,expired,2026-09-13,2026-09-13,2,328471,"HERO TELECOMS (PTY) LTD - HERO TELECOMS (PTY) LTD, ZA",ZA,
167.172.144.232,ip,ssh-probe,low,20,expired,2026-09-29,2026-09-29,2,14061,"DIGITALOCEAN-ASN - DigitalOcean, LLC, US",US,
167.172.40.9,ip,ssh-probe,low,20,expired,2026-09-15,2026-09-15,2,14061,"DIGITALOCEAN-ASN - DigitalOcean, LLC, US",US,
167.71.189.38,ip,http-scan,low,30,expired,2026-09-26,2026-09-26,2,14061,"DIGITALOCEAN-ASN - DigitalOcean, LLC, US",US,
167.71.5.129,ip,http-scan,low,30,stale,2026-09-29,2026-09-29,2,14061,"DIGITALOCEAN-ASN - DigitalOcean, LLC, US",US,
167.94.146.54,ip,ssh-probe,low,20,expired,2026-09-24,2026-09-24,2,398705,"CENSYS-ARIN-02 - Censys, Inc., US",US,
167.94.146.55,ip,ssh-probe,low,20,expired,2026-10-02,2026-10-02,2,398705,"CENSYS-ARIN-02 - Censys, Inc., US",US,
167.99.114.145,ip,http-scan,low,30,expired,2026-09-15,2026-09-15,2,14061,"DIGITALOCEAN-ASN - DigitalOcean, LLC, US",US,
168.196.32.113,ip,ssh-probe,low,20,expired,2026-09-12,2026-09-12,2,52436,"AS52436 - Cable Televisora Color, AR",AR,
169.224.2.97,ip,ssh-probe,low,20,expired,2026-09-30,2026-09-30,2,199739,"Earthlink-DMCC-IQ - Earthlink Telecommunications Equipment Trading & Services DMCC, AE",AE,
171.220.244.134,ip,ssh-probe,low,20,expired,2026-10-02,2026-10-02,2,38283,"CHINANET-SCIDC-AS-AP - CHINANET SiChuan Telecom Internet Data Center, CN",CN,
171.34.139.222,ip,ssh-probe,low,20,expired,2026-10-02,2026-10-02,2,4837,"CHINA169-Backbone - CHINA UNICOM China169 Backbone, CN",CN,
172.105.128.12,ip,http-scan,low,30,expired,2026-09-15,2026-09-25,2,63949,"AKAMAI-LINODE-AP - Akamai Connected Cloud, SG",US,
172.110.223.84,ip,http-scan,low,30,stale,2026-09-15,2026-09-27,2,47154,"HUSAM-Network - HUSAM A. H. HIJAZI, PS",HK,
172.184.202.10,ip,ssh-probe,low,20,expired,2026-10-01,2026-10-01,2,8075,"MICROSOFT-CORP-MSN-AS-BLOCK - Microsoft Corporation, US",GB,
172.185.49.133,ip,ssh-probe,low,20,expired,2026-09-28,2026-09-28,2,8075,"MICROSOFT-CORP-MSN-AS-BLOCK - Microsoft Corporation, US",GB,
172.202.106.156,ip,http-scan,low,30,expired,2026-09-24,2026-09-26,2,8075,"MICROSOFT-CORP-MSN-AS-BLOCK - Microsoft Corporation, US",GB,
172.236.228.218,ip,http-scan,low,30,expired,2026-09-24,2026-09-26,2,63949,"AKAMAI-LINODE-AP - Akamai Connected Cloud, SG",US,
172.236.228.224,ip,http-scan,low,30,stale,2026-09-24,2026-10-01,2,63949,"AKAMAI-LINODE-AP - Akamai Connected Cloud, SG",US,
172.236.228.227,ip,http-scan,low,30,active,2026-10-09,2026-10-09,2,63949,"AKAMAI-LINODE-AP - Akamai Connected Cloud, SG",US,
172.239.64.155,ip,ssh-probe,low,20,expired,2026-09-14,2026-09-14,2,63949,"AKAMAI-LINODE-AP - Akamai Connected Cloud, SG",US,
172.239.71.245,ip,http-scan,low,30,expired,2026-09-24,2026-09-26,2,63949,"AKAMAI-LINODE-AP - Akamai Connected Cloud, SG",US,
172.59.116.48,ip,ssh-probe,low,20,active,2026-10-08,2026-10-08,2,21928,"T-MOBILE-AS21928 - T-Mobile USA, Inc., US",US,
172.59.217.131,ip,ssh-probe,low,20,expired,2026-09-23,2026-09-23,2,21928,"T-MOBILE-AS21928 - T-Mobile USA, Inc., US",US,
172.83.255.253,ip,http-scan,low,30,expired,2026-09-15,2026-09-15,2,213954,"GTS-AS - Global Transit Systems LLC, US",US,
172.93.215.8,ip,http-scan,low,30,active,2026-10-04,2026-10-06,2,27176,"DATAWAGON - DataWagon LLC, US",US,
172.94.9.55,ip,ssh-probe,low,20,expired,2026-09-29,2026-09-29,2,213790,"LimitedNetwork-AS - Limited Network LTD, GB",US,
173.19.168.227,ip,ssh-probe,low,20,expired,2026-09-29,2026-09-29,2,30036,"MEDIACOM-ENTERPRISE-BUSINESS - Mediacom Communications Corp, US",US,
174.138.39.145,ip,ssh-probe,low,20,stale,2026-10-06,2026-10-06,2,14061,"DIGITALOCEAN-ASN - DigitalOcean, LLC, US",US,
175.100.56.101,ip,ssh-probe,low,20,expired,2026-09-22,2026-09-22,2,38623,"VIETTELCAMBODIA-AS-AP - ISP/IXP IN CAMBODIA WITH THE BEST VERVICE IN THERE., KH",KH,
175.12.108.55,ip,ssh-probe,low,20,expired,2026-09-29,2026-09-29,2,151823,"CT-Centralsouth-China-IIP - China Telecom, CN",CN,
176.102.223.42,ip,ssh-probe,low,20,expired,2026-09-26,2026-09-26,2,39822,"FOBOS-AS - Center for Information Technologies _Fobos_ Ltd., UA",UA,
176.120.100.227,ip,ssh-probe,low,20,expired,2026-09-11,2026-09-11,2,200814,"GAZIKNET - LIMNET , LLC, UA",UA,
176.131.12.147,ip,ssh-probe,low,20,active,2026-10-10,2026-10-10,2,5410,"BOUYGTEL-ISP - Bouygues Telecom SA, FR",FR,
176.131.27.172,ip,ssh-probe,low,20,expired,2026-09-10,2026-09-10,2,5410,"BOUYGTEL-ISP - Bouygues Telecom SA, FR",FR,
176.241.84.79,ip,ssh-probe,low,20,expired,2026-09-13,2026-09-13,2,57000,"LinkiWay - LinkiWay DMCC, AE",IQ,
176.29.241.133,ip,ssh-probe,low,20,expired,2026-09-10,2026-09-10,2,48832,"Zain-Jo - Jordanian mobile phone services Ltd, JO",JO,
176.40.167.10,ip,ssh-probe,low,20,expired,2026-09-10,2026-09-10,2,34984,"TELLCOM-AS - Superonline Iletisim Hizmetleri A.S., TR",TR,
176.98.25.165,ip,ssh-probe,low,20,expired,2026-09-23,2026-09-23,2,49889,"CRYSTAL-AS - Crystal Telecom Ltd, UA",UA,
176.99.98.108,ip,ssh-probe,low,20,expired,2026-09-28,2026-09-28,2,208397,"INFOSTROY-AS - INFOSTROY LLC, RU",RU,
177.239.83.10,ip,ssh-probe,low,20,expired,2026-09-26,2026-09-26,2,28509,"AS28509 - Cablemas Telecomunicaciones SA de CV, MX",MX,
177.250.58.151,ip,ssh-probe,low,20,expired,2026-09-12,2026-09-12,2,27768,"AS27768 - COMPANIA PARAGUAYA DE COMUNICACIONES S.A. (COPACO S.A.), PY",PY,
177.33.22.12,ip,ssh-probe,low,20,expired,2026-09-14,2026-09-14,2,28573,"AS28573 - Claro NXT Telecomunicacoes Ltda, BR",BR,
177.37.88.216,ip,ssh-probe,low,20,active,2026-10-08,2026-10-08,2,262417,"AS262417 - UltraTelecom Provedora de Internet, BR",BR,
177.67.105.11,ip,ssh-probe,low,20,expired,2026-09-23,2026-09-23,2,262517,"AS262517 - NIQTURBO PIMENTEL E MOREIRA LTDA, BR",BR,
178.150.175.48,ip,ssh-probe,low,20,active,2026-10-08,2026-10-08,2,13188,"TRIOLAN - CONTENT DELIVERY NETWORK LTD, UA",UA,
178.20.210.194,ip,http-scan,low,30,stale,2026-09-27,2026-09-28,2,210006,"ASKZ - Shereverov Marat Ahmedovich, KZ",DE,
178.230.102.239,ip,ssh-probe,low,20,expired,2026-09-24,2026-09-24,2,31615,"Odido - Odido Netherlands B.V., NL",NL,
178.62.225.11,ip,http-scan,low,30,expired,2026-09-24,2026-09-24,2,14061,"DIGITALOCEAN-ASN - DigitalOcean, LLC, US",US,
178.62.229.93,ip,http-scan,low,30,stale,2026-09-28,2026-09-28,2,14061,"DIGITALOCEAN-ASN - DigitalOcean, LLC, US",US,
178.62.252.78,ip,http-scan,low,30,stale,2026-09-27,2026-09-27,2,14061,"DIGITALOCEAN-ASN - DigitalOcean, LLC, US",US,
178.62.255.24,ip,http-scan,low,30,active,2026-10-07,2026-10-07,2,14061,"DIGITALOCEAN-ASN - DigitalOcean, LLC, US",US,
178.73.103.184,ip,ssh-probe,low,20,expired,2026-09-12,2026-09-12,2,35819,"Mobily-AS - Etihad Etisalat, a joint stock company, SA",SA,
179.1.224.13,ip,ssh-probe,low,20,stale,2026-10-07,2026-10-07,2,18678,"AS18678 - INTERNEXA S.A. E.S.P, CO",CO,
179.49.105.198,ip,ssh-probe,low,20,stale,2026-10-07,2026-10-07,2,27955,"AS27955 - Cooperativa de Provision de Servicios Publicos de Tortuguitas, AR",AR,
18.215.153.3,ip,ssh-probe,low,20,stale,2026-10-04,2026-10-04,2,14618,"AMAZON-AES - Amazon.com, Inc., US",US,
18.97.26.89,ip,ssh-probe,low,20,expired,2026-09-29,2026-09-29,2,14618,"AMAZON-AES - Amazon.com, Inc., US",US,
180.100.217.164,ip,ssh-probe,low,20,expired,2026-10-02,2026-10-02,2,4134,"CHINANET-BACKBONE - No.31,Jin-rong Street, CN",CN,
180.184.74.162,ip,ssh-probe,low,20,expired,2026-09-29,2026-09-29,2,137718,"VOLCANO-ENGINE - Beijing Volcano Engine Technology Co., Ltd., CN",CN,
180.76.105.165,ip,ssh-probe,low,20,stale,2026-10-04,2026-10-04,2,38365,"Baidu - Beijing Baidu Netcom Science and Technology Co., Ltd., CN",CN,
180.76.135.219,ip,ssh-probe,low,20,stale,2026-10-06,2026-10-06,2,38365,"Baidu - Beijing Baidu Netcom Science and Technology Co., Ltd., CN",CN,
180.76.146.178,ip,ssh-probe,low,20,expired,2026-10-02,2026-10-02,2,38365,"Baidu - Beijing Baidu Netcom Science and Technology Co., Ltd., CN",CN,
181.0.115.78,ip,ssh-probe,low,20,expired,2026-09-11,2026-09-11,2,7303,"AS7303 - Telecom Argentina S.A., AR",AR,
181.105.243.71,ip,ssh-probe,low,20,expired,2026-09-13,2026-09-13,2,7303,"AS7303 - Telecom Argentina S.A., AR",AR,
181.12.10.163,ip,ssh-probe,low,20,active,2026-10-08,2026-10-08,2,7303,"AS7303 - Telecom Argentina S.A., AR",AR,
181.14.160.240,ip,ssh-probe,low,20,expired,2026-10-02,2026-10-02,2,7303,"AS7303 - Telecom Argentina S.A., AR",AR,
181.16.173.254,ip,ssh-probe,low,20,expired,2026-09-27,2026-09-27,2,52323,"AS52323 - Colsecor Cooperativa Limitada, AR",AR,
181.174.221.16,ip,ssh-probe,low,20,expired,2026-09-25,2026-09-25,2,271562,"AS271562 - WT NET COMUNICACAO LTDA, BR",BR,
181.209.78.186,ip,ssh-probe,low,20,expired,2026-09-25,2026-09-25,2,52361,"AS52361 - ARSAT - Empresa Argentina de Soluciones Satelitales S.A., AR",AR,
181.231.52.78,ip,ssh-probe,low,20,expired,2026-09-10,2026-09-10,2,7303,"AS7303 - Telecom Argentina S.A., AR",AR,
181.237.95.34,ip,ssh-probe,low,20,expired,2026-09-24,2026-09-24,2,3816,"AS3816 - COLOMBIA TELECOMUNICACIONES S.A. ESP BIC, CO",CO,
181.26.232.138,ip,ssh-probe,low,20,stale,2026-10-07,2026-10-07,2,22927,"AS22927 - Telefonica de Argentina, AR",AR,
181.42.184.35,ip,ssh-probe,low,20,expired,2026-09-13,2026-09-13,2,27651,"AS27651 - ENTEL CHILE S.A., CL",CL,
181.43.41.164,ip,ssh-probe,low,20,expired,2026-09-12,2026-09-12,2,27651,"AS27651 - ENTEL CHILE S.A., CL",CL,
181.44.254.203,ip,ssh-probe,low,20,expired,2026-09-12,2026-09-12,2,27747,"AS27747 - Telecentro S.A., AR",AR,
181.46.194.251,ip,ssh-probe,low,20,active,2026-10-08,2026-10-08,2,27747,"AS27747 - Telecentro S.A., AR",AR,
181.85.211.53,ip,ssh-probe,low,20,expired,2026-09-25,2026-09-25,2,27895,"AS27895 - Nucleo S.A., PY",PY,
181.91.68.18,ip,ssh-probe,low,20,expired,2026-09-13,2026-09-13,2,7303,"AS7303 - Telecom Argentina S.A., AR",AR,
181.98.138.118,ip,ssh-probe,low,20,expired,2026-09-26,2026-09-26,2,7303,"AS7303 - Telecom Argentina S.A., AR",AR,
182.126.218.124,ip,ssh-probe,low,20,expired,2026-09-14,2026-09-14,2,4837,"CHINA169-Backbone - CHINA UNICOM China169 Backbone, CN",CN,
182.138.158.244,ip,ssh-probe,low,20,stale,2026-10-04,2026-10-04,2,4134,"CHINANET-BACKBONE - No.31,Jin-rong Street, CN",CN,
182.44.6.221,ip,ssh-probe,low,20,expired,2026-10-01,2026-10-01,2,58519,"CHINATELECOM-Ctcloud - Cloud Computing Corporation, CN",CN,
182.61.20.116,ip,ssh-probe,low,20,expired,2026-10-03,2026-10-03,2,38365,"Baidu - Beijing Baidu Netcom Science and Technology Co., Ltd., CN",CN,
182.8.182.212,ip,ssh-probe,low,20,expired,2026-09-27,2026-09-27,2,23693,"TELKOMSEL-ASN-ID - PT. Telekomunikasi Selular, ID",ID,
182.92.113.177,ip,ssh-probe,low,20,expired,2026-10-02,2026-10-02,2,37963,"ALIBABA-CN-NET - Hangzhou Alibaba Advertising Co.,Ltd., CN",CN,
182.92.202.149,ip,ssh-probe,low,20,expired,2026-09-11,2026-09-11,2,37963,"ALIBABA-CN-NET - Hangzhou Alibaba Advertising Co.,Ltd., CN",CN,
183.23.58.39,ip,ssh-probe,low,20,expired,2026-10-03,2026-10-03,2,4134,"CHINANET-BACKBONE - No.31,Jin-rong Street, CN",CN,
183.247.202.167,ip,ssh-probe,low,20,expired,2026-09-14,2026-09-14,2,56041,"CMNET-Zhejiang-AP - China Mobile communications corporation, CN",CN,
183.36.35.195,ip,http-scan,low,30,expired,2026-09-25,2026-09-25,2,4134,"CHINANET-BACKBONE - No.31,Jin-rong Street, CN",CN,
183.71.242.250,ip,ssh-post-auth,high,90,active,2026-09-27,2026-09-27,2,4134,"CHINANET-BACKBONE - No.31,Jin-rong Street, CN",CN,
184.105.139.68,ip,ssh-probe,low,20,stale,2026-10-04,2026-10-04,2,6939,"HURRICANE - Hurricane Electric LLC, US",US,
184.82.88.207,ip,ssh-probe,low,20,expired,2026-09-11,2026-09-11,2,133481,"AIS-Fibre-AS-AP - AIS Fibre, TH",TH,
185.13.200.114,ip,ssh-probe,low,20,expired,2026-09-11,2026-09-11,2,34977,"PROCONO-AS - PROCONO S.A., ES",ES,
185.146.113.86,ip,ssh-probe,low,20,expired,2026-09-26,2026-09-26,2,57293,"ag-telecom-katv1 - AG Telekom MMC., AZ",AZ,
185.180.141.9,ip,ssh-probe,low,20,stale,2026-10-06,2026-10-06,2,21859,"ZEN-ECN - Zenlayer Inc, US",PT,
185.201.177.232,ip,ssh-probe,low,20,expired,2026-09-13,2026-09-13,2,200845,"AVATEL-AS - AVATEL TELECOM, SA, ES",ES,
185.202.174.22,ip,http-scan,low,30,stale,2026-09-30,2026-10-01,2,62164,"HEYMMAN-2 - Heymman Servers Corporation, CA",CA,
185.205.147.69,ip,ssh-probe,low,20,expired,2026-09-13,2026-09-13,2,15377,"FREGAT - TRADITIONAL LLC, UA",UA,
185.216.145.169,ip,ssh-probe,low,20,expired,2026-09-16,2026-09-16,2,25369,"BANDWIDTH-AS - Hydra Communications Ltd, GB",GB,
185.223.235.32,ip,ssh-probe,low,20,expired,2026-09-24,2026-09-24,2,25369,"BANDWIDTH-AS - Hydra Communications Ltd, GB",GB,
185.226.196.19,ip,ssh-probe,low,20,stale,2026-10-06,2026-10-06,2,21859,"ZEN-ECN - Zenlayer Inc, US",PT,
185.233.180.150,ip,ssh-probe,low,20,expired,2026-10-03,2026-10-03,2,204986,"Sparktel - Sparktel LLC, AZ",AZ,
185.247.137.237,ip,ssh-probe,low,20,expired,2026-09-26,2026-09-26,2,211298,"DRIFTNET - Driftnet Ltd, GB",GB,
185.247.137.252,ip,ssh-probe,low,20,active,2026-10-08,2026-10-08,2,211298,"DRIFTNET - Driftnet Ltd, GB",GB,
185.247.137.87,ip,ssh-probe,low,20,expired,2026-09-13,2026-09-13,2,211298,"DRIFTNET - Driftnet Ltd, GB",GB,
185.41.21.163,ip,ssh-probe,low,20,stale,2026-10-07,2026-10-07,2,52045,"VIZIT-AS - PTRC-VIZIT, UA",PL,
185.76.69.211,ip,ssh-probe,low,20,expired,2026-09-26,2026-09-26,2,199995,"OT-AS - Omega Telecom LLC, UA",UA,
185.82.177.76,ip,ssh-probe,low,20,active,2026-10-09,2026-10-09,2,60986,"RDITELECOM-AS - ZagorodTelecom LLC, RU",RU,
185.9.184.157,ip,ssh-probe,low,20,expired,2026-09-10,2026-09-10,2,60246,"PG-19 - Consumer Internet Cooperative PG-19, RU",AM,
186.128.20.199,ip,ssh-probe,low,20,active,2026-10-08,2026-10-08,2,22927,"AS22927 - Telefonica de Argentina, AR",AR,
186.131.163.241,ip,ssh-probe,low,20,expired,2026-09-13,2026-09-13,2,22927,"AS22927 - Telefonica de Argentina, AR",AR,
186.18.4.13,ip,ssh-probe,low,20,active,2026-10-08,2026-10-08,2,27747,"AS27747 - Telecentro S.A., AR",AR,
186.19.123.216,ip,ssh-probe,low,20,expired,2026-10-01,2026-10-01,2,27747,"AS27747 - Telecentro S.A., AR",AR,
186.22.253.19,ip,ssh-probe,low,20,expired,2026-09-12,2026-09-12,2,27747,"AS27747 - Telecentro S.A., AR",AR,
186.22.57.250,ip,ssh-probe,low,20,stale,2026-10-06,2026-10-06,2,27747,"AS27747 - Telecentro S.A., AR",AR,
186.232.95.211,ip,ssh-probe,low,20,stale,2026-10-07,2026-10-07,2,269096,"AS269096 - N&K TECNOLOGIA LTDA, BR",BR,
186.29.87.177,ip,ssh-probe,low,20,expired,2026-09-25,2026-09-25,2,19429,"AS19429 - ETB - Colombia, CO",CO,
186.56.142.126,ip,ssh-probe,low,20,expired,2026-09-14,2026-09-14,2,22927,"AS22927 - Telefonica de Argentina, AR",AR,
186.79.115.16,ip,ssh-probe,low,20,expired,2026-09-15,2026-09-15,2,7418,"AS7418 - TELEFONICA CHILE S.A., CL",CL,
186.82.84.39,ip,ssh-probe,low,20,expired,2026-09-28,2026-09-28,2,10620,"AS10620 - Telmex Colombia S.A., CO",CO,
186.82.99.13,ip,ssh-probe,low,20,expired,2026-09-13,2026-09-13,2,10620,"AS10620 - Telmex Colombia S.A., CO",CO,
187.188.227.250,ip,ssh-probe,low,20,expired,2026-09-25,2026-09-25,2,17072,"AS17072 - TOTAL PLAY TELECOMUNICACIONES, S.A.P.I. DE C.V., MX",MX,
187.249.104.108,ip,ssh-probe,low,20,stale,2026-10-04,2026-10-04,2,32098,"TRANSTELCO-INC - Transtelco Inc, US",MX,
187.249.104.109,ip,ssh-probe,low,20,stale,2026-10-04,2026-10-04,2,32098,"TRANSTELCO-INC - Transtelco Inc, US",MX,
188.130.177.74,ip,ssh-probe,low,20,expired,2026-09-11,2026-09-11,2,39065,"SOHONET-AS - Southern Telecommunication Company Ltd., UA",CZ,
188.163.44.177,ip,ssh-probe,low,20,expired,2026-09-13,2026-09-13,2,15895,"KSNET-AS - _Kyivstar_ PJSC, UA",UA,
188.166.118.95,ip,http-scan,low,30,stale,2026-09-27,2026-09-27,2,14061,"DIGITALOCEAN-ASN - DigitalOcean, LLC, US",US,
188.166.124.195,ip,http-scan,low,30,active,2026-10-09,2026-10-09,2,14061,"DIGITALOCEAN-ASN - DigitalOcean, LLC, US",US,
188.166.14.53,ip,http-scan,low,30,expired,2026-09-23,2026-09-23,2,14061,"DIGITALOCEAN-ASN - DigitalOcean, LLC, US",US,
188.166.15.40,ip,http-scan,low,30,stale,2026-09-28,2026-09-28,2,14061,"DIGITALOCEAN-ASN - DigitalOcean, LLC, US",US,
188.166.16.184,ip,http-scan,low,30,active,2026-10-08,2026-10-08,2,14061,"DIGITALOCEAN-ASN - DigitalOcean, LLC, US",US,
188.166.30.137,ip,http-scan,low,30,active,2026-10-10,2026-10-10,2,14061,"DIGITALOCEAN-ASN - DigitalOcean, LLC, US",US,
188.166.39.68,ip,http-scan,low,30,expired,2026-09-24,2026-09-24,2,14061,"DIGITALOCEAN-ASN - DigitalOcean, LLC, US",US,
188.166.47.146,ip,http-scan,low,30,active,2026-10-08,2026-10-08,2,14061,"DIGITALOCEAN-ASN - DigitalOcean, LLC, US",US,
188.166.59.137,ip,http-scan,low,30,expired,2026-09-23,2026-09-23,2,14061,"DIGITALOCEAN-ASN - DigitalOcean, LLC, US",US,
188.166.7.104,ip,http-scan,low,30,stale,2026-10-02,2026-10-02,2,14061,"DIGITALOCEAN-ASN - DigitalOcean, LLC, US",US,
188.166.82.228,ip,http-scan,low,30,stale,2026-09-29,2026-09-29,2,14061,"DIGITALOCEAN-ASN - DigitalOcean, LLC, US",US,
188.166.90.6,ip,http-scan,low,30,stale,2026-10-01,2026-10-01,2,14061,"DIGITALOCEAN-ASN - DigitalOcean, LLC, US",US,
188.166.93.139,ip,http-scan,low,30,expired,2026-09-22,2026-09-22,2,14061,"DIGITALOCEAN-ASN - DigitalOcean, LLC, US",US,
188.212.158.89,ip,ssh-probe,low,20,expired,2026-09-23,2026-09-23,2,142299,"CLOUDFORESTCOLTD-AS-AP - CLOUDFOREST CO., LTD., TH",NL,
188.218.255.211,ip,ssh-probe,low,20,expired,2026-09-14,2026-09-14,2,30722,"VODAFONE-IT-ASN - Fastweb SpA, IT",IT,
189.164.71.24,ip,ssh-probe,low,20,active,2026-10-08,2026-10-08,2,8151,"AS8151 - UNINET, MX",MX,
189.174.50.23,ip,ssh-probe,low,20,expired,2026-09-10,2026-09-10,2,8151,"AS8151 - UNINET, MX",MX,
189.191.159.105,ip,ssh-probe,low,20,expired,2026-09-13,2026-09-13,2,8151,"AS8151 - UNINET, MX",MX,
189.203.132.87,ip,ssh-probe,low,20,expired,2026-09-22,2026-09-22,2,17072,"AS17072 - TOTAL PLAY TELECOMUNICACIONES, S.A.P.I. DE C.V., MX",MX,
189.216.235.150,ip,ssh-probe,low,20,expired,2026-09-27,2026-09-27,2,28548,"AS28548 - Cablevision, S.A. de C.V., MX",MX,
189.253.39.13,ip,ssh-probe,low,20,expired,2026-09-10,2026-09-10,2,8151,"AS8151 - UNINET, MX",MX,
189.84.38.7,ip,ssh-probe,low,20,active,2026-10-08,2026-10-08,2,270538,"AS270538 - MEGA CONNECT SERVICOS ESPECIAIS LTDA., BR",BR,
190.104.39.45,ip,ssh-probe,low,20,expired,2026-09-30,2026-09-30,2,52363,"AS52363 - Jumpnet Soluciones de Internet S.R.L., AR",AR,
190.114.39.252,ip,ssh-probe,low,20,expired,2026-09-24,2026-09-24,2,27901,"AS27901 - Pacifico Cable SPA., CL",CL,
190.139.17.220,ip,ssh-probe,low,20,expired,2026-09-14,2026-09-14,2,7303,"AS7303 - Telecom Argentina S.A., AR",AR,
190.14.232.100,ip,ssh-probe,low,20,active,2026-10-08,2026-10-08,2,27951,"AS27951 - Media Commerce Partners S.A, CO",CO,
190.143.254.67,ip,ssh-probe,low,20,active,2026-10-09,2026-10-09,2,28036,"AS28036 - Telefonia Celular de Nicaragua SA., NI",NI,
190.160.14.122,ip,ssh-probe,low,20,expired,2026-10-02,2026-10-02,2,22047,"AS22047 - VTR BANDA ANCHA S.A., CL",CL,
190.162.199.235,ip,ssh-probe,low,20,expired,2026-10-01,2026-10-01,2,22047,"AS22047 - VTR BANDA ANCHA S.A., CL",CL,
190.162.28.254,ip,ssh-probe,low,20,expired,2026-09-13,2026-09-13,2,22047,"AS22047 - VTR BANDA ANCHA S.A., CL",CL,
190.163.56.139,ip,ssh-probe,low,20,expired,2026-10-01,2026-10-01,2,22047,"AS22047 - VTR BANDA ANCHA S.A., CL",CL,
190.17.178.252,ip,ssh-probe,low,20,expired,2026-09-12,2026-09-12,2,7303,"AS7303 - Telecom Argentina S.A., AR",AR,
190.172.239.251,ip,ssh-probe,low,20,stale,2026-10-07,2026-10-07,2,22927,"AS22927 - Telefonica de Argentina, AR",AR,
190.202.15.115,ip,ssh-probe,low,20,expired,2026-09-25,2026-09-25,2,8048,"AS8048 - CANTV Servicios, Venezuela, VE",VE,
190.202.55.34,ip,ssh-probe,low,20,expired,2026-09-25,2026-09-25,2,8048,"AS8048 - CANTV Servicios, Venezuela, VE",VE,
190.203.26.215,ip,ssh-probe,low,20,active,2026-10-09,2026-10-09,2,8048,"AS8048 - CANTV Servicios, Venezuela, VE",VE,
190.229.94.239,ip,ssh-probe,low,20,expired,2026-09-23,2026-09-23,2,7303,"AS7303 - Telecom Argentina S.A., AR",AR,
190.242.106.252,ip,ssh-probe,low,20,expired,2026-09-12,2026-09-12,2,263238,"AS263238 - Eliana Vanessa Morocho Ona, EC",CO,
190.244.108.47,ip,ssh-probe,low,20,expired,2026-09-11,2026-09-11,2,7303,"AS7303 - Telecom Argentina S.A., AR",AR,
190.253.121.230,ip,ssh-probe,low,20,expired,2026-09-10,2026-09-10,2,3816,"AS3816 - COLOMBIA TELECOMUNICACIONES S.A. ESP BIC, CO",CO,
191.5.174.52,ip,ssh-probe,low,20,expired,2026-09-11,2026-09-11,2,263539,"AS263539 - NEW SYSTEM INTERNET, BR",BR,
191.85.120.0,ip,ssh-probe,low,20,active,2026-10-08,2026-10-08,2,22927,"AS22927 - Telefonica de Argentina, AR",AR,
192.144.166.221,ip,ssh-probe,low,20,expired,2026-09-23,2026-09-23,2,45090,"TENCENT-NET-AP - Shenzhen Tencent Computer Systems Company Limited, CN",CN,
192.144.201.122,ip,ssh-probe,low,20,expired,2026-09-23,2026-09-23,2,45090,"TENCENT-NET-AP - Shenzhen Tencent Computer Systems Company Limited, CN",CN,
192.144.4.157,ip,ssh-probe,low,20,expired,2026-09-27,2026-09-27,2,56529,"RUAD-AS - RuaD-Group LLC, RU",,
192.253.248.251,ip,ssh-probe,low,20,expired,2026-10-03,2026-10-03,2,213790,"LimitedNetwork-AS - Limited Network LTD, GB",US,
192.3.239.225,ip,http-scan,low,30,expired,2026-09-24,2026-09-24,2,36352,"AS-COLOCROSSING - HostPapa, US",US,
193.112.90.196,ip,ssh-probe,low,20,expired,2026-09-23,2026-09-23,2,45090,"TENCENT-NET-AP - Shenzhen Tencent Computer Systems Company Limited, CN",CN,
193.124.20.236,ip,http-scan,low,30,stale,2026-09-30,2026-10-01,2,25369,"BANDWIDTH-AS - Hydra Communications Ltd, GB",GB,
193.124.20.251,ip,ssh-probe,low,20,stale,2026-10-04,2026-10-04,2,25369,"BANDWIDTH-AS - Hydra Communications Ltd, GB",GB,
193.124.20.253,ip,http-scan,low,30,active,2026-10-03,2026-10-06,2,25369,"BANDWIDTH-AS - Hydra Communications Ltd, GB",GB,
193.142.146.201,ip,ssh-probe,low,20,expired,2026-09-13,2026-09-13,2,213438,"colocatel-inc - ColocaTel Inc., SC",DE,
193.176.31.206,ip,ssh-probe,low,20,active,2026-10-09,2026-10-09,2,25369,"BANDWIDTH-AS - Hydra Communications Ltd, GB",GB,
193.176.31.219,ip,ssh-probe,low,20,expired,2026-10-03,2026-10-03,2,25369,"BANDWIDTH-AS - Hydra Communications Ltd, GB",GB,
193.176.31.222,ip,http-scan,low,30,stale,2026-09-30,2026-09-30,2,25369,"BANDWIDTH-AS - Hydra Communications Ltd, GB",GB,
193.176.31.247,ip,http-scan,low,30,stale,2026-09-26,2026-09-30,2,25369,"BANDWIDTH-AS - Hydra Communications Ltd, GB",GB,
193.24.123.15,ip,http-scan,low,30,expired,2026-09-23,2026-09-23,2,200593,"PROSPERO-AS - PROSPERO OOO, RU",RU,
193.32.209.246,ip,ssh-probe,low,20,active,2026-10-09,2026-10-09,2,25369,"BANDWIDTH-AS - Hydra Communications Ltd, GB",GB,
194.0.157.219,ip,ssh-probe,low,20,expired,2026-09-16,2026-09-16,2,25099,"AS25099 - PE NEO-CRAFT, UA",UA,
194.187.178.40,ip,ssh-probe,low,20,expired,2026-10-02,2026-10-02,2,215778,"ALPHASTRIKE-HK - Alpha Strike Labs GmbH, DE",DE,
194.50.235.149,ip,ssh-probe,low,20,expired,2026-09-23,2026-09-23,2,25369,"BANDWIDTH-AS - Hydra Communications Ltd, GB",GB,
194.88.98.113,ip,http-scan,low,30,stale,2026-10-03,2026-10-03,2,25369,"BANDWIDTH-AS - Hydra Communications Ltd, GB",GB,
194.88.98.126,ip,http-scan,low,30,active,2026-09-29,2026-10-06,2,25369,"BANDWIDTH-AS - Hydra Communications Ltd, GB",GB,
194.88.98.94,ip,ssh-probe,low,20,expired,2026-09-28,2026-09-28,2,25369,"BANDWIDTH-AS - Hydra Communications Ltd, GB",GB,
195.184.76.153,ip,ssh-probe,low,20,expired,2026-10-03,2026-10-03,2,213412,"ONYPHE - ONYPHE SAS, FR",FR,
195.184.76.189,ip,ssh-probe,low,20,expired,2026-10-03,2026-10-03,2,213412,"ONYPHE - ONYPHE SAS, FR",FR,
195.184.76.48,ip,ssh-probe,low,20,expired,2026-10-03,2026-10-03,2,213412,"ONYPHE - ONYPHE SAS, FR",FR,
195.184.76.53,ip,ssh-probe,low,20,expired,2026-10-03,2026-10-03,2,213412,"ONYPHE - ONYPHE SAS, FR",FR,
195.184.76.54,ip,ssh-probe,low,20,expired,2026-10-03,2026-10-03,2,213412,"ONYPHE - ONYPHE SAS, FR",FR,
195.206.182.208,ip,ssh-probe,low,20,expired,2026-09-15,2026-09-15,2,25369,"BANDWIDTH-AS - Hydra Communications Ltd, GB",GB,
195.206.182.215,ip,ssh-probe,low,20,expired,2026-09-23,2026-09-23,2,25369,"BANDWIDTH-AS - Hydra Communications Ltd, GB",GB,
195.206.182.220,ip,ssh-probe,low,20,expired,2026-10-01,2026-10-01,2,25369,"BANDWIDTH-AS - Hydra Communications Ltd, GB",GB,
195.211.167.4,ip,ssh-probe,low,20,expired,2026-09-14,2026-09-14,2,33991,"IGRA-SERVICE-AS - IGRA-SERVICE LLC, RU",KG,
195.211.213.61,ip,ssh-probe,low,20,expired,2026-09-12,2026-09-12,2,31149,"ExpressNikopol-as - Shtoler Vitaliy Andreevich, UA",UA,
195.26.18.82,ip,ssh-probe,low,20,expired,2026-09-25,2026-09-25,2,212617,"ALDEN-AS - Lynnyk Olexii, UA",UA,
195.96.139.84,ip,http-scan,low,30,stale,2026-09-24,2026-10-01,2,211298,"DRIFTNET - Driftnet Ltd, GB",GB,
196.74.178.119,ip,ssh-probe,low,20,expired,2026-09-24,2026-09-24,2,36903,"Office National des Postes et Telecommunications ONPT (Maroc Telecom) / IAM - Office National des Postes et Telecommunications ONPT (Maroc Telecom) / IAM, MA",MA,
197.231.197.2,ip,ssh-probe,low,20,expired,2026-09-12,2026-09-12,2,37549,"Triponza Trading 376 CC - Triponza Trading 376 CC, ZA",ZA,
197.232.153.1,ip,ssh-probe,low,20,stale,2026-10-06,2026-10-06,2,36866,"Jamii Telecommunications Limited - Jamii Telecommunications Limited, KE",KE,
197.243.109.170,ip,ssh-probe,low,20,expired,2026-09-23,2026-09-23,2,37228,"KT RWANDA NETWORK Ltd - KT RWANDA NETWORK Ltd, RW",RW,
198.235.24.110,ip,ssh-probe,low,20,expired,2026-10-03,2026-10-03,2,396982,"GOOGLE-CLOUD-PLATFORM - Google LLC, US",US,
198.235.24.12,ip,ssh-probe,low,20,expired,2026-09-29,2026-09-29,2,396982,"GOOGLE-CLOUD-PLATFORM - Google LLC, US",US,
198.235.24.129,ip,ssh-probe,low,20,expired,2026-10-03,2026-10-03,2,396982,"GOOGLE-CLOUD-PLATFORM - Google LLC, US",US,
198.235.24.131,ip,ssh-probe,low,20,expired,2026-09-24,2026-09-24,2,396982,"GOOGLE-CLOUD-PLATFORM - Google LLC, US",US,
198.235.24.136,ip,ssh-probe,low,20,stale,2026-10-04,2026-10-04,2,396982,"GOOGLE-CLOUD-PLATFORM - Google LLC, US",US,
198.235.24.137,ip,http-scan,low,30,stale,2026-09-27,2026-10-01,2,396982,"GOOGLE-CLOUD-PLATFORM - Google LLC, US",US,
198.235.24.139,ip,ssh-probe,low,20,stale,2026-10-04,2026-10-04,2,396982,"GOOGLE-CLOUD-PLATFORM - Google LLC, US",US,
198.235.24.142,ip,ssh-probe,low,20,expired,2026-09-23,2026-09-23,2,396982,"GOOGLE-CLOUD-PLATFORM - Google LLC, US",US,
198.235.24.150,ip,ssh-probe,low,20,expired,2026-10-02,2026-10-02,2,396982,"GOOGLE-CLOUD-PLATFORM - Google LLC, US",US,
198.235.24.153,ip,ssh-probe,low,20,expired,2026-09-29,2026-09-29,2,396982,"GOOGLE-CLOUD-PLATFORM - Google LLC, US",US,
198.235.24.158,ip,http-scan,low,30,active,2026-09-11,2026-10-06,2,396982,"GOOGLE-CLOUD-PLATFORM - Google LLC, US",US,
198.235.24.159,ip,ssh-probe,low,20,active,2026-10-09,2026-10-09,2,396982,"GOOGLE-CLOUD-PLATFORM - Google LLC, US",US,
198.235.24.166,ip,ssh-probe,low,20,expired,2026-09-25,2026-09-25,2,396982,"GOOGLE-CLOUD-PLATFORM - Google LLC, US",US,
198.235.24.177,ip,ssh-probe,low,20,expired,2026-09-24,2026-09-24,2,396982,"GOOGLE-CLOUD-PLATFORM - Google LLC, US",US,
198.235.24.185,ip,ssh-probe,low,20,expired,2026-10-02,2026-10-02,2,396982,"GOOGLE-CLOUD-PLATFORM - Google LLC, US",US,
198.235.24.195,ip,ssh-probe,low,20,expired,2026-09-30,2026-09-30,2,396982,"GOOGLE-CLOUD-PLATFORM - Google LLC, US",US,
198.235.24.20,ip,ssh-probe,low,20,expired,2026-09-15,2026-09-15,2,396982,"GOOGLE-CLOUD-PLATFORM - Google LLC, US",US,
198.235.24.225,ip,ssh-probe,low,20,expired,2026-09-16,2026-09-16,2,396982,"GOOGLE-CLOUD-PLATFORM - Google LLC, US",US,
198.235.24.230,ip,ssh-probe,low,20,expired,2026-10-01,2026-10-01,2,396982,"GOOGLE-CLOUD-PLATFORM - Google LLC, US",US,
198.235.24.239,ip,ssh-probe,low,20,expired,2026-09-28,2026-09-28,2,396982,"GOOGLE-CLOUD-PLATFORM - Google LLC, US",US,
198.235.24.24,ip,http-scan,low,30,stale,2026-09-23,2026-09-29,2,396982,"GOOGLE-CLOUD-PLATFORM - Google LLC, US",US,
198.235.24.253,ip,http-scan,low,30,active,2026-10-01,2026-10-08,2,396982,"GOOGLE-CLOUD-PLATFORM - Google LLC, US",US,
198.235.24.27,ip,ssh-probe,low,20,expired,2026-09-30,2026-09-30,2,396982,"GOOGLE-CLOUD-PLATFORM - Google LLC, US",US,
198.235.24.29,ip,ssh-probe,low,20,expired,2026-09-15,2026-09-15,2,396982,"GOOGLE-CLOUD-PLATFORM - Google LLC, US",US,
198.235.24.41,ip,ssh-probe,low,20,active,2026-10-09,2026-10-09,2,396982,"GOOGLE-CLOUD-PLATFORM - Google LLC, US",US,
198.235.24.46,ip,ssh-probe,low,20,expired,2026-10-03,2026-10-03,2,396982,"GOOGLE-CLOUD-PLATFORM - Google LLC, US",US,
198.235.24.51,ip,ssh-probe,low,20,expired,2026-09-22,2026-09-22,2,396982,"GOOGLE-CLOUD-PLATFORM - Google LLC, US",US,
198.235.24.55,ip,ssh-probe,low,20,expired,2026-10-02,2026-10-02,2,396982,"GOOGLE-CLOUD-PLATFORM - Google LLC, US",US,
198.235.24.8,ip,ssh-probe,low,20,expired,2026-09-22,2026-09-22,2,396982,"GOOGLE-CLOUD-PLATFORM - Google LLC, US",US,
198.235.24.90,ip,ssh-probe,low,20,expired,2026-09-24,2026-09-24,2,396982,"GOOGLE-CLOUD-PLATFORM - Google LLC, US",US,
198.235.24.97,ip,ssh-probe,low,20,expired,2026-09-23,2026-09-23,2,396982,"GOOGLE-CLOUD-PLATFORM - Google LLC, US",US,
198.74.56.66,ip,http-scan,low,30,stale,2026-09-15,2026-09-30,2,63949,"AKAMAI-LINODE-AP - Akamai Connected Cloud, SG",US,
199.165.159.65,ip,ssh-probe,low,20,active,2026-10-09,2026-10-09,2,22168,"SHADOWSERVER-FOUNDATION - The Shadowserver Foundation, Inc., US",US,
199.45.154.126,ip,ssh-probe,low,20,expired,2026-10-01,2026-10-01,2,398722,"CENSYS-ARIN-03 - Censys, Inc., US",US,
199.45.154.51,ip,ssh-probe,low,20,expired,2026-09-24,2026-09-24,2,398722,"CENSYS-ARIN-03 - Censys, Inc., US",US,
199.45.155.20,ip,ssh-probe,low,20,stale,2026-10-06,2026-10-06,2,398722,"CENSYS-ARIN-03 - Censys, Inc., US",US,
199.45.155.57,ip,ssh-probe,low,20,stale,2026-10-04,2026-10-04,2,398722,"CENSYS-ARIN-03 - Censys, Inc., US",US,
2.144.22.46,ip,http-scan,low,30,expired,2026-09-14,2026-09-14,2,44244,"IranCell-AS - IranCell-AS, IR",IR,
2.39.127.41,ip,ssh-probe,low,20,expired,2026-09-29,2026-09-29,2,30722,"VODAFONE-IT-ASN - Fastweb SpA, IT",IT,
20.184.169.242,ip,ssh-probe,low,20,stale,2026-10-04,2026-10-04,2,8075,"MICROSOFT-CORP-MSN-AS-BLOCK - Microsoft Corporation, US",US,
20.237.254.88,ip,ssh-probe,low,20,expired,2026-09-15,2026-09-15,2,8075,"MICROSOFT-CORP-MSN-AS-BLOCK - Microsoft Corporation, US",US,
20.245.131.134,ip,ssh-probe,low,20,stale,2026-10-04,2026-10-04,2,8075,"MICROSOFT-CORP-MSN-AS-BLOCK - Microsoft Corporation, US",US,
20.245.134.243,ip,ssh-probe,low,20,expired,2026-09-29,2026-09-29,2,8075,"MICROSOFT-CORP-MSN-AS-BLOCK - Microsoft Corporation, US",US,
20.245.185.119,ip,ssh-probe,low,20,active,2026-10-09,2026-10-09,2,8075,"MICROSOFT-CORP-MSN-AS-BLOCK - Microsoft Corporation, US",US,
20.245.248.108,ip,ssh-probe,low,20,expired,2026-09-16,2026-09-16,2,8075,"MICROSOFT-CORP-MSN-AS-BLOCK - Microsoft Corporation, US",US,
20.29.30.209,ip,ssh-probe,low,20,expired,2026-09-27,2026-09-27,2,8075,"MICROSOFT-CORP-MSN-AS-BLOCK - Microsoft Corporation, US",US,
20.51.250.231,ip,http-scan,low,30,active,2026-09-24,2026-10-09,2,8075,"MICROSOFT-CORP-MSN-AS-BLOCK - Microsoft Corporation, US",US,
20.55.2.13,ip,ssh-probe,low,20,stale,2026-10-07,2026-10-07,2,8075,"MICROSOFT-CORP-MSN-AS-BLOCK - Microsoft Corporation, US",US,
20.59.124.107,ip,ssh-probe,low,20,expired,2026-09-30,2026-09-30,2,8075,"MICROSOFT-CORP-MSN-AS-BLOCK - Microsoft Corporation, US",US,
20.65.217.203,ip,ssh-probe,low,20,active,2026-10-08,2026-10-08,2,8075,"MICROSOFT-CORP-MSN-AS-BLOCK - Microsoft Corporation, US",US,
20.80.92.37,ip,ssh-probe,low,20,stale,2026-10-07,2026-10-07,2,8075,"MICROSOFT-CORP-MSN-AS-BLOCK - Microsoft Corporation, US",US,
20.83.45.142,ip,ssh-probe,low,20,expired,2026-09-13,2026-09-13,2,8075,"MICROSOFT-CORP-MSN-AS-BLOCK - Microsoft Corporation, US",US,
20.84.115.162,ip,http-scan,low,30,stale,2026-10-01,2026-10-03,2,8075,"MICROSOFT-CORP-MSN-AS-BLOCK - Microsoft Corporation, US",US,
20.98.131.197,ip,ssh-probe,low,20,expired,2026-09-10,2026-09-10,2,8075,"MICROSOFT-CORP-MSN-AS-BLOCK - Microsoft Corporation, US",US,
200.165.222.135,ip,ssh-probe,low,20,expired,2026-09-11,2026-09-11,2,7738,"AS7738 - V tal, BR",BR,
201.177.186.5,ip,ssh-probe,low,20,expired,2026-09-13,2026-09-13,2,22927,"AS22927 - Telefonica de Argentina, AR",AR,
201.180.138.94,ip,ssh-probe,low,20,expired,2026-09-14,2026-09-14,2,22927,"AS22927 - Telefonica de Argentina, AR",AR,
201.214.160.224,ip,ssh-probe,low,20,active,2026-10-08,2026-10-08,2,22047,"AS22047 - VTR BANDA ANCHA S.A., CL",CL,
201.219.165.134,ip,ssh-probe,low,20,expired,2026-09-14,2026-09-14,2,28015,"AS28015 - MERCO COMUNICACIONES, AR",AR,
201.22.235.179,ip,ssh-probe,low,20,expired,2026-09-26,2026-09-26,2,18881,"AS18881 - TELEFONICA BRASIL S.A, BR",BR,
201.223.193.62,ip,ssh-probe,low,20,expired,2026-09-12,2026-09-12,2,7418,"AS7418 - TELEFONICA CHILE S.A., CL",CL,
201.254.62.79,ip,ssh-probe,low,20,expired,2026-09-27,2026-09-27,2,22927,"AS22927 - Telefonica de Argentina, AR",AR,
201.81.38.64,ip,ssh-probe,low,20,expired,2026-09-10,2026-09-10,2,28573,"AS28573 - Claro NXT Telecomunicacoes Ltda, BR",BR,
202.133.88.58,ip,ssh-bruteforce,medium,60,stale,2026-09-12,2026-09-12,2,212552,"BitCommand - BitCommand LLC, AM",AU,
202.165.91.175,ip,ssh-probe,low,20,expired,2026-09-13,2026-09-13,2,136255,"TIMCL-AS-AP - Telecom International Myanmar Co., Ltd, MM",MM,
202.46.68.243,ip,ssh-probe,low,20,expired,2026-10-01,2026-10-01,2,9341,"ICONPLN-ID-AP-ISP - PT INDONESIA COMNETS PLUS, ID",ID,
202.51.89.187,ip,ssh-probe,low,20,expired,2026-09-26,2026-09-26,2,4007,"SUBISU-CABLENET-AS-AP - Subisu Cablenet (Pvt) Ltd, Baluwatar, Kathmandu, Nepal, NP",NP,
203.110.233.225,ip,ssh-probe,low,20,expired,2026-09-22,2026-09-22,2,134756,"ChinaNet-NANJING-JISHAN-IDC - CHINANET Nanjing Jishan IDC network, CN",CN,
203.176.95.143,ip,ssh-probe,low,20,expired,2026-09-30,2026-09-30,2,23724,"CHINANET-IDC-BJ-AP - IDC, China Telecommunications Corporation, CN",CN,
203.212.9.248,ip,ssh-probe,low,20,expired,2026-10-03,2026-10-03,2,4808,"CHINA169-BJ - China Unicom Beijing Province Network, CN",CN,
204.76.203.168,ip,ssh-probe,low,20,expired,2026-10-01,2026-10-01,2,51396,"PFCLOUD - Pfcloud UG (haftungsbeschrankt), DE",NL,
205.210.31.104,ip,ssh-probe,low,20,stale,2026-10-06,2026-10-06,2,396982,"GOOGLE-CLOUD-PLATFORM - Google LLC, US",US,
205.210.31.106,ip,http-scan,low,30,active,2026-09-12,2026-10-04,2,396982,"GOOGLE-CLOUD-PLATFORM - Google LLC, US",US,
205.210.31.108,ip,ssh-probe,low,20,expired,2026-09-16,2026-09-16,2,396982,"GOOGLE-CLOUD-PLATFORM - Google LLC, US",US,
205.210.31.11,ip,ssh-probe,low,20,expired,2026-09-28,2026-09-28,2,396982,"GOOGLE-CLOUD-PLATFORM - Google LLC, US",US,
205.210.31.110,ip,ssh-probe,low,20,expired,2026-09-28,2026-09-28,2,396982,"GOOGLE-CLOUD-PLATFORM - Google LLC, US",US,
205.210.31.132,ip,ssh-probe,low,20,expired,2026-09-23,2026-09-23,2,396982,"GOOGLE-CLOUD-PLATFORM - Google LLC, US",US,
205.210.31.136,ip,ssh-probe,low,20,expired,2026-09-25,2026-09-25,2,396982,"GOOGLE-CLOUD-PLATFORM - Google LLC, US",US,
205.210.31.142,ip,http-scan,low,30,active,2026-10-08,2026-10-09,2,396982,"GOOGLE-CLOUD-PLATFORM - Google LLC, US",US,
205.210.31.145,ip,http-scan,low,30,stale,2026-09-22,2026-10-02,2,396982,"GOOGLE-CLOUD-PLATFORM - Google LLC, US",US,
205.210.31.155,ip,http-scan,low,30,stale,2026-09-26,2026-09-29,2,396982,"GOOGLE-CLOUD-PLATFORM - Google LLC, US",US,
205.210.31.158,ip,http-scan,low,30,expired,2026-09-12,2026-09-15,2,396982,"GOOGLE-CLOUD-PLATFORM - Google LLC, US",US,
205.210.31.161,ip,ssh-probe,low,20,expired,2026-09-23,2026-09-23,2,396982,"GOOGLE-CLOUD-PLATFORM - Google LLC, US",US,
205.210.31.166,ip,ssh-probe,low,20,expired,2026-09-30,2026-09-30,2,396982,"GOOGLE-CLOUD-PLATFORM - Google LLC, US",US,
205.210.31.171,ip,ssh-probe,low,20,active,2026-10-09,2026-10-09,2,396982,"GOOGLE-CLOUD-PLATFORM - Google LLC, US",US,
205.210.31.217,ip,ssh-probe,low,20,expired,2026-09-30,2026-09-30,2,396982,"GOOGLE-CLOUD-PLATFORM - Google LLC, US",US,
205.210.31.218,ip,ssh-probe,low,20,expired,2026-10-02,2026-10-02,2,396982,"GOOGLE-CLOUD-PLATFORM - Google LLC, US",US,
205.210.31.23,ip,ssh-probe,low,20,expired,2026-10-01,2026-10-01,2,396982,"GOOGLE-CLOUD-PLATFORM - Google LLC, US",US,
205.210.31.232,ip,ssh-probe,low,20,expired,2026-10-03,2026-10-03,2,396982,"GOOGLE-CLOUD-PLATFORM - Google LLC, US",US,
205.210.31.236,ip,ssh-probe,low,20,expired,2026-09-24,2026-09-24,2,396982,"GOOGLE-CLOUD-PLATFORM - Google LLC, US",US,
205.210.31.240,ip,ssh-probe,low,20,expired,2026-09-15,2026-09-15,2,396982,"GOOGLE-CLOUD-PLATFORM - Google LLC, US",US,
205.210.31.249,ip,ssh-probe,low,20,expired,2026-09-24,2026-09-24,2,396982,"GOOGLE-CLOUD-PLATFORM - Google LLC, US",US,
205.210.31.28,ip,http-scan,low,30,stale,2026-09-26,2026-09-29,2,396982,"GOOGLE-CLOUD-PLATFORM - Google LLC, US",US,
205.210.31.30,ip,ssh-probe,low,20,expired,2026-10-01,2026-10-01,2,396982,"GOOGLE-CLOUD-PLATFORM - Google LLC, US",US,
205.210.31.32,ip,http-scan,low,30,active,2026-09-13,2026-10-05,2,396982,"GOOGLE-CLOUD-PLATFORM - Google LLC, US",US,
205.210.31.85,ip,ssh-probe,low,20,expired,2026-09-23,2026-09-23,2,396982,"GOOGLE-CLOUD-PLATFORM - Google LLC, US",US,
205.210.31.86,ip,ssh-probe,low,20,expired,2026-09-28,2026-09-28,2,396982,"GOOGLE-CLOUD-PLATFORM - Google LLC, US",US,
205.210.31.89,ip,ssh-probe,low,20,expired,2026-09-28,2026-09-28,2,396982,"GOOGLE-CLOUD-PLATFORM - Google LLC, US",US,
207.154.237.236,ip,ssh-probe,low,20,expired,2026-09-23,2026-09-23,2,14061,"DIGITALOCEAN-ASN - DigitalOcean, LLC, US",US,
207.175.178.242,ip,http-scan,low,30,stale,2026-09-29,2026-09-29,2,396982,"GOOGLE-CLOUD-PLATFORM - Google LLC, US",US,
208.69.79.25,ip,http-scan,low,30,stale,2026-09-27,2026-09-27,2,62563,"AS-GLOBALTELEHOST - GLOBALTELEHOST Corp., CA",CA,
209.38.108.229,ip,http-scan,low,30,active,2026-10-06,2026-10-06,2,14061,"DIGITALOCEAN-ASN - DigitalOcean, LLC, US",US,
209.38.34.160,ip,ssh-probe,low,20,stale,2026-10-04,2026-10-04,2,14061,"DIGITALOCEAN-ASN - DigitalOcean, LLC, US",US,
209.61.59.5,ip,ssh-probe,low,20,expired,2026-09-11,2026-09-11,2,274254,"AS274254 - INTERMAX COMUNICACIONES S.A.S., CO",US,
209.99.184.98,ip,ssh-probe,low,20,active,2026-10-09,2026-10-09,2,402253,"SKN-NETWORK-1 - SKN Subnet & Telecom Ltd, KN",KN,
211.161.236.81,ip,ssh-probe,low,20,expired,2026-09-12,2026-09-12,2,4816,"CHINANET-IDC-GD - China Telecom (Group), CN",CN,
212.235.46.102,ip,ssh-probe,low,20,active,2026-10-08,2026-10-08,2,1680,"NV-ASN - Cellcom Fixed Line Communication L.P, IL",IL,
212.79.122.121,ip,ssh-probe,low,20,expired,2026-09-14,2026-09-14,2,202538,"ATV-PLUS - Private Enterprise TRK _ATV-PLUS_, UA",UA,
213.14.19.182,ip,ssh-probe,low,20,expired,2026-09-11,2026-09-11,2,34984,"TELLCOM-AS - Superonline Iletisim Hizmetleri A.S., TR",TR,
213.177.179.62,ip,ssh-probe,low,20,stale,2026-10-04,2026-10-04,2,208137,"FPS12 - Feo Prest SRL, RO",IR,
213.230.86.53,ip,ssh-probe,low,20,expired,2026-09-11,2026-09-11,2,8193,"BRM-AS - _Uzbektelekom_ Joint Stock Company, UZ",UZ,
213.230.86.68,ip,ssh-probe,low,20,expired,2026-09-29,2026-09-29,2,8193,"BRM-AS - _Uzbektelekom_ Joint Stock Company, UZ",UZ,
213.230.93.73,ip,ssh-probe,low,20,expired,2026-09-15,2026-09-15,2,8193,"BRM-AS - _Uzbektelekom_ Joint Stock Company, UZ",UZ,
213.55.83.90,ip,ssh-probe,low,20,expired,2026-09-27,2026-09-27,2,24757,"Ethio Telecom - Ethio Telecom, ET",ET,
216.174.171.139,ip,ssh-probe,low,20,expired,2026-09-15,2026-09-15,2,17306,"RISE-BROADBAND - JAB Wireless, INC., US",US,
216.180.246.148,ip,http-scan,low,30,active,2026-10-06,2026-10-06,2,396982,"GOOGLE-CLOUD-PLATFORM - Google LLC, US",US,
216.180.246.24,ip,ssh-probe,low,20,stale,2026-10-07,2026-10-07,2,396982,"GOOGLE-CLOUD-PLATFORM - Google LLC, US",US,
216.180.246.61,ip,ssh-probe,low,20,expired,2026-09-11,2026-09-11,2,396982,"GOOGLE-CLOUD-PLATFORM - Google LLC, US",US,
216.218.206.68,ip,ssh-probe,low,20,expired,2026-09-28,2026-09-28,2,6939,"HURRICANE - Hurricane Electric LLC, US",US,
217.146.80.125,ip,ssh-probe,low,20,expired,2026-09-23,2026-09-23,2,25369,"BANDWIDTH-AS - Hydra Communications Ltd, GB",GB,
217.60.76.226,ip,ssh-probe,low,20,stale,2026-10-04,2026-10-04,2,401626,"NETIFACE-TORONTO - Netiface America, Inc., US",AE,
217.60.97.49,ip,http-scan,low,30,active,2026-10-07,2026-10-09,2,399486,"VIRTUO - 12651980 CANADA INC., CA",AE,
218.0.56.78,ip,ssh-probe,low,20,expired,2026-09-28,2026-09-28,2,58461,"CT-HangZhou-IDC - No.288,Fu-chun Road, CN",CN,
218.78.46.81,ip,ssh-probe,low,20,expired,2026-09-28,2026-09-28,2,4811,"CHINANET-SHANGHAI-MAN - China Telecom (Group), CN",CN,
220.135.168.8,ip,ssh-probe,low,20,expired,2026-09-11,2026-09-11,2,3462,"HINET - Data Communication Business Group, TW",TW,
220.202.112.134,ip,ssh-probe,low,20,stale,2026-10-04,2026-10-04,2,4837,"CHINA169-Backbone - CHINA UNICOM China169 Backbone, CN",CN,
220.202.112.41,ip,ssh-probe,low,20,stale,2026-10-04,2026-10-04,2,4837,"CHINA169-Backbone - CHINA UNICOM China169 Backbone, CN",CN,
220.250.52.111,ip,ssh-probe,low,20,active,2026-10-09,2026-10-09,2,4837,"CHINA169-Backbone - CHINA UNICOM China169 Backbone, CN",CN,
222.220.102.32,ip,ssh-probe,low,20,expired,2026-10-01,2026-10-01,2,4134,"CHINANET-BACKBONE - No.31,Jin-rong Street, CN",CN,
222.83.114.152,ip,ssh-probe,low,20,expired,2026-09-10,2026-09-10,2,4134,"CHINANET-BACKBONE - No.31,Jin-rong Street, CN",CN,
223.109.49.166,ip,ssh-probe,low,20,expired,2026-10-03,2026-10-03,2,56046,"CMNET-Jiangsu-AP - China Mobile communications corporation, CN",CN,
223.205.234.98,ip,ssh-probe,low,20,expired,2026-09-14,2026-09-14,2,45758,"TTBP-AS-AP - Triple T Broadband Public Company Limited, TH",TH,
23.234.108.55,ip,http-scan,low,30,expired,2026-09-23,2026-09-23,2,11878,"TZULO - tzulo, inc., US",US,
24.1.33.113,ip,ssh-probe,low,20,stale,2026-10-06,2026-10-06,2,7922,"COMCAST-7922 - Comcast Cable Communications, LLC, US",US,
27.128.171.39,ip,ssh-probe,low,20,expired,2026-10-03,2026-10-03,2,4134,"CHINANET-BACKBONE - No.31,Jin-rong Street, CN",CN,
27.128.240.75,ip,ssh-probe,low,20,expired,2026-10-01,2026-10-01,2,4134,"CHINANET-BACKBONE - No.31,Jin-rong Street, CN",CN,
27.130.4.170,ip,ssh-probe,low,20,expired,2026-10-02,2026-10-02,2,133481,"AIS-Fibre-AS-AP - AIS Fibre, TH",TH,
27.150.188.148,ip,ssh-probe,low,20,expired,2026-10-02,2026-10-02,2,133774,"CHINATELECOM-FUJIAN-FUZHOU-IDC1 - Fuzhou, CN",CN,
3.13.42.170,ip,http-scan,low,30,expired,2026-09-24,2026-09-25,2,16509,"AMAZON-02 - Amazon.com, Inc., US",US,
3.83.162.99,ip,ssh-probe,low,20,stale,2026-10-06,2026-10-06,2,14618,"AMAZON-AES - Amazon.com, Inc., US",US,
3.85.201.48,ip,ssh-probe,low,20,expired,2026-09-28,2026-09-28,2,14618,"AMAZON-AES - Amazon.com, Inc., US",US,
31.129.235.223,ip,ssh-probe,low,20,active,2026-10-09,2026-10-09,2,50012,"BESTLINK-AS - LLC _BEST-LINK_, UA",UA,
31.14.254.106,ip,ssh-probe,low,20,expired,2026-09-23,2026-09-23,2,25369,"BANDWIDTH-AS - Hydra Communications Ltd, GB",GB,
31.154.24.18,ip,ssh-probe,low,20,expired,2026-09-26,2026-09-26,2,12400,"PARTNER-AS - Partner Communications Ltd., IL",IL,
31.162.33.108,ip,ssh-probe,low,20,expired,2026-09-27,2026-09-27,2,12389,"ROSTELECOM-AS - PJSC Rostelecom, RU",RU,
31.184.195.248,ip,ssh-probe,low,20,expired,2026-10-03,2026-10-03,2,34665,"PINDC-AS - Petersburg Internet Network ltd., RU",RU,
31.202.142.69,ip,ssh-probe,low,20,expired,2026-09-10,2026-09-10,2,34700,"CITYNET-AS - MAXNET TELECOM, LTD, UA",UA,
31.28.40.148,ip,ssh-probe,low,20,expired,2026-09-11,2026-09-11,2,8439,"AIST - PJSC Rostelecom, RU",RU,
31.41.89.31,ip,ssh-probe,low,20,expired,2026-09-30,2026-09-30,2,41820,"NOVI-AS - New Information Systems PP, UA",UA,
31.43.62.61,ip,ssh-probe,low,20,expired,2026-09-14,2026-09-14,2,50581,"UTG - Ukrainian Telecommunication Group LLC, UA",UA,
34.138.136.57,ip,http-scan,low,30,expired,2026-09-26,2026-09-26,2,396982,"GOOGLE-CLOUD-PLATFORM - Google LLC, US",US,
34.156.223.43,ip,http-scan,low,30,active,2026-10-06,2026-10-06,2,396982,"GOOGLE-CLOUD-PLATFORM - Google LLC, US",US,
34.227.148.44,ip,ssh-probe,low,20,expired,2026-09-15,2026-09-15,2,14618,"AMAZON-AES - Amazon.com, Inc., US",US,
34.65.157.99,ip,http-scan,low,30,expired,2026-09-26,2026-09-26,2,396982,"GOOGLE-CLOUD-PLATFORM - Google LLC, US",US,
35.144.107.130,ip,ssh-probe,low,20,expired,2026-09-12,2026-09-12,2,20115,"CHARTER-20115 - Charter Communications LLC, US",US,
35.187.174.181,ip,http-scan,low,30,stale,2026-10-01,2026-10-01,2,396982,"GOOGLE-CLOUD-PLATFORM - Google LLC, US",US,
35.195.36.41,ip,http-scan,low,30,active,2026-09-29,2026-10-07,2,396982,"GOOGLE-CLOUD-PLATFORM - Google LLC, US",US,
36.137.249.148,ip,ssh-probe,low,20,expired,2026-09-29,2026-09-29,2,9808,"CHINAMOBILE-CN - China Mobile Communications Group Co., Ltd., CN",CN,
36.139.161.140,ip,ssh-probe,low,20,expired,2026-09-28,2026-09-28,2,9808,"CHINAMOBILE-CN - China Mobile Communications Group Co., Ltd., CN",CN,
36.140.151.122,ip,ssh-probe,low,20,active,2026-10-09,2026-10-09,2,9808,"CHINAMOBILE-CN - China Mobile Communications Group Co., Ltd., CN",CN,
36.141.79.94,ip,ssh-probe,low,20,expired,2026-09-30,2026-09-30,2,9808,"CHINAMOBILE-CN - China Mobile Communications Group Co., Ltd., CN",CN,
36.24.120.166,ip,ssh-probe,low,20,expired,2026-09-29,2026-09-29,2,4134,"CHINANET-BACKBONE - No.31,Jin-rong Street, CN",CN,
37.111.56.188,ip,ssh-probe,low,20,stale,2026-10-06,2026-10-06,2,133385,"ATOMMYANMAR-AS-AP - Atom Myanmar Limited, MM",MM,
37.120.213.13,ip,ssh-post-auth,high,90,active,2026-09-27,2026-09-27,2,9009,"M247 - M247 Europe SRL, RO",RO,
37.142.193.254,ip,ssh-probe,low,20,expired,2026-10-01,2026-10-01,2,12849,"HOTNET-IL - Hot-Net internet services Ltd., IL",IL,
37.230.158.111,ip,ssh-probe,low,20,expired,2026-09-10,2026-09-10,2,206385,"ANNEX-PRO-AS - OOO _SPETSTELECOM-YUG_, RU",NL,
37.54.20.116,ip,ssh-probe,low,20,active,2026-10-09,2026-10-09,2,6849,"UKRTELNET - JSC _Ukrtelecom_, UA",UA,
37.77.109.155,ip,ssh-probe,low,20,stale,2026-10-07,2026-10-07,2,47586,"Business-Svyaz - Dmitriy V. Kozmenko, RU",RU,
38.156.76.42,ip,ssh-probe,low,20,active,2026-10-08,2026-10-08,2,274115,"AS274115 - INTERNET Y TELEVISION S.A.S., CO",US,
38.158.106.81,ip,ssh-probe,low,20,expired,2026-09-12,2026-09-12,2,265856,"AS265856 - Miguel Araya(Servicios Rosario), AR",US,
38.210.57.71,ip,ssh-probe,low,20,expired,2026-09-26,2026-09-26,2,271922,"AS271922 - LEIRIA HUGO LEANDRO (GEO FIBER), AR",US,
38.51.195.85,ip,ssh-probe,low,20,expired,2026-09-12,2026-09-12,2,269730,"AS269730 - TECNOVEN SERVICES CA, VE",US,
38.52.207.248,ip,ssh-probe,low,20,expired,2026-09-10,2026-09-10,2,272937,"AS272937 - TUNORTETV TELECOMUNICACIONES S.A.S., CO",US,
39.109.116.214,ip,ssh-bruteforce,medium,60,stale,2026-09-12,2026-09-12,2,142403,"YISUCLOUDLTD-HK - YISU CLOUD LTD, HK",HK,
39.164.13.113,ip,ssh-probe,low,20,expired,2026-09-23,2026-09-23,2,24445,"CMNET-V4henan-AS-AP - Henan Mobile Communications Co.,Ltd, CN",CN,
39.170.108.144,ip,ssh-probe,low,20,expired,2026-10-03,2026-10-03,2,56041,"CMNET-Zhejiang-AP - China Mobile communications corporation, CN",CN,
39.171.240.69,ip,ssh-probe,low,20,expired,2026-09-29,2026-09-29,2,56041,"CMNET-Zhejiang-AP - China Mobile communications corporation, CN",CN,
39.97.39.139,ip,ssh-probe,low,20,expired,2026-09-23,2026-09-23,2,37963,"ALIBABA-CN-NET - Hangzhou Alibaba Advertising Co.,Ltd., CN",CN,
4.172.78.119,ip,http-scan,low,30,stale,2026-09-27,2026-09-27,2,8075,"MICROSOFT-CORP-MSN-AS-BLOCK - Microsoft Corporation, US",US,
4.182.219.59,ip,http-scan,low,30,active,2026-10-07,2026-10-07,2,8075,"MICROSOFT-CORP-MSN-AS-BLOCK - Microsoft Corporation, US",US,
4.239.71.13,ip,ssh-probe,low,20,expired,2026-09-29,2026-09-29,2,8075,"MICROSOFT-CORP-MSN-AS-BLOCK - Microsoft Corporation, US",US,
40.119.40.27,ip,http-scan,low,30,active,2026-09-22,2026-10-06,2,8075,"MICROSOFT-CORP-MSN-AS-BLOCK - Microsoft Corporation, US",US,
40.75.170.7,ip,ssh-probe,low,20,stale,2026-10-06,2026-10-06,2,8075,"MICROSOFT-CORP-MSN-AS-BLOCK - Microsoft Corporation, US",US,
40.80.203.33,ip,ssh-probe,low,20,expired,2026-09-26,2026-09-26,2,8075,"MICROSOFT-CORP-MSN-AS-BLOCK - Microsoft Corporation, US",US,
40.80.204.121,ip,http-scan,low,30,active,2026-10-02,2026-10-08,2,8075,"MICROSOFT-CORP-MSN-AS-BLOCK - Microsoft Corporation, US",US,
41.193.97.224,ip,ssh-probe,low,20,expired,2026-09-27,2026-09-27,2,11845,"Vox Telecom Ltd - Vox Telecom Ltd, ZA",ZA,
41.201.245.7,ip,ssh-probe,low,20,expired,2026-09-25,2026-09-25,2,36947,"Telecom Algeria - Telecom Algeria, DZ",DZ,
41.225.84.142,ip,ssh-probe,low,20,expired,2026-09-12,2026-09-12,2,37671,"3S INF - 3S INF, TN",TN,
41.242.162.80,ip,ssh-probe,low,20,expired,2026-09-29,2026-09-29,2,37049,"SADV (Pty) Ltd - SADV (Pty) Ltd, ZA",ZA,
42.51.42.209,ip,ssh-probe,low,20,expired,2026-09-30,2026-09-30,2,56005,"Fastidc - Zhengzhou Fastidc Technology Co.,Ltd., CN",CN,
43.134.62.67,ip,http-scan,low,30,stale,2026-09-28,2026-10-02,2,132203,"TENCENT-NET-AP-CN - Tencent Building, Kejizhongyi Avenue, CN",SG,
43.135.140.225,ip,http-scan,low,30,active,2026-10-06,2026-10-09,2,132203,"TENCENT-NET-AP-CN - Tencent Building, Kejizhongyi Avenue, CN",SG,
43.142.128.197,ip,ssh-probe,low,20,expired,2026-09-23,2026-09-23,2,45090,"TENCENT-NET-AP - Shenzhen Tencent Computer Systems Company Limited, CN",CN,
43.153.102.138,ip,http-scan,low,30,active,2026-09-27,2026-10-09,2,132203,"TENCENT-NET-AP-CN - Tencent Building, Kejizhongyi Avenue, CN",SG,
43.153.123.3,ip,http-scan,low,30,active,2026-10-01,2026-10-06,2,132203,"TENCENT-NET-AP-CN - Tencent Building, Kejizhongyi Avenue, CN",SG,
43.156.238.207,ip,http-scan,low,30,expired,2026-09-24,2026-09-24,2,132203,"TENCENT-NET-AP-CN - Tencent Building, Kejizhongyi Avenue, CN",SG,
43.156.75.81,ip,http-scan,low,30,active,2026-10-09,2026-10-09,2,132203,"TENCENT-NET-AP-CN - Tencent Building, Kejizhongyi Avenue, CN",SG,
43.165.186.188,ip,http-scan,low,30,stale,2026-10-01,2026-10-03,2,132203,"TENCENT-NET-AP-CN - Tencent Building, Kejizhongyi Avenue, CN",SG,
43.166.136.202,ip,http-scan,low,30,active,2026-09-28,2026-10-04,2,132203,"TENCENT-NET-AP-CN - Tencent Building, Kejizhongyi Avenue, CN",SG,
43.226.39.182,ip,ssh-probe,low,20,expired,2026-09-29,2026-09-29,2,134762,"CHINANET-LIAONING-DALIAN-MAN - CHINANET Liaoning province Dalian MAN network, CN",CN,
43.247.250.114,ip,ssh-probe,low,20,expired,2026-10-02,2026-10-02,2,4808,"CHINA169-BJ - China Unicom Beijing Province Network, CN",CN,
43.251.253.151,ip,ssh-probe,low,20,expired,2026-09-30,2026-09-30,2,136384,"OPTIX-AS-AP - Optix Pakistan (Pvt.) Limited, PK",PK,
44.204.80.36,ip,ssh-probe,low,20,expired,2026-09-30,2026-09-30,2,14618,"AMAZON-AES - Amazon.com, Inc., US",US,
44.206.237.89,ip,http-scan,low,30,active,2026-10-07,2026-10-08,2,14618,"AMAZON-AES - Amazon.com, Inc., US",US,
45.130.203.210,ip,http-scan,low,30,active,2026-10-03,2026-10-08,2,137409,"GSLNETWORKS-AS-AP - GSL Networks Pty LTD, AU",NL,
45.130.203.244,ip,http-scan,low,30,active,2026-10-08,2026-10-08,2,137409,"GSLNETWORKS-AS-AP - GSL Networks Pty LTD, AU",NL,
45.138.12.16,ip,http-scan,low,30,active,2026-10-07,2026-10-07,2,218785,"TC-DATACENTER - TC DATACENTER LIMITED, HK",LT,
45.156.128.156,ip,research-scanner,info,90,active,2026-10-08,2026-10-08,2,211680,"AS-BITSIGHT - NSEC - Sistemas Informaticos, S.A., PT",PT,
45.156.128.45,ip,research-scanner,info,90,active,2026-09-15,2026-09-15,2,211680,"AS-BITSIGHT - NSEC - Sistemas Informaticos, S.A., PT",PT,
45.156.129.128,ip,http-scan,low,30,stale,2026-09-27,2026-09-27,2,211680,"AS-BITSIGHT - NSEC - Sistemas Informaticos, S.A., PT",PT,
45.158.50.88,ip,ssh-probe,low,20,expired,2026-09-14,2026-09-14,2,25133,"MCLAUT-AS - LLC _McLaut-Invest_, UA",LV,
45.172.19.72,ip,ssh-probe,low,20,active,2026-10-09,2026-10-09,2,264619,"AS264619 - Wireless Provider, AR",AR,
45.172.19.74,ip,ssh-probe,low,20,active,2026-10-09,2026-10-09,2,264619,"AS264619 - Wireless Provider, AR",AR,
45.173.212.155,ip,ssh-probe,low,20,expired,2026-09-28,2026-09-28,2,264758,"AS264758 - ISP GROUP SRL, AR",AR,
45.174.108.123,ip,ssh-probe,low,20,expired,2026-09-14,2026-09-14,2,265574,"AS265574 - IPTVTEL COMUNICACIONES S DE RL DE CV, MX",MX,
45.176.20.139,ip,ssh-probe,low,20,expired,2026-09-23,2026-09-23,2,267910,"AS267910 - BRUNO Y ASOCIADOS SERVICIOS TECNOLOGICOS S.A, AR",AR,
45.176.20.26,ip,ssh-probe,low,20,expired,2026-09-23,2026-09-23,2,267910,"AS267910 - BRUNO Y ASOCIADOS SERVICIOS TECNOLOGICOS S.A, AR",AR,
45.178.195.202,ip,ssh-probe,low,20,expired,2026-09-24,2026-09-24,2,267900,"AS267900 - ESTABLECIMIENTO CASCADA BLANCA S.A, AR",AR,
45.227.254.52,ip,http-scan,low,30,active,2026-10-09,2026-10-09,2,267784,"AS267784 - Flyservers S.A., PA",PA,
45.229.85.227,ip,ssh-probe,low,20,expired,2026-09-15,2026-09-15,2,266705,"AS266705 - GABRIEL FRANCISCO ERBETTA Y MARIANO ANDRES CARRIZO RICHELET SOCIEDAD DE HECHO (TELNET SOLUCIONES), AR",AR,
45.229.85.230,ip,ssh-probe,low,20,expired,2026-09-15,2026-09-15,2,266705,"AS266705 - GABRIEL FRANCISCO ERBETTA Y MARIANO ANDRES CARRIZO RICHELET SOCIEDAD DE HECHO (TELNET SOLUCIONES), AR",AR,
45.232.3.222,ip,ssh-probe,low,20,expired,2026-09-10,2026-09-10,2,266754,"AS266754 - SISTEMAS INFORMATICOS S.A.S. (INTERFLASH), AR",AR,
45.239.20.212,ip,ssh-probe,low,20,active,2026-10-08,2026-10-08,2,268352,"AS268352 - Dendena Koerich e Vieira, BR",BR,
45.33.109.18,ip,ssh-probe,low,20,expired,2026-10-02,2026-10-02,2,63949,"AKAMAI-LINODE-AP - Akamai Connected Cloud, SG",US,
45.33.109.8,ip,ssh-probe,low,20,stale,2026-10-06,2026-10-06,2,63949,"AKAMAI-LINODE-AP - Akamai Connected Cloud, SG",US,
45.33.14.5,ip,ssh-probe,low,20,stale,2026-10-06,2026-10-06,2,63949,"AKAMAI-LINODE-AP - Akamai Connected Cloud, SG",US,
45.41.104.160,ip,ssh-probe,low,20,expired,2026-09-10,2026-09-10,2,9988,"MPT-AP - Myanma Posts and Telecommunications, MM",MM,
45.70.116.178,ip,ssh-probe,low,20,stale,2026-10-06,2026-10-06,2,265824,"AS265824 - POZO BUSTOS MARIA CARINA, AR",AR,
45.70.116.182,ip,ssh-probe,low,20,stale,2026-10-06,2026-10-06,2,265824,"AS265824 - POZO BUSTOS MARIA CARINA, AR",AR,
45.79.149.61,ip,http-scan,low,30,stale,2026-09-26,2026-09-28,2,63949,"AKAMAI-LINODE-AP - Akamai Connected Cloud, SG",US,
45.79.181.223,ip,http-scan,low,30,stale,2026-09-26,2026-09-27,2,63949,"AKAMAI-LINODE-AP - Akamai Connected Cloud, SG",US,
45.79.181.94,ip,http-scan,low,30,active,2026-10-01,2026-10-04,2,63949,"AKAMAI-LINODE-AP - Akamai Connected Cloud, SG",US,
45.79.207.110,ip,ssh-probe,low,20,expired,2026-09-15,2026-09-15,2,63949,"AKAMAI-LINODE-AP - Akamai Connected Cloud, SG",US,
45.79.207.181,ip,ssh-probe,low,20,expired,2026-09-25,2026-09-25,2,63949,"AKAMAI-LINODE-AP - Akamai Connected Cloud, SG",US,
45.79.207.252,ip,ssh-probe,low,20,expired,2026-10-02,2026-10-02,2,63949,"AKAMAI-LINODE-AP - Akamai Connected Cloud, SG",US,
45.79.207.71,ip,ssh-probe,low,20,active,2026-09-14,2026-10-08,2,63949,"AKAMAI-LINODE-AP - Akamai Connected Cloud, SG",US,
45.9.29.187,ip,ssh-probe,low,20,expired,2026-09-11,2026-09-11,2,62206,"PITLINE-AS - Pitline Ltd, UA",UA,
45.91.64.10,ip,http-scan,low,30,stale,2026-09-29,2026-09-29,2,214664,"Buduschee - JSC _F6_, RU",RU,
46.101.209.121,ip,ssh-probe,low,20,expired,2026-09-27,2026-09-27,2,14061,"DIGITALOCEAN-ASN - DigitalOcean, LLC, US",US,
46.150.68.144,ip,ssh-probe,low,20,expired,2026-09-30,2026-09-30,2,25229,"VOLIA-AS - Limited Liability Company _KYIVSKI TELEKOMUNIKATSIYNI MEREZHI_, UA",UA,
46.201.56.220,ip,ssh-probe,low,20,expired,2026-09-10,2026-09-10,2,6849,"UKRTELNET - JSC _Ukrtelecom_, UA",UA,
46.8.31.44,ip,ssh-bruteforce,medium,60,expired,2026-09-10,2026-09-10,2,203087,"gohost-KZ - Fedinyak Sergey Vyacheslavovich, KZ",CZ,
46.98.121.163,ip,ssh-probe,low,20,expired,2026-09-13,2026-09-13,2,15377,"FREGAT - TRADITIONAL LLC, UA",UA,
46.98.60.221,ip,ssh-probe,low,20,expired,2026-09-27,2026-09-27,2,15377,"FREGAT - TRADITIONAL LLC, UA",UA,
46.98.61.45,ip,ssh-probe,low,20,expired,2026-09-10,2026-09-10,2,15377,"FREGAT - TRADITIONAL LLC, UA",UA,
47.101.206.31,ip,ssh-probe,low,20,expired,2026-10-01,2026-10-01,2,37963,"ALIBABA-CN-NET - Hangzhou Alibaba Advertising Co.,Ltd., CN",CN,
47.105.60.177,ip,ssh-probe,low,20,expired,2026-09-15,2026-09-15,2,37963,"ALIBABA-CN-NET - Hangzhou Alibaba Advertising Co.,Ltd., CN",CN,
47.105.66.216,ip,ssh-probe,low,20,expired,2026-09-15,2026-09-15,2,37963,"ALIBABA-CN-NET - Hangzhou Alibaba Advertising Co.,Ltd., CN",CN,
47.120.30.67,ip,ssh-probe,low,20,stale,2026-10-07,2026-10-07,2,37963,"ALIBABA-CN-NET - Hangzhou Alibaba Advertising Co.,Ltd., CN",CN,
47.144.0.201,ip,ssh-probe,low,20,active,2026-10-08,2026-10-08,2,5650,"FRONTIER-FRTR - Frontier Communications of America, Inc., US",US,
47.160.114.42,ip,ssh-probe,low,20,expired,2026-09-30,2026-09-30,2,5650,"FRONTIER-FRTR - Frontier Communications of America, Inc., US",US,
47.202.55.6,ip,ssh-probe,low,20,expired,2026-09-12,2026-09-12,2,5650,"FRONTIER-FRTR - Frontier Communications of America, Inc., US",US,
47.236.189.99,ip,http-scan,low,30,active,2026-10-09,2026-10-09,2,45102,"ALIBABA-CN-NET - Alibaba (US) Technology Co., Ltd., CN",US,
47.238.227.245,ip,http-scan,low,30,active,2026-10-08,2026-10-08,2,45102,"ALIBABA-CN-NET - Alibaba (US) Technology Co., Ltd., CN",US,
47.239.18.157,ip,http-scan,low,30,active,2026-10-08,2026-10-08,2,45102,"ALIBABA-CN-NET - Alibaba (US) Technology Co., Ltd., CN",US,
47.243.186.69,ip,ssh-post-auth,high,90,active,2026-10-08,2026-10-08,2,45102,"ALIBABA-CN-NET - Alibaba (US) Technology Co., Ltd., CN",US,
47.245.138.1,ip,http-scan,low,30,stale,2026-09-27,2026-09-27,2,45102,"ALIBABA-CN-NET - Alibaba (US) Technology Co., Ltd., CN",US,
47.250.51.246,ip,http-scan,low,30,expired,2026-09-26,2026-09-26,2,45102,"ALIBABA-CN-NET - Alibaba (US) Technology Co., Ltd., CN",US,
47.250.54.157,ip,http-scan,low,30,active,2026-10-08,2026-10-08,2,45102,"ALIBABA-CN-NET - Alibaba (US) Technology Co., Ltd., CN",US,
47.250.81.7,ip,ssh-probe,low,20,stale,2026-10-07,2026-10-07,2,45102,"ALIBABA-CN-NET - Alibaba (US) Technology Co., Ltd., CN",US,
47.251.122.225,ip,http-scan,low,30,active,2026-10-06,2026-10-06,2,45102,"ALIBABA-CN-NET - Alibaba (US) Technology Co., Ltd., CN",US,
47.251.122.40,ip,http-scan,low,30,expired,2026-09-16,2026-09-16,2,45102,"ALIBABA-CN-NET - Alibaba (US) Technology Co., Ltd., CN",US,
47.251.126.127,ip,http-scan,low,30,expired,2026-09-15,2026-09-15,2,45102,"ALIBABA-CN-NET - Alibaba (US) Technology Co., Ltd., CN",US,
47.251.14.232,ip,http-scan,low,30,active,2026-10-03,2026-10-04,2,45102,"ALIBABA-CN-NET - Alibaba (US) Technology Co., Ltd., CN",US,
47.251.242.234,ip,http-scan,low,30,active,2026-10-07,2026-10-07,2,45102,"ALIBABA-CN-NET - Alibaba (US) Technology Co., Ltd., CN",US,
47.251.253.223,ip,http-scan,low,30,stale,2026-09-28,2026-09-28,2,45102,"ALIBABA-CN-NET - Alibaba (US) Technology Co., Ltd., CN",US,
47.251.254.71,ip,http-scan,low,30,stale,2026-09-30,2026-09-30,2,45102,"ALIBABA-CN-NET - Alibaba (US) Technology Co., Ltd., CN",US,
47.251.81.246,ip,http-scan,low,30,stale,2026-10-03,2026-10-03,2,45102,"ALIBABA-CN-NET - Alibaba (US) Technology Co., Ltd., CN",US,
47.254.171.212,ip,http-scan,low,30,expired,2026-09-15,2026-09-15,2,45102,"ALIBABA-CN-NET - Alibaba (US) Technology Co., Ltd., CN",US,
47.254.206.59,ip,http-scan,low,30,expired,2026-09-15,2026-09-15,2,45102,"ALIBABA-CN-NET - Alibaba (US) Technology Co., Ltd., CN",US,
47.254.231.12,ip,http-scan,low,30,expired,2026-09-23,2026-09-23,2,45102,"ALIBABA-CN-NET - Alibaba (US) Technology Co., Ltd., CN",US,
47.65.176.214,ip,ssh-probe,low,20,expired,2026-09-24,2026-09-24,2,3209,"VODANET - Vodafone GmbH, DE",DE,
47.77.227.227,ip,http-scan,low,30,expired,2026-09-15,2026-09-15,2,45102,"ALIBABA-CN-NET - Alibaba (US) Technology Co., Ltd., CN",US,
47.84.12.247,ip,ssh-probe,low,20,expired,2026-09-15,2026-09-15,2,45102,"ALIBABA-CN-NET - Alibaba (US) Technology Co., Ltd., CN",US,
47.88.87.97,ip,http-scan,low,30,active,2026-10-03,2026-10-04,2,45102,"ALIBABA-CN-NET - Alibaba (US) Technology Co., Ltd., CN",US,
47.99.94.130,ip,ssh-probe,low,20,expired,2026-09-15,2026-09-15,2,37963,"ALIBABA-CN-NET - Hangzhou Alibaba Advertising Co.,Ltd., CN",CN,
48.209.223.98,ip,http-scan,low,30,stale,2026-09-29,2026-09-29,2,8075,"MICROSOFT-CORP-MSN-AS-BLOCK - Microsoft Corporation, US",GB,
49.232.3.41,ip,ssh-probe,low,20,expired,2026-09-23,2026-09-23,2,45090,"TENCENT-NET-AP - Shenzhen Tencent Computer Systems Company Limited, CN",CN,
49.233.203.111,ip,ssh-probe,low,20,expired,2026-09-23,2026-09-23,2,45090,"TENCENT-NET-AP - Shenzhen Tencent Computer Systems Company Limited, CN",CN,
49.64.169.153,ip,ssh-probe,low,20,expired,2026-09-30,2026-09-30,2,4134,"CHINANET-BACKBONE - No.31,Jin-rong Street, CN",CN,
49.64.85.138,ip,ssh-probe,low,20,active,2026-10-09,2026-10-09,2,4134,"CHINANET-BACKBONE - No.31,Jin-rong Street, CN",CN,
5.126.37.128,ip,ssh-probe,low,20,expired,2026-09-25,2026-09-25,2,44244,"IranCell-AS - IranCell-AS, IR",IR,
5.252.83.245,ip,ssh-probe,low,20,active,2026-10-09,2026-10-09,2,25369,"BANDWIDTH-AS - Hydra Communications Ltd, GB",AE,
5.29.20.120,ip,ssh-probe,low,20,expired,2026-09-13,2026-09-13,2,12849,"HOTNET-IL - Hot-Net internet services Ltd., IL",IL,
5.3.249.231,ip,ssh-probe,low,20,expired,2026-09-10,2026-09-10,2,50543,"SARATOV-AS - JSC _ER-Telecom Holding_, RU",RU,
50.116.26.161,ip,ssh-probe,low,20,expired,2026-09-25,2026-09-25,2,63949,"AKAMAI-LINODE-AP - Akamai Connected Cloud, SG",US,
50.210.132.61,ip,ssh-probe,low,20,expired,2026-09-23,2026-09-23,2,7922,"COMCAST-7922 - Comcast Cable Communications, LLC, US",US,
50.42.73.47,ip,ssh-probe,low,20,expired,2026-09-14,2026-09-14,2,5650,"FRONTIER-FRTR - Frontier Communications of America, Inc., US",US,
50.80.13.156,ip,ssh-probe,low,20,expired,2026-09-16,2026-09-16,2,30036,"MEDIACOM-ENTERPRISE-BUSINESS - Mediacom Communications Corp, US",US,
51.57.97.248,ip,http-scan,low,30,expired,2026-09-26,2026-09-26,2,8075,"MICROSOFT-CORP-MSN-AS-BLOCK - Microsoft Corporation, US",GB,
51.83.41.37,ip,http-scan,low,30,expired,2026-09-23,2026-09-24,2,16276,"OVH - OVH SAS, FR",FR,
52.73.212.207,ip,ssh-probe,low,20,expired,2026-09-25,2026-09-25,2,14618,"AMAZON-AES - Amazon.com, Inc., US",US,
54.146.156.132,ip,ssh-probe,low,20,expired,2026-09-29,2026-09-29,2,14618,"AMAZON-AES - Amazon.com, Inc., US",US,
54.146.217.235,ip,ssh-probe,low,20,expired,2026-09-16,2026-09-16,2,14618,"AMAZON-AES - Amazon.com, Inc., US",US,
54.163.206.20,ip,ssh-probe,low,20,expired,2026-09-24,2026-09-24,2,14618,"AMAZON-AES - Amazon.com, Inc., US",US,
54.36.28.201,ip,ssh-probe,low,20,expired,2026-09-30,2026-09-30,2,16276,"OVH - OVH SAS, FR",FR,
54.82.58.124,ip,http-scan,low,30,stale,2026-09-12,2026-09-30,2,14618,"AMAZON-AES - Amazon.com, Inc., US",US,
58.20.201.4,ip,ssh-probe,low,20,expired,2026-10-03,2026-10-03,2,4837,"CHINA169-Backbone - CHINA UNICOM China169 Backbone, CN",CN,
58.20.236.52,ip,ssh-probe,low,20,stale,2026-10-04,2026-10-04,2,4837,"CHINA169-Backbone - CHINA UNICOM China169 Backbone, CN",CN,
58.240.84.3,ip,ssh-probe,low,20,expired,2026-10-02,2026-10-02,2,4837,"CHINA169-Backbone - CHINA UNICOM China169 Backbone, CN",CN,
59.36.72.234,ip,ssh-probe,low,20,active,2026-10-09,2026-10-09,2,4134,"CHINANET-BACKBONE - No.31,Jin-rong Street, CN",CN,
59.36.75.227,ip,ssh-probe,low,20,expired,2026-09-28,2026-09-28,2,4134,"CHINANET-BACKBONE - No.31,Jin-rong Street, CN",CN,
60.13.227.206,ip,ssh-probe,low,20,stale,2026-10-04,2026-10-04,2,4837,"CHINA169-Backbone - CHINA UNICOM China169 Backbone, CN",CN,
60.16.210.51,ip,ssh-probe,low,20,stale,2026-10-04,2026-10-04,2,4837,"CHINA169-Backbone - CHINA UNICOM China169 Backbone, CN",CN,
60.28.38.66,ip,ssh-probe,low,20,expired,2026-10-03,2026-10-03,2,4837,"CHINA169-Backbone - CHINA UNICOM China169 Backbone, CN",CN,
61.155.106.101,ip,ssh-probe,low,20,expired,2026-09-29,2026-09-29,2,137702,"CHINATELECOM-JIANGSU-NANJING-IDC - Nanjing, Jiangsu Province, P.R.China., CN",CN,
61.240.156.16,ip,ssh-probe,low,20,expired,2026-10-02,2026-10-02,2,4837,"CHINA169-Backbone - CHINA UNICOM China169 Backbone, CN",CN,
62.176.124.132,ip,ssh-probe,low,20,stale,2026-10-07,2026-10-07,2,8866,"VIVACOM-AS - Vivacom Bulgaria EAD, BG",BG,
62.182.15.212,ip,ssh-probe,low,20,expired,2026-09-26,2026-09-26,2,44491,"AQUAFON-AS - ZAO _Aquafon-GSM_, RU",RU,
62.217.141.95,ip,ssh-probe,low,20,expired,2026-09-10,2026-09-10,2,15723,"AZERONLINE-AS - _AZERONLINE LTD_ JOINT ENTERPRISE, AZ",AZ,
64.177.48.23,ip,ssh-probe,low,20,expired,2026-09-29,2026-09-29,2,20473,"AS-VULTR - The Constant Company, LLC, US",US,
64.226.64.124,ip,ssh-probe,low,20,stale,2026-10-06,2026-10-06,2,14061,"DIGITALOCEAN-ASN - DigitalOcean, LLC, US",US,
64.227.146.163,ip,http-scan,low,30,stale,2026-09-15,2026-09-29,2,14061,"DIGITALOCEAN-ASN - DigitalOcean, LLC, US",US,
64.227.183.129,ip,http-scan,low,30,stale,2026-10-03,2026-10-03,2,14061,"DIGITALOCEAN-ASN - DigitalOcean, LLC, US",US,
64.23.243.70,ip,http-scan,low,30,stale,2026-09-30,2026-09-30,2,14061,"DIGITALOCEAN-ASN - DigitalOcean, LLC, US",US,
64.57.205.65,ip,ssh-probe,low,20,stale,2026-10-04,2026-10-04,2,396106,"SMARTAIRA-DP - Consolidated Smart Systems LLC, US",US,
64.62.156.142,ip,ssh-probe,low,20,expired,2026-09-12,2026-09-27,2,6939,"HURRICANE - Hurricane Electric LLC, US",US,
64.62.156.186,ip,http-scan,low,30,active,2026-09-26,2026-10-08,2,6939,"HURRICANE - Hurricane Electric LLC, US",US,
64.62.156.94,ip,ssh-probe,low,20,expired,2026-10-03,2026-10-03,2,6939,"HURRICANE - Hurricane Electric LLC, US",US,
64.62.197.131,ip,ssh-probe,low,20,active,2026-10-09,2026-10-09,2,6939,"HURRICANE - Hurricane Electric LLC, US",US,
64.62.197.139,ip,ssh-probe,low,20,expired,2026-09-30,2026-09-30,2,6939,"HURRICANE - Hurricane Electric LLC, US",US,
64.62.197.15,ip,ssh-probe,low,20,expired,2026-09-23,2026-09-23,2,6939,"HURRICANE - Hurricane Electric LLC, US",US,
64.62.197.177,ip,ssh-probe,low,20,expired,2026-10-03,2026-10-03,2,6939,"HURRICANE - Hurricane Electric LLC, US",US,
64.62.197.208,ip,ssh-probe,low,20,expired,2026-10-02,2026-10-02,2,6939,"HURRICANE - Hurricane Electric LLC, US",US,
64.62.197.223,ip,ssh-probe,low,20,stale,2026-10-06,2026-10-06,2,6939,"HURRICANE - Hurricane Electric LLC, US",US,
64.62.197.43,ip,ssh-probe,low,20,expired,2026-09-24,2026-09-24,2,6939,"HURRICANE - Hurricane Electric LLC, US",US,
64.62.197.69,ip,ssh-probe,low,20,expired,2026-09-29,2026-09-29,2,6939,"HURRICANE - Hurricane Electric LLC, US",US,
64.62.197.90,ip,ssh-probe,low,20,expired,2026-09-25,2026-09-25,2,6939,"HURRICANE - Hurricane Electric LLC, US",US,
65.49.1.112,ip,http-scan,low,30,active,2026-09-16,2026-10-09,2,6939,"HURRICANE - Hurricane Electric LLC, US",US,
65.49.1.162,ip,ssh-probe,low,20,expired,2026-10-02,2026-10-02,2,6939,"HURRICANE - Hurricane Electric LLC, US",US,
65.49.1.202,ip,ssh-probe,low,20,active,2026-10-09,2026-10-09,2,6939,"HURRICANE - Hurricane Electric LLC, US",US,
65.49.1.212,ip,ssh-probe,low,20,stale,2026-10-06,2026-10-06,2,6939,"HURRICANE - Hurricane Electric LLC, US",US,
65.49.1.224,ip,http-scan,low,30,stale,2026-09-14,2026-10-02,2,6939,"HURRICANE - Hurricane Electric LLC, US",US,
65.49.1.80,ip,ssh-probe,low,20,expired,2026-09-25,2026-09-25,2,6939,"HURRICANE - Hurricane Electric LLC, US",US,
65.49.1.94,ip,ssh-probe,low,20,expired,2026-09-28,2026-09-28,2,6939,"HURRICANE - Hurricane Electric LLC, US",US,
66.132.172.109,ip,http-scan,low,30,stale,2026-10-03,2026-10-03,2,398324,"CENSYS-ARIN-01 - Censys, Inc., US",US,
66.132.172.128,ip,ssh-probe,low,20,expired,2026-09-28,2026-09-28,2,398324,"CENSYS-ARIN-01 - Censys, Inc., US",US,
66.132.172.137,ip,ssh-probe,low,20,expired,2026-09-29,2026-09-29,2,398324,"CENSYS-ARIN-01 - Censys, Inc., US",US,
66.132.172.140,ip,ssh-probe,low,20,expired,2026-09-16,2026-09-16,2,398324,"CENSYS-ARIN-01 - Censys, Inc., US",US,
66.132.172.141,ip,ssh-probe,low,20,expired,2026-09-15,2026-09-15,2,398324,"CENSYS-ARIN-01 - Censys, Inc., US",US,
66.132.172.184,ip,ssh-probe,low,20,expired,2026-10-01,2026-10-01,2,398324,"CENSYS-ARIN-01 - Censys, Inc., US",US,
66.132.172.204,ip,http-scan,low,30,expired,2026-09-24,2026-09-24,2,398324,"CENSYS-ARIN-01 - Censys, Inc., US",US,
66.132.172.212,ip,ssh-probe,low,20,expired,2026-09-24,2026-09-24,2,398324,"CENSYS-ARIN-01 - Censys, Inc., US",US,
66.132.172.216,ip,ssh-probe,low,20,expired,2026-09-25,2026-09-25,2,398324,"CENSYS-ARIN-01 - Censys, Inc., US",US,
66.132.172.44,ip,ssh-probe,low,20,expired,2026-09-23,2026-09-23,2,398324,"CENSYS-ARIN-01 - Censys, Inc., US",US,
66.132.172.46,ip,ssh-probe,low,20,expired,2026-10-03,2026-10-03,2,398324,"CENSYS-ARIN-01 - Censys, Inc., US",US,
66.132.186.165,ip,ssh-probe,low,20,active,2026-10-09,2026-10-09,2,398324,"CENSYS-ARIN-01 - Censys, Inc., US",US,
66.132.186.167,ip,ssh-probe,low,20,expired,2026-09-24,2026-09-24,2,398324,"CENSYS-ARIN-01 - Censys, Inc., US",US,
66.132.186.178,ip,http-scan,low,30,expired,2026-09-14,2026-09-14,2,398324,"CENSYS-ARIN-01 - Censys, Inc., US",US,
66.132.186.189,ip,http-scan,low,30,active,2026-10-06,2026-10-06,2,398324,"CENSYS-ARIN-01 - Censys, Inc., US",US,
66.132.195.100,ip,ssh-probe,low,20,expired,2026-09-24,2026-09-24,2,398324,"CENSYS-ARIN-01 - Censys, Inc., US",US,
66.132.195.126,ip,ssh-probe,low,20,expired,2026-10-02,2026-10-02,2,398324,"CENSYS-ARIN-01 - Censys, Inc., US",US,
66.132.195.34,ip,ssh-probe,low,20,expired,2026-09-28,2026-09-28,2,398324,"CENSYS-ARIN-01 - Censys, Inc., US",US,
66.132.195.52,ip,ssh-probe,low,20,stale,2026-10-04,2026-10-04,2,398324,"CENSYS-ARIN-01 - Censys, Inc., US",US,
66.228.40.100,ip,http-scan,low,30,stale,2026-09-26,2026-09-27,2,63949,"AKAMAI-LINODE-AP - Akamai Connected Cloud, SG",US,
66.228.53.204,ip,http-scan,low,30,stale,2026-09-23,2026-09-30,2,63949,"AKAMAI-LINODE-AP - Akamai Connected Cloud, SG",US,
66.240.236.109,ip,ssh-probe,low,20,expired,2026-09-28,2026-09-28,2,10439,"CARINET - CariNet, Inc., US",US,
67.167.175.142,ip,ssh-probe,low,20,stale,2026-10-07,2026-10-07,2,7922,"COMCAST-7922 - Comcast Cable Communications, LLC, US",US,
68.183.12.131,ip,http-scan,low,30,expired,2026-09-14,2026-09-14,2,14061,"DIGITALOCEAN-ASN - DigitalOcean, LLC, US",US,
68.183.69.157,ip,http-scan,low,30,stale,2026-09-29,2026-09-29,2,14061,"DIGITALOCEAN-ASN - DigitalOcean, LLC, US",US,
68.183.96.213,ip,ssh-probe,low,20,expired,2026-09-29,2026-09-29,2,14061,"DIGITALOCEAN-ASN - DigitalOcean, LLC, US",US,
69.140.158.108,ip,ssh-probe,low,20,expired,2026-09-27,2026-09-27,2,7922,"COMCAST-7922 - Comcast Cable Communications, LLC, US",US,
69.164.217.245,ip,ssh-probe,low,20,expired,2026-09-29,2026-09-29,2,63949,"AKAMAI-LINODE-AP - Akamai Connected Cloud, SG",US,
69.164.217.74,ip,ssh-probe,low,20,stale,2026-10-04,2026-10-04,2,63949,"AKAMAI-LINODE-AP - Akamai Connected Cloud, SG",US,
69.5.169.100,ip,ssh-probe,low,20,expired,2026-10-02,2026-10-02,2,25369,"BANDWIDTH-AS - Hydra Communications Ltd, GB",GB,
69.5.169.130,ip,http-scan,low,30,active,2026-09-23,2026-10-07,2,25369,"BANDWIDTH-AS - Hydra Communications Ltd, GB",GB,
69.5.169.131,ip,http-scan,low,30,stale,2026-09-25,2026-10-03,2,25369,"BANDWIDTH-AS - Hydra Communications Ltd, GB",GB,
69.5.169.143,ip,http-scan,low,30,stale,2026-09-14,2026-09-27,2,25369,"BANDWIDTH-AS - Hydra Communications Ltd, GB",GB,
69.5.169.144,ip,ssh-probe,low,20,expired,2026-09-30,2026-09-30,2,25369,"BANDWIDTH-AS - Hydra Communications Ltd, GB",GB,
69.5.169.145,ip,http-scan,low,30,stale,2026-09-23,2026-10-03,2,25369,"BANDWIDTH-AS - Hydra Communications Ltd, GB",GB,
69.5.169.148,ip,http-scan,low,30,active,2026-10-04,2026-10-04,2,25369,"BANDWIDTH-AS - Hydra Communications Ltd, GB",GB,
69.5.169.149,ip,http-scan,low,30,active,2026-10-04,2026-10-05,2,25369,"BANDWIDTH-AS - Hydra Communications Ltd, GB",GB,
69.5.169.153,ip,http-scan,low,30,active,2026-10-03,2026-10-05,2,25369,"BANDWIDTH-AS - Hydra Communications Ltd, GB",GB,
69.5.169.155,ip,http-scan,low,30,active,2026-09-25,2026-10-05,2,25369,"BANDWIDTH-AS - Hydra Communications Ltd, GB",GB,
69.5.169.162,ip,http-scan,low,30,active,2026-10-06,2026-10-08,2,25369,"BANDWIDTH-AS - Hydra Communications Ltd, GB",GB,
69.5.169.168,ip,http-scan,low,30,active,2026-10-07,2026-10-08,2,25369,"BANDWIDTH-AS - Hydra Communications Ltd, GB",GB,
69.5.169.176,ip,http-scan,low,30,active,2026-09-28,2026-10-08,2,25369,"BANDWIDTH-AS - Hydra Communications Ltd, GB",GB,
69.5.169.182,ip,http-scan,low,30,stale,2026-09-23,2026-09-28,2,25369,"BANDWIDTH-AS - Hydra Communications Ltd, GB",GB,
69.5.169.184,ip,http-scan,low,30,active,2026-09-25,2026-10-09,2,25369,"BANDWIDTH-AS - Hydra Communications Ltd, GB",GB,
69.5.169.185,ip,http-scan,low,30,active,2026-09-14,2026-10-06,2,25369,"BANDWIDTH-AS - Hydra Communications Ltd, GB",GB,
69.5.169.192,ip,http-scan,low,30,stale,2026-09-28,2026-10-02,2,25369,"BANDWIDTH-AS - Hydra Communications Ltd, GB",GB,
69.5.169.209,ip,http-scan,low,30,active,2026-09-25,2026-10-06,2,25369,"BANDWIDTH-AS - Hydra Communications Ltd, GB",GB,
69.5.169.211,ip,http-scan,low,30,expired,2026-09-14,2026-09-15,2,25369,"BANDWIDTH-AS - Hydra Communications Ltd, GB",GB,
69.5.169.216,ip,http-scan,low,30,active,2026-10-03,2026-10-04,2,25369,"BANDWIDTH-AS - Hydra Communications Ltd, GB",GB,
69.5.169.217,ip,http-scan,low,30,stale,2026-09-15,2026-09-29,2,25369,"BANDWIDTH-AS - Hydra Communications Ltd, GB",GB,
69.5.169.218,ip,http-scan,low,30,stale,2026-09-29,2026-10-03,2,25369,"BANDWIDTH-AS - Hydra Communications Ltd, GB",GB,
69.5.169.227,ip,http-scan,low,30,active,2026-09-15,2026-10-07,2,25369,"BANDWIDTH-AS - Hydra Communications Ltd, GB",GB,
69.5.169.232,ip,http-scan,low,30,stale,2026-09-23,2026-09-30,2,25369,"BANDWIDTH-AS - Hydra Communications Ltd, GB",GB,
69.5.169.233,ip,http-scan,low,30,active,2026-10-06,2026-10-09,2,25369,"BANDWIDTH-AS - Hydra Communications Ltd, GB",GB,
69.5.169.238,ip,http-scan,low,30,active,2026-10-02,2026-10-06,2,25369,"BANDWIDTH-AS - Hydra Communications Ltd, GB",GB,
69.5.169.240,ip,http-scan,low,30,active,2026-10-03,2026-10-07,2,25369,"BANDWIDTH-AS - Hydra Communications Ltd, GB",GB,
69.5.169.241,ip,http-scan,low,30,stale,2026-09-23,2026-09-29,2,25369,"BANDWIDTH-AS - Hydra Communications Ltd, GB",GB,
69.5.169.242,ip,http-scan,low,30,stale,2026-09-14,2026-10-02,2,25369,"BANDWIDTH-AS - Hydra Communications Ltd, GB",GB,
69.5.169.246,ip,http-scan,low,30,active,2026-10-06,2026-10-09,2,25369,"BANDWIDTH-AS - Hydra Communications Ltd, GB",GB,
69.5.169.42,ip,ssh-probe,low,20,expired,2026-09-30,2026-09-30,2,25369,"BANDWIDTH-AS - Hydra Communications Ltd, GB",GB,
69.73.94.213,ip,ssh-probe,low,20,expired,2026-09-10,2026-09-10,2,12083,"WOW-INTERNET - WideOpenWest Finance LLC, US",US,
70.80.54.60,ip,ssh-probe,low,20,expired,2026-09-15,2026-09-15,2,5769,"VIDEOTRON - Videotron Ltee, CA",CA,
71.201.49.227,ip,ssh-probe,low,20,expired,2026-09-24,2026-09-24,2,7922,"COMCAST-7922 - Comcast Cable Communications, LLC, US",US,
71.206.45.49,ip,ssh-probe,low,20,expired,2026-09-13,2026-09-13,2,7922,"COMCAST-7922 - Comcast Cable Communications, LLC, US",US,
71.6.142.213,ip,ssh-probe,low,20,expired,2026-09-28,2026-09-28,2,10439,"CARINET - CariNet, Inc., US",US,
71.6.232.23,ip,ssh-probe,low,20,expired,2026-09-28,2026-09-28,2,10439,"CARINET - CariNet, Inc., US",US,
73.1.207.99,ip,ssh-probe,low,20,expired,2026-09-10,2026-09-10,2,7922,"COMCAST-7922 - Comcast Cable Communications, LLC, US",US,
74.132.43.27,ip,ssh-probe,low,20,expired,2026-09-12,2026-09-12,2,10796,"TWC-10796-MIDWEST - Charter Communications Inc, US",US,
74.179.24.87,ip,http-scan,low,30,active,2026-10-08,2026-10-08,2,8075,"MICROSOFT-CORP-MSN-AS-BLOCK - Microsoft Corporation, US",US,
74.82.47.3,ip,ssh-probe,low,20,expired,2026-09-16,2026-09-16,2,6939,"HURRICANE - Hurricane Electric LLC, US",US,
74.82.47.5,ip,http-scan,low,30,active,2026-09-30,2026-10-08,2,6939,"HURRICANE - Hurricane Electric LLC, US",US,
75.155.35.127,ip,ssh-probe,low,20,expired,2026-09-10,2026-09-10,2,852,"ASN852 - TELUS Communications Inc., CA",CA,
76.11.102.122,ip,ssh-probe,low,20,expired,2026-09-12,2026-09-12,2,11260,"EASTLINK-HSI - EastLink, CA",CA,
76.110.65.101,ip,ssh-probe,low,20,expired,2026-09-30,2026-09-30,2,7922,"COMCAST-7922 - Comcast Cable Communications, LLC, US",US,
77.222.108.168,ip,ssh-probe,low,20,expired,2026-09-12,2026-09-12,2,8369,"INTERSVYAZ-AS - Intersvyaz-2 JSC, RU",RU,
77.75.146.203,ip,ssh-probe,low,20,expired,2026-09-27,2026-09-27,2,35297,"DATALINE-AS - Dataline LLC, UA",UA,
77.91.122.9,ip,ssh-probe,low,20,expired,2026-09-28,2026-09-28,2,211486,"AAA-AS - Alferov Aleksey Aleksandrovich, RU",GE,
77.94.109.110,ip,ssh-probe,low,20,expired,2026-09-13,2026-09-13,2,28812,"JSCBIS-AS - PJSC _Bashinformsvyaz_, RU",RU,
78.100.231.127,ip,ssh-probe,low,20,expired,2026-09-10,2026-09-10,2,8781,"QA-ISP - Ooredoo Q.S.C., QA",QA,
78.173.14.153,ip,ssh-probe,low,20,expired,2026-09-29,2026-09-29,2,9121,"TTNet - Turk Telekomunikasyon Anonim Sirketi, TR",TR,
78.190.242.139,ip,ssh-probe,low,20,expired,2026-09-30,2026-09-30,2,9121,"TTNet - Turk Telekomunikasyon Anonim Sirketi, TR",TR,
78.96.85.159,ip,ssh-bruteforce,medium,60,stale,2026-09-11,2026-09-11,2,12302,"Vodafone_Ro - Vodafone Romania S.A., RO",RO,
79.111.253.87,ip,ssh-probe,low,20,expired,2026-09-26,2026-09-26,2,12714,"MEGAFON-AS - PJSC MegaFon, RU",RU,
79.124.49.102,ip,http-scan,low,30,stale,2026-10-02,2026-10-02,2,50360,"TAMATIYA-AS - Tamatiya EOOD, BG",BG,
79.143.187.206,ip,http-scan,low,30,expired,2026-09-23,2026-09-26,2,51167,"CONTABO - Contabo GmbH, DE",DE,
79.218.64.54,ip,ssh-probe,low,20,expired,2026-09-24,2026-09-24,2,3320,"DTAG - Deutsche Telekom AG, DE",DE,
8.135.49.171,ip,ssh-probe,low,20,expired,2026-09-15,2026-09-15,2,37963,"ALIBABA-CN-NET - Hangzhou Alibaba Advertising Co.,Ltd., CN",SG,
8.209.100.130,ip,http-scan,low,30,expired,2026-09-26,2026-09-26,2,45102,"ALIBABA-CN-NET - Alibaba (US) Technology Co., Ltd., CN",SG,
8.209.218.45,ip,http-scan,low,30,stale,2026-10-01,2026-10-01,2,45102,"ALIBABA-CN-NET - Alibaba (US) Technology Co., Ltd., CN",SG,
8.209.77.33,ip,http-scan,low,30,active,2026-10-04,2026-10-04,2,45102,"ALIBABA-CN-NET - Alibaba (US) Technology Co., Ltd., CN",SG,
8.209.85.27,ip,http-scan,low,30,expired,2026-09-25,2026-09-25,2,45102,"ALIBABA-CN-NET - Alibaba (US) Technology Co., Ltd., CN",SG,
8.216.17.105,ip,http-scan,low,30,expired,2026-09-22,2026-09-22,2,45102,"ALIBABA-CN-NET - Alibaba (US) Technology Co., Ltd., CN",SG,
8.216.7.170,ip,http-scan,low,30,expired,2026-09-24,2026-09-24,2,45102,"ALIBABA-CN-NET - Alibaba (US) Technology Co., Ltd., CN",SG,
8.216.8.194,ip,http-scan,low,30,active,2026-10-06,2026-10-06,2,45102,"ALIBABA-CN-NET - Alibaba (US) Technology Co., Ltd., CN",SG,
8.222.210.33,ip,ssh-probe,low,20,expired,2026-09-24,2026-09-24,2,45102,"ALIBABA-CN-NET - Alibaba (US) Technology Co., Ltd., CN",SG,
8.222.211.75,ip,ssh-probe,low,20,expired,2026-09-28,2026-09-28,2,45102,"ALIBABA-CN-NET - Alibaba (US) Technology Co., Ltd., CN",SG,
80.106.150.174,ip,ssh-probe,low,20,expired,2026-09-29,2026-09-29,2,6799,"OTENET-GR - Ote SA (Hellenic Telecommunications Organisation), GR",GR,
80.67.172.162,ip,ssh-bruteforce,medium,60,active,2026-10-07,2026-10-07,2,20766,"GITOYEN-MAIN-AS - Association _Gitoyen_, FR",FR,
80.94.95.109,ip,ssh-probe,low,20,stale,2026-10-04,2026-10-04,2,204428,"SS-Net - SS-Net, BG",RO,
80.94.95.116,ip,ssh-post-auth,high,90,active,2026-09-26,2026-09-26,2,204428,"SS-Net - SS-Net, BG",RO,
81.17.90.152,ip,ssh-probe,low,20,expired,2026-09-26,2026-09-26,2,28787,"AS-AZTELEKOM - Aztelekom LLC, AZ",AZ,
81.172.77.104,ip,ssh-probe,low,20,expired,2026-10-02,2026-10-02,2,210423,"AS_ATUAXANELA - ATUAXANELA, S.L., ES",ES,
81.172.77.43,ip,ssh-probe,low,20,expired,2026-09-13,2026-09-13,2,210423,"AS_ATUAXANELA - ATUAXANELA, S.L., ES",ES,
81.19.216.103,ip,http-scan,low,30,expired,2026-09-24,2026-09-24,2,25369,"BANDWIDTH-AS - Hydra Communications Ltd, GB",GB,
81.19.216.95,ip,ssh-probe,low,20,expired,2026-09-24,2026-09-24,2,25369,"BANDWIDTH-AS - Hydra Communications Ltd, GB",GB,
81.19.216.99,ip,http-scan,low,30,expired,2026-09-24,2026-09-24,2,25369,"BANDWIDTH-AS - Hydra Communications Ltd, GB",GB,
81.71.27.226,ip,ssh-probe,low,20,expired,2026-09-23,2026-09-23,2,45090,"TENCENT-NET-AP - Shenzhen Tencent Computer Systems Company Limited, CN",CN,
82.157.104.166,ip,ssh-probe,low,20,expired,2026-09-23,2026-09-23,2,45090,"TENCENT-NET-AP - Shenzhen Tencent Computer Systems Company Limited, CN",CN,
82.215.107.40,ip,ssh-probe,low,20,stale,2026-10-06,2026-10-06,2,59668,"ATURON - Turon Media XK, UZ",UZ,
82.215.111.51,ip,ssh-probe,low,20,expired,2026-09-23,2026-09-23,2,59668,"ATURON - Turon Media XK, UZ",UZ,
82.39.154.137,ip,ssh-bruteforce,medium,60,stale,2026-09-13,2026-09-13,2,49981,"WorldStream - WorldStream B.V., NL",GB,
84.54.71.29,ip,ssh-probe,low,20,expired,2026-09-30,2026-09-30,2,8193,"BRM-AS - _Uzbektelekom_ Joint Stock Company, UZ",UZ,
84.54.73.7,ip,ssh-probe,low,20,expired,2026-09-29,2026-09-29,2,8193,"BRM-AS - _Uzbektelekom_ Joint Stock Company, UZ",UZ,
85.102.70.196,ip,ssh-probe,low,20,expired,2026-09-28,2026-09-28,2,9121,"TTNet - Turk Telekomunikasyon Anonim Sirketi, TR",TR,
85.112.61.220,ip,ssh-probe,low,20,expired,2026-09-14,2026-09-14,2,12389,"ROSTELECOM-AS - PJSC Rostelecom, RU",RU,
85.117.101.89,ip,ssh-probe,low,20,expired,2026-09-10,2026-09-10,2,29555,"ALTEL-AS - Mobile Telecom-Service LLP, KZ",KZ,
85.217.149.29,ip,http-scan,low,30,active,2026-10-09,2026-10-09,2,209334,"MODAT-01 - Modat B.V., NL",NL,
85.217.149.3,ip,http-scan,low,30,active,2026-10-07,2026-10-07,2,209334,"MODAT-01 - Modat B.V., NL",NL,
85.217.149.30,ip,http-scan,low,30,active,2026-10-07,2026-10-07,2,209334,"MODAT-01 - Modat B.V., NL",NL,
85.217.149.4,ip,ssh-probe,low,20,expired,2026-09-16,2026-09-16,2,209334,"MODAT-01 - Modat B.V., NL",NL,
85.217.149.42,ip,http-scan,low,30,expired,2026-09-15,2026-09-15,2,209334,"MODAT-01 - Modat B.V., NL",NL,
85.217.149.45,ip,http-scan,low,30,expired,2026-09-14,2026-09-14,2,209334,"MODAT-01 - Modat B.V., NL",NL,
85.217.149.5,ip,ssh-probe,low,20,active,2026-10-09,2026-10-09,2,209334,"MODAT-01 - Modat B.V., NL",NL,
85.217.149.59,ip,http-scan,low,30,expired,2026-09-15,2026-09-15,2,209334,"MODAT-01 - Modat B.V., NL",NL,
85.253.248.85,ip,ssh-probe,low,20,expired,2026-09-23,2026-09-23,2,2586,"ELISAEE-AS - Elisa Eesti AS, EE",EE,
85.96.208.46,ip,ssh-probe,low,20,expired,2026-09-28,2026-09-28,2,9121,"TTNet - Turk Telekomunikasyon Anonim Sirketi, TR",TR,
87.236.176.186,ip,ssh-probe,low,20,expired,2026-09-11,2026-09-11,2,211298,"DRIFTNET - Driftnet Ltd, GB",GB,
88.98.97.169,ip,ssh-probe,low,20,stale,2026-10-04,2026-10-04,2,200845,"AVATEL-AS - AVATEL TELECOM, SA, ES",ES,
89.144.195.119,ip,ssh-probe,low,20,expired,2026-09-28,2026-09-28,2,8447,"A1TELEKOM-AT - A1 Telekom Austria AG, AT",AT,
89.151.187.5,ip,ssh-probe,low,20,expired,2026-09-14,2026-09-14,2,12389,"ROSTELECOM-AS - PJSC Rostelecom, RU",RU,
89.21.67.142,ip,ssh-probe,low,20,stale,2026-10-06,2026-10-06,2,25369,"BANDWIDTH-AS - Hydra Communications Ltd, GB",GB,
89.21.67.182,ip,ssh-probe,low,20,expired,2026-09-29,2026-09-29,2,25369,"BANDWIDTH-AS - Hydra Communications Ltd, GB",GB,
89095cbe80ce65ab0c6e3cac9301362839ee05b07dfd316a35b0ce557f5d996e,sha256,unknown-artifact,medium,30,active,2026-09-28,2026-09-28,2,,,,
90.105.33.128,ip,ssh-probe,low,20,stale,2026-10-07,2026-10-07,2,3215,"AS3215 - Orange S.A., FR",FR,
91.188.144.149,ip,ssh-probe,low,20,active,2026-10-10,2026-10-10,2,42017,"ARSINFORM-AS - ARS-INFORM LLC, UZ",UZ,
91.196.152.106,ip,ssh-probe,low,20,expired,2026-09-30,2026-09-30,2,213412,"ONYPHE - ONYPHE SAS, FR",FR,
91.196.152.111,ip,ssh-probe,low,20,expired,2026-09-30,2026-09-30,2,213412,"ONYPHE - ONYPHE SAS, FR",FR,
91.196.152.142,ip,ssh-probe,low,20,expired,2026-09-16,2026-09-16,2,213412,"ONYPHE - ONYPHE SAS, FR",FR,
91.196.152.20,ip,ssh-probe,low,20,expired,2026-09-30,2026-09-30,2,213412,"ONYPHE - ONYPHE SAS, FR",FR,
91.196.152.21,ip,ssh-probe,low,20,expired,2026-09-30,2026-09-30,2,213412,"ONYPHE - ONYPHE SAS, FR",FR,
91.196.152.60,ip,ssh-probe,low,20,expired,2026-09-16,2026-09-16,2,213412,"ONYPHE - ONYPHE SAS, FR",FR,
91.196.152.81,ip,ssh-probe,low,20,expired,2026-09-16,2026-09-16,2,213412,"ONYPHE - ONYPHE SAS, FR",FR,
91.196.231.18,ip,ssh-probe,low,20,expired,2026-09-14,2026-09-14,2,207558,"EXPRES - Sergey Kus, UA",UA,
91.214.136.174,ip,ssh-probe,low,20,expired,2026-09-28,2026-09-28,2,47898,"PTW-AS - RPC HomeNet Ltd., UA",UA,
91.215.85.104,ip,http-scan,low,30,stale,2026-10-01,2026-10-01,2,200593,"PROSPERO-AS - PROSPERO OOO, RU",RU,
91.225.162.124,ip,ssh-probe,low,20,expired,2026-09-27,2026-09-27,2,56400,"ASSPDChernega - SPD Chernega Aleksandr Anatolevich, UA",UA,
91.228.122.58,ip,ssh-probe,low,20,expired,2026-09-26,2026-09-26,2,197218,"ASLANPRO - PP Dmutrashko Evgeny Vitalievich, UA",UA,
91.228.217.12,ip,ssh-probe,low,20,expired,2026-10-02,2026-10-02,2,209907,"IPNET-AS - FOP Saiv Igor Stepanovich, UA",UA,
91.230.168.179,ip,ssh-probe,low,20,expired,2026-10-03,2026-10-03,2,213412,"ONYPHE - ONYPHE SAS, FR",FR,
91.231.89.122,ip,ssh-probe,low,20,expired,2026-09-30,2026-09-30,2,213412,"ONYPHE - ONYPHE SAS, FR",FR,
91.231.89.17,ip,http-scan,low,30,active,2026-09-30,2026-10-07,2,213412,"ONYPHE - ONYPHE SAS, FR",FR,
91.231.89.181,ip,ssh-probe,low,20,expired,2026-09-30,2026-09-30,2,213412,"ONYPHE - ONYPHE SAS, FR",FR,
91.231.89.190,ip,ssh-probe,low,20,expired,2026-09-16,2026-09-16,2,213412,"ONYPHE - ONYPHE SAS, FR",FR,
91.244.17.49,ip,ssh-probe,low,20,expired,2026-09-29,2026-09-29,2,25133,"MCLAUT-AS - LLC _McLaut-Invest_, UA",LV,
91.90.11.35,ip,ssh-probe,low,20,expired,2026-09-12,2026-09-12,2,41631,"SOBORKA-AS - SOBORKA-AS, UA",UA,
92.218.123.85,ip,ssh-bruteforce,medium,60,stale,2026-09-13,2026-09-13,2,3209,"VODANET - Vodafone GmbH, DE",DE,
93.120.184.95,ip,ssh-probe,low,20,expired,2026-09-27,2026-09-27,2,12389,"ROSTELECOM-AS - PJSC Rostelecom, RU",RU,
93.174.95.106,ip,ssh-probe,low,20,expired,2026-09-14,2026-09-14,2,202425,"INT-NETWORK - IP Volume inc, SC",NL,
93.236.228.26,ip,ssh-probe,low,20,active,2026-10-08,2026-10-08,2,3320,"DTAG - Deutsche Telekom AG, DE",DE,
94.131.213.241,ip,ssh-probe,low,20,expired,2026-09-27,2026-09-27,2,35586,"VOM - VOLYN OPTICAL NETWORKS LLC, UA",NL,
94.131.219.185,ip,ssh-probe,low,20,expired,2026-09-11,2026-09-11,2,204289,"SONATA-AS - LLC _NAKNET_, UA",NL,
94.154.43.195,ip,ssh-probe,low,20,expired,2026-09-16,2026-09-16,2,219502,"STORMCLOUD-AS - Storm Industries LLC, US",UA,
94.154.43.218,ip,ssh-probe,low,20,expired,2026-09-16,2026-09-16,2,219502,"STORMCLOUD-AS - Storm Industries LLC, US",UA,
94.231.206.36,ip,http-scan,low,30,stale,2026-09-24,2026-10-01,2,213412,"ONYPHE - ONYPHE SAS, FR",FR,
94.41.131.201,ip,ssh-probe,low,20,expired,2026-10-01,2026-10-01,2,41704,"OGS-AS - JSC _Ufanet_, RU",RU,
94f2e4d8d4436874785cd14e6e6d403507b8750852f7f2040352069a75da4c00,sha256,unknown-artifact,medium,30,active,2026-09-13,2026-09-22,2,,,,
95.153.93.152,ip,ssh-probe,low,20,expired,2026-10-03,2026-10-03,2,1547,"IDK-Network - INTERDNESTRKOM, Sovmestnoe Zakrytoe Aktsionernoe Obshchestvo, MD",MD,
95.67.252.36,ip,ssh-probe,low,20,expired,2026-09-23,2026-09-23,2,12389,"ROSTELECOM-AS - PJSC Rostelecom, RU",RU,
95.76.1.117,ip,ssh-probe,low,20,expired,2026-09-16,2026-09-16,2,12302,"Vodafone_Ro - Vodafone Romania S.A., RO",RO,
97.74.94.121,ip,http-scan,low,30,stale,2026-09-30,2026-09-30,2,26496,"AS-26496-GO-DADDY-COM-LLC - GoDaddy.com, LLC, US",US,
97.88.184.125,ip,ssh-probe,low,20,expired,2026-09-23,2026-09-23,2,20115,"CHARTER-20115 - Charter Communications LLC, US",US,
98.61.86.94,ip,ssh-probe,low,20,stale,2026-10-06,2026-10-06,2,7922,"COMCAST-7922 - Comcast Cable Communications, LLC, US",US,
98.97.1.192,ip,ssh-probe,low,20,expired,2026-09-12,2026-09-12,2,14593,"SPACEX-STARLINK - Space Exploration Technologies Corporation, US",US,
98.97.129.13,ip,ssh-probe,low,20,stale,2026-10-06,2026-10-06,2,14593,"SPACEX-STARLINK - Space Exploration Technologies Corporation, US",US,
b02337d82c44ed46e5b186bd54cde717be39da81a29fb332090d10a5c444ccb6,sha256,unknown-artifact,medium,30,active,2026-09-13,2026-09-23,2,,,,
http://194.59.31.231:51346/b/amd64,url,payload-url,high,80,active,2026-09-12,2026-09-12,2,,,,
http://194.59.31.231:51346/b/kal64,url,payload-url,high,80,active,2026-09-12,2026-09-12,2,,,,
http://194.59.31.231:51346/b/kswpad,url,payload-url,high,80,active,2026-09-12,2026-09-12,2,,,,
http://194.59.31.231:65416/b/amd64,url,payload-url,high,80,active,2026-09-13,2026-09-13,2,,,,
http://194.59.31.231:65416/b/kal64,url,payload-url,high,80,active,2026-09-13,2026-09-13,2,,,,
http://194.59.31.231:65416/b/kswpad,url,payload-url,high,80,active,2026-09-13,2026-09-13,2,,,,
http://31.56.209.73:65161/b/amd64,url,payload-url,high,80,active,2026-10-07,2026-10-07,2,,,,
http://31.56.209.73:65161/b/kal64,url,payload-url,high,80,active,2026-10-07,2026-10-07,2,,,,
http://31.56.209.73:65161/b/kswpad,url,payload-url,high,80,active,2026-10-07,2026-10-07,2,,,,
http://www.google.com/setup.sh,url,payload-url,high,80,active,2026-10-04,2026-10-04,2,,,,
https://217.60.102.5/sh,url,payload-url,high,80,active,2026-10-09,2026-10-09,2,,,,
0025ab9cde72265dddae50f8c578636a2478f062c1204d4dae01bd0edb98d6d2,sha256,unknown-artifact,medium,30,active,2026-09-27,2026-09-27,1,,,,
00276fbd622907493782ec04c77bb5c87c92248499303895404ca1307672c0c1,sha256,unknown-artifact,medium,30,active,2026-09-30,2026-09-30,1,,,,
002f30524cc7f5675801e58342fd082929b1f8aee64083976f8bf0ee38f9788a,sha256,unknown-artifact,medium,30,active,2026-09-28,2026-09-28,1,,,,
00401b79f217f051ee44a20beb4bb28767847db532d79fac5258763ae1959cf8,sha256,unknown-artifact,medium,30,active,2026-09-23,2026-09-23,1,,,,
0046a717ebd6d6bddc0f5e4aa1a32b30ad10e128689a99ca1fd4b864d86b8cef,sha256,unknown-artifact,medium,30,active,2026-09-15,2026-09-15,1,,,,
0046ecdde476f73763c5afbda37d9aa5f97b48bf7e880e6119bddab721ba7cf5,sha256,unknown-artifact,medium,30,active,2026-09-15,2026-09-15,1,,,,
004c5f2aae49c873fc11823e5d706ac65d4935717a47ceba0b4a692bc83cb9b8,sha256,unknown-artifact,medium,30,active,2026-09-27,2026-09-27,1,,,,
004ec316876b059753c379c31298e4f4ce712f2235bdd975658882a12472cfd1,sha256,unknown-artifact,medium,30,active,2026-10-09,2026-10-09,1,,,,
006df9f8405ef6224aa4a3a46431d0f5e585acdeef5ef3351cf0ee5f645d9754,sha256,unknown-artifact,medium,30,active,2026-09-15,2026-09-15,1,,,,
00ac30c818f0fbe8b5dc4ff871228fc87770152dded6772452e47a4a015d80b0,sha256,unknown-artifact,medium,30,active,2026-09-15,2026-09-15,1,,,,
00b00a6b51d3ff368c76d220cab1bdef38f5eabeb3cb49425ad19ddeb6957b13,sha256,unknown-artifact,medium,30,active,2026-10-04,2026-10-04,1,,,,
00b409bf26a129754ffe8f79194bb9fc904ae4fac21f21cdb7a18fbc3e3cf9a5,sha256,unknown-artifact,medium,30,active,2026-10-04,2026-10-04,1,,,,
00bbaea4f6cb1713b16f9eaf2bf95381b81b762d1acdd930079e56c3b7a04e72,sha256,unknown-artifact,medium,30,active,2026-10-03,2026-10-03,1,,,,
00bc42df026ba0b38b11c7eae81372925f171330bcba279024ba7ff4a5e8dae9,sha256,unknown-artifact,medium,30,active,2026-10-04,2026-10-04,1,,,,
00c5de06ca7a2f065a4276c586a0cdd890f1c20e057b291b80ba0a449bc4a2dd,sha256,unknown-artifact,medium,30,active,2026-09-24,2026-09-24,1,,,,
00ca7755cac02d16feaa1beabec80da465b554c02114b51ef7a4fa4325ab52e0,sha256,unknown-artifact,medium,30,active,2026-09-28,2026-09-28,1,,,,
00cde116d9d3bddeb629962346a9bacf3d3ee9fd5fb2c93c3a180b1ee9f888ad,sha256,unknown-artifact,medium,30,active,2026-09-25,2026-09-25,1,,,,
00d151e7d392e68e2c756a6fc42640006ddc0a98d37dba3f90a7b73f63188bbd,sha256,unknown-artifact,medium,30,active,2026-09-30,2026-09-30,1,,,,
00d23fe1f9635bf3e2fcbca5de39ce2639d5acb9ed42740b26cc5390b55d707d,sha256,unknown-artifact,medium,30,active,2026-10-09,2026-10-09,1,,,,
00d4044720b22c315468789b9fbc285a8f70fa5f315f9426be4b53f363264ee2,sha256,unknown-artifact,medium,30,active,2026-09-26,2026-09-26,1,,,,
00e282e3dda39b47ce5899b429b8695b7794f5f7f1f5fda2678025165116294e,sha256,unknown-artifact,medium,30,active,2026-10-10,2026-10-10,1,,,,
00e2c385fbf417fee79f7a45ab429aa60e8acbfdbc23f7060d7cd05f7c3d78ee,sha256,unknown-artifact,medium,30,active,2026-09-15,2026-09-15,1,,,,
01081d95bdd7004ef1f5cd657eb38a15274dcf50ee7e3647e419caf092d205b4,sha256,unknown-artifact,medium,30,active,2026-09-15,2026-09-15,1,,,,
01086a6201a9639569c57e81294114c7e0513be46743d78392fdb54ac556e4fc,sha256,unknown-artifact,medium,30,active,2026-09-26,2026-09-26,1,,,,
0111f7554519f7126c570c154b894f1fbcddf4faa126f6d644b974dab6c77411,sha256,unknown-artifact,medium,30,active,2026-10-04,2026-10-04,1,,,,
0128a70b1467136a6e12e3d3aca346ac8170e2762d6b79e957071329d3f9e085,sha256,unknown-artifact,medium,30,active,2026-09-15,2026-09-15,1,,,,
012be5a2f454b8b295d1d4c9d794b6c5a4a62ec8eea2c127b98e83ebf0608640,sha256,unknown-artifact,medium,30,active,2026-09-15,2026-09-15,1,,,,
013b422259538bc32a88695c3c0791acc42d13e9b1ffbd6945b63f871831644b,sha256,unknown-artifact,medium,30,active,2026-09-24,2026-09-24,1,,,,
013d661a96d410dbf02a3fb4856e776cf4d44c27b759b8b32a5bc87f2f198ce6,sha256,unknown-artifact,medium,30,active,2026-09-14,2026-09-14,1,,,,
01498927d12e457788aad50b5b9a1e9fd148a79855cc68cf7bdf9eb7cb81bd33,sha256,unknown-artifact,medium,30,active,2026-09-26,2026-09-26,1,,,,
0156e11065de1b8df3c56299261f56824366e39ac43ce8dfea94278f1c06e6c3,sha256,unknown-artifact,medium,30,active,2026-10-07,2026-10-07,1,,,,
015c3b071d8b356cb85f053fb3cf72db9474b4d891fb20912b71c9fafaba98a8,sha256,unknown-artifact,medium,30,active,2026-10-10,2026-10-10,1,,,,
01666ec060466c14b9fa06c613fbac449163f2a2017558fe16526209ab78c6b0,sha256,unknown-artifact,medium,30,active,2026-09-15,2026-09-15,1,,,,
0176758a68cbdd12839ba1e4e452431445f87054e1e1871b6315a217815cd7ca,sha256,unknown-artifact,medium,30,active,2026-10-04,2026-10-04,1,,,,
018896f4d570916df620f00328c37250305e7c432c07e1936aac4d2f3fc6d50d,sha256,unknown-artifact,medium,30,active,2026-10-03,2026-10-03,1,,,,
019b98fc66f640447183e5a2be1546c785117db111eddd6832b0c21f0e9876c6,sha256,unknown-artifact,medium,30,active,2026-10-03,2026-10-03,1,,,,
019d25f5db4308b0dfc0ce0daad18ce2d632c3c0626917ecde90e252ac494805,sha256,unknown-artifact,medium,30,active,2026-10-04,2026-10-04,1,,,,
01a13918f7261f45329381238593007e9a3323a5c5d2590a7490c65c0ee125bf,sha256,unknown-artifact,medium,30,active,2026-10-04,2026-10-04,1,,,,
01a60e35df88d8b49546cb3f8f4ba4f406870f9b8e1f394c9d48ab73548d748d,sha256,unknown-artifact,medium,30,active,2026-09-26,2026-09-26,1,,,,
01aa715450296c7a98947db7bcf08dcf71b62a42e8e345801f4c6986f5938b8e,sha256,unknown-artifact,medium,30,active,2026-09-29,2026-09-29,1,,,,
01ba4719c80b6fe911b091a7c05124b64eeece964e09c058ef8f9805daca546b,sha256,unknown-artifact,medium,30,active,2026-10-06,2026-10-06,1,,,,
01c0bd0de95e1f981dc71e9d51b9a503a2539b90d9dde3988b5914264a2eed26,sha256,unknown-artifact,medium,30,active,2026-09-15,2026-09-15,1,,,,
01dae1baceac675cd9552ac96e432b6319ebf207132dfa28c12a106fce465939,sha256,unknown-artifact,medium,30,active,2026-10-10,2026-10-10,1,,,,
01e2f3022bedfe0a3605727a23db79ec61f71babc5a13982ef724b7e1f173d06,sha256,unknown-artifact,medium,30,active,2026-09-30,2026-09-30,1,,,,
01eeb5e6bd75dd9490da551ec91032067b0f5e2cc1ee8adee946a306ec4cc754,sha256,unknown-artifact,medium,30,active,2026-09-15,2026-09-15,1,,,,
01ffb41a904db66b6f1e0c722b9a7d036d0f91756b7816c96bd73f651aaeb744,sha256,unknown-artifact,medium,30,active,2026-10-04,2026-10-04,1,,,,
02023f15d25e20255b7f4ff1738a6d14e35189498bd916f98f959c8f33ab9192,sha256,unknown-artifact,medium,30,active,2026-09-27,2026-09-27,1,,,,
02048eea04ba1758cbcc68c40bad381ae67c136c12dfdc1058d94ada0f2758c2,sha256,unknown-artifact,medium,30,active,2026-09-26,2026-09-26,1,,,,
02426c0c42851f2c428c02317295a9de8ea3209a7c64ca5e0ae041fd567bb05f,sha256,unknown-artifact,medium,30,active,2026-10-09,2026-10-09,1,,,,
02680633de2babcd19c140009ccb75a79a6e3cd73d058007710aa074dba82098,sha256,unknown-artifact,medium,30,active,2026-10-03,2026-10-03,1,,,,
026bcad51c4d3907d4b8cb830aa8f8958c729fdbfee7545fb6974964b9b2efe7,sha256,unknown-artifact,medium,30,active,2026-09-30,2026-09-30,1,,,,
0285fc9de2d2ff63d69be963edcdd5dfeed7483ec191fb12b906b6d4e5df4d68,sha256,unknown-artifact,medium,30,active,2026-09-16,2026-09-16,1,,,,
029805da3e238c760f87b5399e721d5b8863e0da4121a548fd3dd76ca2ac1549,sha256,unknown-artifact,medium,30,active,2026-09-23,2026-09-23,1,,,,
02b37863b3f4ba339b247c488a5406a5080f698ab7e8eae6b1b9410a8044ce3d,sha256,unknown-artifact,medium,30,active,2026-09-25,2026-09-25,1,,,,
02be39bde11623fbdf9657fe31ff363b07ebbd2926f740bb13ce62303601dd58,sha256,unknown-artifact,medium,30,active,2026-10-09,2026-10-09,1,,,,
02bec3d1df226612d5d72d75b757a5ec4f90ebfa33badc61167ff069c9246391,sha256,unknown-artifact,medium,30,active,2026-09-30,2026-09-30,1,,,,
02ccf5527bc845484d32793a047674af2ebde69abb22cc8e30279ebd846cf3c2,sha256,unknown-artifact,medium,30,active,2026-09-30,2026-09-30,1,,,,
02e04abf54c7451f5270e9ad8e845dca2773e7bc3fd2cbe3af3ceda42b285315,sha256,unknown-artifact,medium,30,active,2026-09-27,2026-09-27,1,,,,
02e58cb54eed28b9a05bf8b663a6675024410a1f7563013261f47fb400a82bad,sha256,unknown-artifact,medium,30,active,2026-10-03,2026-10-03,1,,,,
02eebd1f17265a51a434e1a8d538f8c0419ad389e2f71ca3c13ebfa5bf627f22,sha256,unknown-artifact,medium,30,active,2026-10-04,2026-10-04,1,,,,
0302840edc313b5cf0251f2a9d8dc45f5c9ec0329330f21f041f74d418f18ebe,sha256,unknown-artifact,medium,30,active,2026-10-03,2026-10-03,1,,,,
030e2dd05d743e28b2104615d5c957ded7c20232def6b40ee5e3d6bea8275071,sha256,unknown-artifact,medium,30,active,2026-10-04,2026-10-04,1,,,,
0316b1a084069f982bd2661cffb779f983da0d0be19e6a8a19c5c05b66ad9002,sha256,unknown-artifact,medium,30,active,2026-10-09,2026-10-09,1,,,,
035b47aabcefb1f4f8016da56b7e917e763ed9605c7ebc8465cf3e6bd01aec0d,sha256,unknown-artifact,medium,30,active,2026-09-24,2026-09-24,1,,,,
035fa655142526f65560aa35cf2484148f827408642c3c6de4e171c0b96433b4,sha256,unknown-artifact,medium,30,active,2026-10-04,2026-10-04,1,,,,
036b19a6f28097d62b787c45aa3751910535f9f30253b4eeef1603875fddb060,sha256,unknown-artifact,medium,30,active,2026-09-30,2026-09-30,1,,,,
0372af9cb8d3f278245494569fab01af421d5d878071ab209d845c5c044cd2b2,sha256,unknown-artifact,medium,30,active,2026-09-15,2026-09-15,1,,,,
0381dbed15637d8e6b9f8d3eb534c4c3c947fb964d9e55dfe4c7bb87ea439278,sha256,unknown-artifact,medium,30,active,2026-09-27,2026-09-27,1,,,,
039efbc1ed277715f63987a056b4ea54bf8f84749874e8d5629bd6d593378a5c,sha256,unknown-artifact,medium,30,active,2026-10-09,2026-10-09,1,,,,
03abb3c069cf5e3e30d3f41436242e6d3c4d867d0c76aa16b6a197c47cbf8b52,sha256,unknown-artifact,medium,30,active,2026-09-30,2026-09-30,1,,,,
03b5bf93d135c3e60f96a437e379020c38a19799d6de5f0688f96047d63995b4,sha256,unknown-artifact,medium,30,active,2026-10-09,2026-10-09,1,,,,
03cf711e7b38cbad383b64a9b26062b13bf76c8861e4100c6f65e1251186a057,sha256,unknown-artifact,medium,30,active,2026-09-15,2026-09-15,1,,,,
03d6978c15019688b37975f37ca2342b509003140c5566295d7cd5650fd6f2c7,sha256,unknown-artifact,medium,30,active,2026-09-15,2026-09-15,1,,,,
03dc24887e6c3d69d4438de87ceb8ab6b5f6dd12c18eb51e04f2e6161ccec3c6,sha256,unknown-artifact,medium,30,active,2026-10-04,2026-10-04,1,,,,
03dddfdd599a532708078343b9dfb1509a989cb3c286efa3a41c2e891b32935f,sha256,unknown-artifact,medium,30,active,2026-09-27,2026-09-27,1,,,,
03e39f9723bc73408670f994c16d9c7e593bc9c8b18d6567a50c535e1d80e579,sha256,unknown-artifact,medium,30,active,2026-10-04,2026-10-04,1,,,,
03e5575136ba25c6c8e6e4260e7e1ed1072a27472f41a43188f976a580f285b2,sha256,unknown-artifact,medium,30,active,2026-10-04,2026-10-04,1,,,,
03e9b6d07bfd5d5dfa21b627d35897b5f5f3306a49fb5f561b9dcd7f2203b832,sha256,unknown-artifact,medium,30,active,2026-09-15,2026-09-15,1,,,,
03fbab556890a41d0bb3dd25ba991dca41c3ff1941fa770f0c32ef526bf531fe,sha256,unknown-artifact,medium,30,active,2026-09-27,2026-09-27,1,,,,
0415a1949cd58edfb102eb9c4ddf05f9d0aea074f1ef272e5db08caf522cea9b,sha256,unknown-artifact,medium,30,active,2026-09-27,2026-09-27,1,,,,
0426964b66a660c0800df3830bf7f9e919843ddbbbc1c14649fec9a72642a69e,sha256,unknown-artifact,medium,30,active,2026-10-04,2026-10-04,1,,,,
0435716b27092c88b3fe2332d4f646426a2dae37e80a9196456c91202e07afa2,sha256,unknown-artifact,medium,30,active,2026-09-16,2026-09-16,1,,,,
0436e3fb157638e16d8172d5cd9c8da5246d8e895a595c5475bef310c52a0f56,sha256,unknown-artifact,medium,30,active,2026-10-04,2026-10-04,1,,,,
04424ea9ba94222285e39d698610880bcfa4212820d30be66fd70f271061027e,sha256,unknown-artifact,medium,30,active,2026-09-24,2026-09-24,1,,,,
044a235c9cb14976b027c432d51657bdc196cef9e8d7dd04529a29c80c5d2e40,sha256,unknown-artifact,medium,30,active,2026-10-03,2026-10-03,1,,,,
0454dced8a3bdcd57d83005b796931fbf8d756c8775e23d58ca7df6c8edc61cf,sha256,unknown-artifact,medium,30,active,2026-09-23,2026-09-23,1,,,,
046e35a23df9aa8620dc0f6ebe33dcd411be6356cd47cef9395b6d38731fff05,sha256,unknown-artifact,medium,30,active,2026-10-04,2026-10-04,1,,,,
047b08dd69b24ebfee88e43b1196893e232691a337dfae2a54cb6a0f9a8371d9,sha256,unknown-artifact,medium,30,active,2026-10-07,2026-10-07,1,,,,
04803a442af451d03f7b3db8701c18afcbd45c4dd41f35ab5721f58a6bcdb9cd,sha256,unknown-artifact,medium,30,active,2026-10-03,2026-10-03,1,,,,
049d877be13efe864ef3a831253bdde1b0687d1bf50e7de153425dc84165a40d,sha256,unknown-artifact,medium,30,active,2026-10-03,2026-10-03,1,,,,
04b6c28fa8b32144b382d2dfa98c8a152133840a31b4e3dd1368a57855a3fd9d,sha256,unknown-artifact,medium,30,active,2026-10-10,2026-10-10,1,,,,
04be6d3ef28826b8bc2772e22506cc1e1c27f5c8b374bd842604cecb2f1a45a5,sha256,unknown-artifact,medium,30,active,2026-09-23,2026-09-23,1,,,,
04c835fcc2e972b8ae4b9b7e2e99f25e037f004e99378aa6dcffa3036f1705b0,sha256,unknown-artifact,medium,30,active,2026-09-30,2026-09-30,1,,,,
04ce18b66b5a1f0b5da26f8f83fb0255fd6fd0e1ab95df6308c8e3050826c6c9,sha256,unknown-artifact,medium,30,active,2026-09-16,2026-09-16,1,,,,
04e0cc7c8038a00f07412b925a9faca0d769633d6d82eab7d00f9d4474af8c67,sha256,unknown-artifact,medium,30,active,2026-09-15,2026-09-15,1,,,,
04fb0977fd3dbd04a2c479369be794483319e34bbd509e2c0fb69d42eadade06,sha256,unknown-artifact,medium,30,active,2026-10-10,2026-10-10,1,,,,
04fba060c2ba15cf24502fe353c0eea26bee77d45db5a10e34615e0576e663b9,sha256,unknown-artifact,medium,30,active,2026-09-30,2026-09-30,1,,,,
050891ec32188a75c21a63dbac761989d52ce39e149bbebcae0bc919c197964b,sha256,unknown-artifact,medium,30,active,2026-10-04,2026-10-04,1,,,,
0512b02e7ffbad858e838cd0ba029baee9a1c824d62d7c0c8abeb201af5389b1,sha256,unknown-artifact,medium,30,active,2026-09-24,2026-09-24,1,,,,
053495128ded15e5db3cfab7728e95c8bcad4e60027f95d0b5652c82e6a014d1,sha256,unknown-artifact,medium,30,active,2026-09-25,2026-09-25,1,,,,
0556b7435d219886beaece2e525f3744bf880738bf04bf600cfe4fc5af09bbf8,sha256,unknown-artifact,medium,30,active,2026-10-09,2026-10-09,1,,,,
05625dc4e3392a494b46742de4c514ddcd53a6174414d0d89da66b9f3895fd8c,sha256,unknown-artifact,medium,30,active,2026-10-04,2026-10-04,1,,,,
057239c7f2da7f21f821eb0df002542c49380aff4bf9fd67e644022370a8b309,sha256,unknown-artifact,medium,30,active,2026-10-04,2026-10-04,1,,,,
058c278d3fb4384af8d6fabd8426554c69da3cffec91fa832c2b3e8cd23b3267,sha256,unknown-artifact,medium,30,active,2026-09-27,2026-09-27,1,,,,
05ee7955f8a60c098595b66ef4ad742b81ba7872d14abe9f5a7f2dfc2393188e,sha256,unknown-artifact,medium,30,active,2026-09-28,2026-09-28,1,,,,
05f18450f5e0b42a677b93ce7cf43c801cda71faf306e966578e6177cbe178e2,sha256,unknown-artifact,medium,30,active,2026-09-23,2026-09-23,1,,,,
05fa26314c94bec2e956a1f18d27a8562bc20072cc9538804290d8b70a7dbb9f,sha256,unknown-artifact,medium,30,active,2026-09-29,2026-09-29,1,,,,
060765b863b4d790a20389af292b99141629e7b708771a7f9256bced8d034781,sha256,unknown-artifact,medium,30,active,2026-09-15,2026-09-15,1,,,,
06111c6797d5e5932b792d0c3afdf13bc912ba44af806058bbca4770d8915305,sha256,unknown-artifact,medium,30,active,2026-09-15,2026-09-15,1,,,,
06394af259db19355ccf0b668c77ec0fdd9b8d5aa388d848e1bb5959e80e2a24,sha256,unknown-artifact,medium,30,active,2026-09-15,2026-09-15,1,,,,
065640de4ad3fc400fa15502f1ea067e062672d60dac0b244188530fa8baea73,sha256,unknown-artifact,medium,30,active,2026-09-30,2026-09-30,1,,,,
06577bd4a35a3fb866f891567b5a9ff67223c2f4422fb7629836d0cadb603ed3,sha256,unknown-artifact,medium,30,active,2026-09-30,2026-09-30,1,,,,
0663a03fc2ccfc31e101cfa41aec97cf70bf6af454f5654cf6092bfa021223b4,sha256,unknown-artifact,medium,30,active,2026-09-16,2026-09-16,1,,,,
066c9abbae60a9ff97536589ac2d8e4f1dc46ad39ff0e727c57a7fca3479967f,sha256,unknown-artifact,medium,30,active,2026-09-30,2026-09-30,1,,,,
068d48ea288a4f2178367c403a39abbb8d7ade9766b5cf33bedfabf4fd6443f2,sha256,unknown-artifact,medium,30,active,2026-10-03,2026-10-03,1,,,,
0693a3a41b7bda5568f205cc000bff5f3bf917f65535b721ae273b3a956ea0b5,sha256,unknown-artifact,medium,30,active,2026-09-15,2026-09-15,1,,,,
069a19378aa9d4b03c66dbd468dbd3ff5a95277e3daab19b4b2bf8c8cddb904c,sha256,unknown-artifact,medium,30,active,2026-10-04,2026-10-04,1,,,,
06ab26458b41063dfba4a4fb1602389014eb2363a124b4e4567a43a07faab56c,sha256,unknown-artifact,medium,30,active,2026-09-15,2026-09-15,1,,,,
06aed91f8ad8c7777110e6e21825eab37876ab7b2d81eb75d8cafc3d23ed6162,sha256,unknown-artifact,medium,30,active,2026-09-30,2026-09-30,1,,,,
06b136b6c48f5764cb19d5a7120dd83318047ddc8da8775a5ec3217752c8b0d6,sha256,unknown-artifact,medium,30,active,2026-10-09,2026-10-09,1,,,,
06b24c553a069e5868b3003efe8a84b88a0aae1358ed5bc30bfa84023893d463,sha256,unknown-artifact,medium,30,active,2026-09-27,2026-09-27,1,,,,
06b2ec9581d45167baebdb57f599a566e273dc4de77b0ca19c2e371ff46ce807,sha256,unknown-artifact,medium,30,active,2026-09-26,2026-09-26,1,,,,
06c8ecf3cc7ba9b0897e5e5aae1d15b488a41b468aff8f496499a34df23cf01e,sha256,unknown-artifact,medium,30,active,2026-09-30,2026-09-30,1,,,,
06d6b9362c01925622cac3f0e0b4e5b35f4db60a082032eb19bc4ab7c443e79d,sha256,unknown-artifact,medium,30,active,2026-10-06,2026-10-06,1,,,,
06eb1a336a0f4463b01c2989643a4d6009eb956cc5ee5d23599a88e3502f1342,sha256,unknown-artifact,medium,30,active,2026-09-25,2026-09-25,1,,,,
06eb9c855183cbedd45f59bb731f89df5082af7f52bbcbc27192e1810482e1ad,sha256,unknown-artifact,medium,30,active,2026-10-04,2026-10-04,1,,,,
06ed89b45e4fbb10a2fcce70303f8feb808071d2b03fb2f209910b2d0cb89960,sha256,unknown-artifact,medium,30,active,2026-10-07,2026-10-07,1,,,,
06f1037f6465b90dcb4e617ace41921d1fb4b34f8f2537efd1239fc572ddaa99,sha256,unknown-artifact,medium,30,active,2026-10-03,2026-10-03,1,,,,
06f67cbb45b1121f7019a54b799615edb9f3dd6116f851b5a7bbfdeef755304b,sha256,unknown-artifact,medium,30,active,2026-10-03,2026-10-03,1,,,,
06fda3ffad7126626d2836f553ec86922026d6eb0c56901a3dce9dfe3ec6d0ff,sha256,unknown-artifact,medium,30,active,2026-09-25,2026-09-25,1,,,,
06ff52ad45724a7926e38979012ced11abb0416a324e4dffcf2ba91662b12153,sha256,unknown-artifact,medium,30,active,2026-09-16,2026-09-16,1,,,,
070b6aa6cf2cb2b7a1f0ea58a5af3ca3c5552105f31900d77234a92bbd16c301,sha256,unknown-artifact,medium,30,active,2026-10-04,2026-10-04,1,,,,
070eb9a87171bfd06e6e1fc330d9a2795eb4ac33ce7ec83f3b2a69f23888ca8b,sha256,unknown-artifact,medium,30,active,2026-09-15,2026-09-15,1,,,,
070ed34511a1d241fa1c502101366e22091f86605299dafb7e95e6c697035545,sha256,unknown-artifact,medium,30,active,2026-10-03,2026-10-03,1,,,,
071803b2dddd35bfabb05c080f2f9e0d5b09db8cf68a5f8a6caa761e6f0a9025,sha256,unknown-artifact,medium,30,active,2026-09-27,2026-09-27,1,,,,
07197e72c4b64620ef368d5e2ab456a188c79c123d563a56a13d069dd2480094,sha256,unknown-artifact,medium,30,active,2026-10-09,2026-10-09,1,,,,
075149c180a23f9c791308c22e12546fe674186645f88ab9a14c85aa87b041d1,sha256,unknown-artifact,medium,30,active,2026-10-10,2026-10-10,1,,,,
076087a2ed423ac4ccc138f1c2c1f8b7655ef3395f1f46591369a207b3938989,sha256,unknown-artifact,medium,30,active,2026-09-15,2026-09-15,1,,,,
076c90e75962edf67380415152364299e40515bf8b40cf25147a516546f0acae,sha256,unknown-artifact,medium,30,active,2026-10-08,2026-10-08,1,,,,
0777b1bea0bc9eb14fd37f26aa7886a7fbaddd94fcf9e01d9c24df40e5c676f0,sha256,unknown-artifact,medium,30,active,2026-10-07,2026-10-07,1,,,,
079340162e5498291ab35f99001650532c751292b218bf4877182a668068e52f,sha256,unknown-artifact,medium,30,active,2026-10-03,2026-10-03,1,,,,
079564844a2b5bb62459444005520ba0f4cf07f827de172feafe5a27c92ffa36,sha256,unknown-artifact,medium,30,active,2026-09-22,2026-09-22,1,,,,
079e0be8dc59f90e7c4cac4bcb66185d140a658aeeaebd34c8f789ab4901093f,sha256,unknown-artifact,medium,30,active,2026-10-07,2026-10-07,1,,,,
079e1426553da2472b5bc7d8aa25375e31ec3caee31adad19a59bd2d1bc67d74,sha256,unknown-artifact,medium,30,active,2026-09-27,2026-09-27,1,,,,
07a6687a31d0e55cb6e72ea705b539fbe55f6abfc5dd134a1e77a80d2512b85c,sha256,unknown-artifact,medium,30,active,2026-10-03,2026-10-03,1,,,,
07a8d056adecdf9f3119c0e1197fd2b2b2942d9b05ff228f152a4b6d817601b7,sha256,unknown-artifact,medium,30,active,2026-09-23,2026-09-23,1,,,,
07ac30b595f4033aff8de27ea56aed95236d7aaef2ded9bffac077e4dbd74254,sha256,unknown-artifact,medium,30,active,2026-10-04,2026-10-04,1,,,,
07adbb922d6fe494726d3367e93c6b584684fa9ee6b9a2007f7784f1031bb0b0,sha256,unknown-artifact,medium,30,active,2026-09-15,2026-09-15,1,,,,
07b7d5b40314bdf7186dbb72817ad6aa56b6ceed5e37945a8ddbb9adeaea41ef,sha256,unknown-artifact,medium,30,active,2026-09-23,2026-09-23,1,,,,
07bceedc89d6b541b5a7db171e9313ec678e52f791e071b0ecf8ca9b9171adf9,sha256,unknown-artifact,medium,30,active,2026-10-09,2026-10-09,1,,,,
07ce98acd00ba51ff8ff76ff24ded8b3b507a5836e5fbb1287ab6a157f2417b6,sha256,unknown-artifact,medium,30,active,2026-10-07,2026-10-07,1,,,,
07f3e92dcbc3f862d2288ddafd6a9e22cd6820fcf478dac31695b0137939ebb3,sha256,unknown-artifact,medium,30,active,2026-09-14,2026-09-14,1,,,,
080b4c6d8e726a03703f834a5c999ad575f4bffd808ea669770b56da00175fbe,sha256,unknown-artifact,medium,30,active,2026-09-30,2026-09-30,1,,,,
08118a400b7186d6fe59bf3689bdda2991fc60889310c2d21bd7acfaeeb25227,sha256,unknown-artifact,medium,30,active,2026-10-07,2026-10-07,1,,,,
081fdb02aeef4d61ad58eca6c5a162746df115ce7c0d3ea88b0786663934b276,sha256,unknown-artifact,medium,30,active,2026-10-04,2026-10-04,1,,,,
082535af28a3fd12a84252c8058fe2c57f0f50a2b01e7e5265c2f6bebe8f1f08,sha256,unknown-artifact,medium,30,active,2026-10-07,2026-10-07,1,,,,
082db75e5d388c87fc6b85137180a0901f452fd12f7f54b89b0b5f3c9eecee3d,sha256,unknown-artifact,medium,30,active,2026-09-29,2026-09-29,1,,,,
08332987855c5714fdba67aa4127d83c96e6089a02a5009fbbbc3ffcca9213b2,sha256,unknown-artifact,medium,30,active,2026-09-29,2026-09-29,1,,,,
0844cce7e58fcc6d2aac3081cefd1c17c4e7ae394a78d5ffe3308ba8e2e754cc,sha256,unknown-artifact,medium,30,active,2026-10-04,2026-10-04,1,,,,
085da235a9d91d21146e2b11d2e6779aa4a24ae88674a3e04c45b28d40e699fa,sha256,unknown-artifact,medium,30,active,2026-09-26,2026-09-26,1,,,,
086f9c80d6207fc6fa1f04cd6a7e0e41bf45104bf893f1072cdfc1fdbdc44d2f,sha256,unknown-artifact,medium,30,active,2026-10-04,2026-10-04,1,,,,
08762b0642c6727dc1be7d93b4592521a1bb6e5a2f3806065f9802b1225ce880,sha256,unknown-artifact,medium,30,active,2026-09-27,2026-09-27,1,,,,
0897b24e0be37fc7524ee1c1a5c57a648bd5b1930a918ec013300683218a8f4a,sha256,unknown-artifact,medium,30,active,2026-09-30,2026-09-30,1,,,,
0899d86746dcfec8555dd879e327b27e4eae5a72315f08c13db759879e901048,sha256,unknown-artifact,medium,30,active,2026-10-04,2026-10-04,1,,,,
08a0923d497e6ba7821916840106fff70a2cd902eef1b8c1e1cc024522d95865,sha256,unknown-artifact,medium,30,active,2026-10-07,2026-10-07,1,,,,
08ad5a54d00788c9d0dfb8c4f2b771edd26ff13738154619e04e7dcc478b965c,sha256,unknown-artifact,medium,30,active,2026-10-03,2026-10-03,1,,,,
08bd9f20da2b8b17d4e243d9e8c1ffd3d6429ee9530e3aa250d8935bd82e2ed1,sha256,unknown-artifact,medium,30,active,2026-10-10,2026-10-10,1,,,,
08c97c9904e19f68587d2011e3464c0b73d2ef0e3deae41430fb2a216bacd89e,sha256,unknown-artifact,medium,30,active,2026-10-03,2026-10-03,1,,,,
08cf29f45fcf918167efeb40c180ce12c241c2540a7ffab4f2bff8b362a6a71f,sha256,unknown-artifact,medium,30,active,2026-09-23,2026-09-23,1,,,,
08d85bf396b36fb13ea719f1b80acac046dac96c54c821dbff62edf5ba1805cf,sha256,unknown-artifact,medium,30,active,2026-09-15,2026-09-15,1,,,,
08db715e22693b536094c66a4d4820519bb2b09936eb716d5d1c8c7fd1b6c446,sha256,unknown-artifact,medium,30,active,2026-09-27,2026-09-27,1,,,,
08e1646d3bea819946f6b5c0a222fa2b5d8bcb08fbde202e1ca27fe1ca912ba9,sha256,unknown-artifact,medium,30,active,2026-10-09,2026-10-09,1,,,,
08e1785ea0c50fc879fe87cf7523f804b7186e94bb450d6af782412015ca23c9,sha256,unknown-artifact,medium,30,active,2026-09-15,2026-09-15,1,,,,
08e6a72703ec5613b64d58146ae6402157ff8459164dd904c664e6abe46a13e1,sha256,unknown-artifact,medium,30,active,2026-09-15,2026-09-15,1,,,,
08f1e793bc53874c5b931110912ab54747c2b76e37c5a302cda8c2d36754321b,sha256,unknown-artifact,medium,30,active,2026-09-29,2026-09-29,1,,,,
0911e33cec56627b6251233aa724b81ee303b828fc86f701afbf2d84c9c17307,sha256,unknown-artifact,medium,30,active,2026-10-03,2026-10-03,1,,,,
09142f68d250ed0f675894e84e86ca71809034c413b467f43053770e90a86224,sha256,unknown-artifact,medium,30,active,2026-09-26,2026-09-26,1,,,,
091b123ea8b8ad2dc7d550c10afaad8210bcdd6f8e821948eb0f6b7368cb7236,sha256,unknown-artifact,medium,30,active,2026-10-03,2026-10-03,1,,,,
094b4b7e2e9216159b3a6cc8bd89421b6feb2e1b220960b2754aced21635874b,sha256,unknown-artifact,medium,30,active,2026-09-15,2026-09-15,1,,,,
0958f15b0b3f35eb8f1d8901358818c125507d70cbf23eb80432463b16edcbe4,sha256,unknown-artifact,medium,30,active,2026-09-27,2026-09-27,1,,,,
0966b544c74f683619e90e4f154f90aa1a5731d19d19787134cb4993eaab744c,sha256,unknown-artifact,medium,30,active,2026-09-23,2026-09-23,1,,,,
0970c5dce098d3455f5c9c7ecdb75c4d0ddea46d1740aa51a7020066961d42f4,sha256,unknown-artifact,medium,30,active,2026-10-04,2026-10-04,1,,,,
09731e0675dc2d159a1ed9f97b16c53cfdb5fb5c6b14aaa26c01d7080c96584c,sha256,unknown-artifact,medium,30,active,2026-09-16,2026-09-16,1,,,,
0980b29bdac6b74fb3a4875a3215373c4ea392bc4a60a7bf931ad888ba063741,sha256,unknown-artifact,medium,30,active,2026-09-30,2026-09-30,1,,,,
09862a2e6440c472c6013a4cf1750dc655b5bd7d087a70880395258e1fb0de05,sha256,unknown-artifact,medium,30,active,2026-09-27,2026-09-27,1,,,,
09963ca59d8cbaa6c1b023748cd2ec2f507e4c14ad97e1810e99f11547247f74,sha256,unknown-artifact,medium,30,active,2026-09-28,2026-09-28,1,,,,
09afffbebaf734d786fea696790ec397bc548b2401a068f9a9859380464df0a6,sha256,unknown-artifact,medium,30,active,2026-10-09,2026-10-09,1,,,,
09c190057fd6a70b4260b0d3cba030182ab7474fc4c0436b1fce5dca1f257319,sha256,unknown-artifact,medium,30,active,2026-09-15,2026-09-15,1,,,,
09c85f1e854e0685462f6439ecada78261f56013a4952f8f4afc76a2cdf307c7,sha256,unknown-artifact,medium,30,active,2026-09-15,2026-09-15,1,,,,
09ce6623e35cfe1917179c8abd2a84b3528f76e73d5aa64507bc010ab3e9ace6,sha256,unknown-artifact,medium,30,active,2026-10-04,2026-10-04,1,,,,
09d11782997a8d4377e22df48214cbb26fd048d501ca816f22b2859975709ecf,sha256,unknown-artifact,medium,30,active,2026-09-15,2026-09-15,1,,,,
09e9038366025cb610871aaf88617eeaf5fda69794759d1d1d9033b213e3dd96,sha256,unknown-artifact,medium,30,active,2026-09-16,2026-09-16,1,,,,
09ff6013953b86896598de041f82bd777ccb716f7228c2a413dd287cc2dbf4bb,sha256,unknown-artifact,medium,30,active,2026-09-30,2026-09-30,1,,,,
0a0adac9eede583216899320ce095f7ed73dea1be20c126b47350c63252ccf1f,sha256,unknown-artifact,medium,30,active,2026-10-09,2026-10-09,1,,,,
0a0f447900faa9a5bccc37b0ef56c6db19c6d2129b1c666d9a2548c0a97e5196,sha256,unknown-artifact,medium,30,active,2026-09-15,2026-09-15,1,,,,
0a107fcef70b41179d3c8020a1f839b617a50d14957f3aacaf5bc3ff9d2b2532,sha256,unknown-artifact,medium,30,active,2026-09-27,2026-09-27,1,,,,
0a2161ed184e2d17e908fb7d7d2f5061ad33ccbb147ac0972dd71d22bb19bd7a,sha256,unknown-artifact,medium,30,active,2026-09-27,2026-09-27,1,,,,
0a418bdcf4b4ab1947970c0dc6c9760fcd68a41af3fde7a6b66bc958c850522f,sha256,unknown-artifact,medium,30,active,2026-09-28,2026-09-28,1,,,,
0a42c34f9a5d6cc4215484f4cf673e80ffb97b051e8e7579ab80945f2dfc0823,sha256,unknown-artifact,medium,30,active,2026-09-15,2026-09-15,1,,,,
0a4fc1c18f1799af181121496b6d99db63c3183cc60e6cc32bc0b32726878f2e,sha256,unknown-artifact,medium,30,active,2026-09-15,2026-09-15,1,,,,
0a5b6bdd2fe273632ae8e929c191635652083a6d83475f8860e26cfcb67773b0,sha256,unknown-artifact,medium,30,active,2026-10-09,2026-10-09,1,,,,
0a729f26021b8e11382a205210af8e01e5b4537a672ec02ea7c87d800122c4d2,sha256,unknown-artifact,medium,30,active,2026-09-30,2026-09-30,1,,,,
0a7c9dec9e66bbf34a256ba008dff6269f2d1935e9229b1937c045319d47552f,sha256,unknown-artifact,medium,30,active,2026-09-28,2026-09-28,1,,,,
0a7df033ae915190d6de0d09e16e4ee16e481b1d686b6b1da3052240a5b20eb6,sha256,unknown-artifact,medium,30,active,2026-09-27,2026-09-27,1,,,,
0a943671875907f6d10adb34cfb8544dd3476cb9860172eb7e460ba9427b8638,sha256,unknown-artifact,medium,30,active,2026-10-09,2026-10-09,1,,,,
0a97d8685ba48d1a332c4404177073d19710cbbad5cf8b62a742cf406beda736,sha256,unknown-artifact,medium,30,active,2026-10-09,2026-10-09,1,,,,
0a9839c8e79906615b9b813ed95719f0156397b891d61ebfbaf2e945720dc80b,sha256,unknown-artifact,medium,30,active,2026-09-15,2026-09-15,1,,,,
0a9f880d48028c0a34f1beda27fb3ba9e0d04cd1292c2d6005f32d357e039e2a,sha256,unknown-artifact,medium,30,active,2026-09-30,2026-09-30,1,,,,
0ac29a59b98b40638d8bccafafac0b6c8b597c2a34ba7e4f7936888869d6d21e,sha256,unknown-artifact,medium,30,active,2026-09-27,2026-09-27,1,,,,
0ac892a0900df84d8a2270d3db404b0a346de473d6656023a7b6ab12edc6963b,sha256,unknown-artifact,medium,30,active,2026-10-09,2026-10-09,1,,,,
0adce63a933f666e65f42091d149d6c26ce0088cc3ace5d7493a70d28509d0d2,sha256,unknown-artifact,medium,30,active,2026-09-23,2026-09-23,1,,,,
0affdd4c5096e7df2aef0bea7e3e92c4a00370275a4dc6439cf17a9d7e568205,sha256,unknown-artifact,medium,30,active,2026-10-03,2026-10-03,1,,,,
0b124920a0b2c1cc9cbd60e386095eb55c8969b5d8e3d3283f19a47a4430a276,sha256,unknown-artifact,medium,30,active,2026-10-04,2026-10-04,1,,,,
0b148e358823879d98f27db77bf609e216329fdb78ccdd78b8c3678fa3afecab,sha256,unknown-artifact,medium,30,active,2026-10-04,2026-10-04,1,,,,
0b23eb5a6bf29cb806d1b04d9d65881aa231e36326cab39936282f4ddbe048d2,sha256,unknown-artifact,medium,30,active,2026-09-15,2026-09-15,1,,,,
0b328cfded06d85777a1790b96c650a1baf8b56ea3e5a4775a5d6f0a470a32f7,sha256,unknown-artifact,medium,30,active,2026-09-27,2026-09-27,1,,,,
0b3e32172340d5b651ec99dc417c14716fe6636955ee9532cdac420df703159a,sha256,unknown-artifact,medium,30,active,2026-09-30,2026-09-30,1,,,,
0b3f60f428083622f71c8a5f79234dc2d44997c226f196673a53d08ee44bf452,sha256,unknown-artifact,medium,30,active,2026-10-03,2026-10-03,1,,,,
0b5baccb212b5c818278a9c7e48fbfd66fd9506c83478dda5c8babfbc2ad0a84,sha256,unknown-artifact,medium,30,active,2026-09-29,2026-09-29,1,,,,
0b624fa93d1d5e22263f6757f93d143f29df577ed9a7e1b2d67e403041358bb5,sha256,unknown-artifact,medium,30,active,2026-10-09,2026-10-09,1,,,,
0b6a12e60acd9390be64f4e2332bfea21f6ad89eaaa7d5c7411ff7d493a1b18f,sha256,unknown-artifact,medium,30,active,2026-10-03,2026-10-03,1,,,,
0b771d8ad8d3dc242194fbd6437521c7dffe0926b14c08aa4707409e12d79750,sha256,unknown-artifact,medium,30,active,2026-09-26,2026-09-26,1,,,,
0b86710255453d0020bb01e41b47482a77b5f35c623c5476da3d59caa6b6a388,sha256,unknown-artifact,medium,30,active,2026-09-15,2026-09-15,1,,,,
0b8d40da421073b2069921d57a480a0763749e12971920f8584367eee2df6c06,sha256,unknown-artifact,medium,30,active,2026-09-15,2026-09-15,1,,,,
0b9e3c7c042ab052997bd4315a66eb92e9c0dcd2e0330137f9a01f1d5c54e897,sha256,unknown-artifact,medium,30,active,2026-10-03,2026-10-03,1,,,,
0ba334c577b1059536ef01a18d4f5e914a4f511b620eae9c34eea3bb098c7bb0,sha256,unknown-artifact,medium,30,active,2026-09-16,2026-09-16,1,,,,
0ba9dba8508f0b22b2139563a9c9c67298b0f543649b02ffed28c30841cffd8f,sha256,unknown-artifact,medium,30,active,2026-09-15,2026-09-15,1,,,,
0bb05e1f4e8a14a42739c06c81dfa6b51d8e85e49aca6dbcd69003c762a4d5e5,sha256,unknown-artifact,medium,30,active,2026-09-15,2026-09-15,1,,,,
0bb1fca5d22840b24895d102cd15710f8867ba4f4fc22476699a8f8a69f06dc3,sha256,unknown-artifact,medium,30,active,2026-09-26,2026-09-26,1,,,,
0bba302e442cffc630cdd17d2ba63e645589c3f79159f90528327db7d0cf89a2,sha256,unknown-artifact,medium,30,active,2026-10-06,2026-10-06,1,,,,
0be607f9768c54f2ef7a5591edd7229018e5cead0d76db7bed510d7a5b2d3372,sha256,unknown-artifact,medium,30,active,2026-09-27,2026-09-27,1,,,,
0be93ca87a35fca990505f8fa8ebf887f8afe92b16db846b5ea74446350b4c68,sha256,unknown-artifact,medium,30,active,2026-09-15,2026-09-15,1,,,,
0c13f6226db65e8f1930ce4abc7d987cf4f4629a0834db0277f3dbdf0306821e,sha256,unknown-artifact,medium,30,active,2026-09-16,2026-09-16,1,,,,
0c315ee4db08cecc0fc5a7ca540f0bcde3c770a2b53e73eba41679ecb88b6a6c,sha256,unknown-artifact,medium,30,active,2026-09-27,2026-09-27,1,,,,
0c3fc26c682fe49ee13387ca12af834136709d9a7e34f7966b7fb69cafd8f7dd,sha256,unknown-artifact,medium,30,active,2026-09-22,2026-09-22,1,,,,
0c405a1c5c2362469f507eeb16935dc1e17128726c6199882ac42dfaf98a78fd,sha256,unknown-artifact,medium,30,active,2026-09-15,2026-09-15,1,,,,
0c42e0e00ab3450be18a4df459f58ac3bab18723f0e1c2762359b16a46fc5fc6,sha256,unknown-artifact,medium,30,active,2026-10-07,2026-10-07,1,,,,
0c6242e8f6cfacc2689fcf77be7ce4a7bcbad87b1a9a66afd98ddc7341bf18af,sha256,unknown-artifact,medium,30,active,2026-10-04,2026-10-04,1,,,,
0c712aa8df10133a84babe43c0f4ff3a1279768f2d8662a8f5155c2a1824a150,sha256,unknown-artifact,medium,30,active,2026-09-28,2026-09-28,1,,,,
0c78b2ad706e93e774d79e4754f0c457ba71ab2bbb90086e1492ebce36775240,sha256,unknown-artifact,medium,30,active,2026-09-15,2026-09-15,1,,,,
0c94af08212c8f30d62a6d1a0a03d872d9bfe07fb80b935ef155063c35cbb003,sha256,unknown-artifact,medium,30,active,2026-09-26,2026-09-26,1,,,,
0c98ae374b72eaf38c61ec07f3b731b50d0b595689a44d1b6750659b47b74421,sha256,unknown-artifact,medium,30,active,2026-10-04,2026-10-04,1,,,,
0ca121732e912ec4707b7392839dbc6fd6270e9d99e1f809ab8efab00a98dd12,sha256,unknown-artifact,medium,30,active,2026-10-09,2026-10-09,1,,,,
0ca16061237871f51f721133a2056f02b0cd9dbc26fc6069fbcae55501490226,sha256,unknown-artifact,medium,30,active,2026-10-09,2026-10-09,1,,,,
0caed5f0787145f511d1c44120f473534842112aca1a992b859fe385aa9f62bc,sha256,unknown-artifact,medium,30,active,2026-09-30,2026-09-30,1,,,,
0cb2fb8c6b892a3e5dac90f1593712bcd9a2a8f2cfe774eb3fe5805f53d52e3a,sha256,unknown-artifact,medium,30,active,2026-10-09,2026-10-09,1,,,,
0cc3362ec9951505ae6323768daae718565edca5f563a079b295819640e0636d,sha256,unknown-artifact,medium,30,active,2026-10-03,2026-10-03,1,,,,
0cc39cdb8212bed75f86a234e9e21a43480f167b2a116a8462708235da4b7cef,sha256,unknown-artifact,medium,30,active,2026-09-15,2026-09-15,1,,,,
0cc64b9f8912cacdaf432d0ff644c4eb128afc04ad60ec129977eb53908ee8ab,sha256,unknown-artifact,medium,30,active,2026-09-15,2026-09-15,1,,,,
0cd61541c8fb17189ca27b8489bb41d178191ed22b0e35a6c724e8c0a3f67a9d,sha256,unknown-artifact,medium,30,active,2026-09-15,2026-09-15,1,,,,
0cdf4f51558ffbdface5e8806f0e16bdbb3f93cb0783a43151b47e440b00de64,sha256,unknown-artifact,medium,30,active,2026-10-03,2026-10-03,1,,,,
0ce63afc1e92ee82744300a778e523b9f42a53fe99201bd39fb8e2de82965297,sha256,unknown-artifact,medium,30,active,2026-09-30,2026-09-30,1,,,,
0cf0b1a0d77b4c75e93f56e5a7f9a6bff4d3cf3d3f5c55503c71c17300f9f062,sha256,unknown-artifact,medium,30,active,2026-09-15,2026-09-15,1,,,,
0d03fa33f535ac7545fb1e9c15849d91d4e641bb47ba6f619409c9e5d3f4ec20,sha256,unknown-artifact,medium,30,active,2026-09-15,2026-09-15,1,,,,
0d052c617c945f8c97497996c51d54c780a44cd0c01bcda898c5470c0040aeaf,sha256,unknown-artifact,medium,30,active,2026-10-04,2026-10-04,1,,,,
0d159934a41938471b63d0ab4fce7228e7bfc56c685cc3c73eb9cf81ee6b834e,sha256,unknown-artifact,medium,30,active,2026-10-09,2026-10-09,1,,,,
0d1695402f225bf80553c4d2c844d472118a2452b1bd7cf7ef12895d5209274f,sha256,unknown-artifact,medium,30,active,2026-09-15,2026-09-15,1,,,,
0d2ff938a18831e8b3e2c358b70ea4f0824f3de3118ded1ea0d291f92f14faed,sha256,unknown-artifact,medium,30,active,2026-10-09,2026-10-09,1,,,,
0d494b3eb937559d9e6874272bd500bc646b792b1746524e3601954e2a5a8a8c,sha256,unknown-artifact,medium,30,active,2026-10-04,2026-10-04,1,,,,
0d4d2a443a4737bd33540364741cd4f795a483f2529f0df539ef8d66a96a50c9,sha256,unknown-artifact,medium,30,active,2026-09-25,2026-09-25,1,,,,
0d8bd49880defb76a2919abb0d39559b6f9ad9c6ca71be8f8285ce4464078812,sha256,unknown-artifact,medium,30,active,2026-09-29,2026-09-29,1,,,,
0d9a76b809d9b903ca7caf03d20f869f88983e0757f8ed8d8e27bcc74e951008,sha256,unknown-artifact,medium,30,active,2026-09-29,2026-09-29,1,,,,
0da480f141f86d9b21e796719172c9c941def6881b96b72604650758447abaf2,sha256,unknown-artifact,medium,30,active,2026-09-16,2026-09-16,1,,,,
0dbe2bc80bec5723125c17a7fca6074fee2f006977de234bf6ca7c488b3f5e34,sha256,unknown-artifact,medium,30,active,2026-09-30,2026-09-30,1,,,,
0dcaa690bc605a6ffb42397595943097edf640f93a602f6df1d5e4dce97fe32e,sha256,unknown-artifact,medium,30,active,2026-09-30,2026-09-30,1,,,,
0dcd9feda971cf6b18fe86b4b3dc23c4d98c90180e9bd0fe22a045fb4dfa2a37,sha256,unknown-artifact,medium,30,active,2026-10-07,2026-10-07,1,,,,
0dd1d8d0830a2803a32bc224caaf17c75a6120b613919e68dd513497e1fbfd9f,sha256,unknown-artifact,medium,30,active,2026-09-30,2026-09-30,1,,,,
0dd1f2b4f89d971cbb292b06560a3cc03e09f01b9536e394b36c7c7aa596ed07,sha256,unknown-artifact,medium,30,active,2026-09-26,2026-09-26,1,,,,
0dd2bf1ccd4a8e164290b90e548ea3b0a1c1150cb9effd22c8033b25a4e8c7bf,sha256,unknown-artifact,medium,30,active,2026-09-30,2026-09-30,1,,,,
0ded2c979312758ae9f806c4a086da2fb36d4069cfe7b93d367e04c410dd5f08,sha256,unknown-artifact,medium,30,active,2026-09-22,2026-09-22,1,,,,
0e033c436024845a11fa37cc450c08d9945bedbf77ad8393b784e3fc62f32b0a,sha256,unknown-artifact,medium,30,active,2026-10-09,2026-10-09,1,,,,
0e045fbf321ad4673174ff9b3b57683cf51d029dd86764ddebc3cc6d0f240381,sha256,unknown-artifact,medium,30,active,2026-10-03,2026-10-03,1,,,,
0e049da26cc4d6a0382ad3bc1d58020d33df7db6a6cd3e1f4d639a9638d9700d,sha256,unknown-artifact,medium,30,active,2026-09-15,2026-09-15,1,,,,
0e165aa68882d1a9b9dcbb1a869734d3d7a10bccd86267960829a3bd8b6d2367,sha256,unknown-artifact,medium,30,active,2026-10-09,2026-10-09,1,,,,
0e32dc8c27dcfa435b62e18dac68c7c83936a6561e51881832a7bc9f0bb1a6fc,sha256,unknown-artifact,medium,30,active,2026-10-03,2026-10-03,1,,,,
0e40a60dde52029ce62a470466989be03e9599abf4b828cfa6f7b4276f22469f,sha256,unknown-artifact,medium,30,active,2026-10-08,2026-10-08,1,,,,
0e41e4241fc3c4b1a3f220a746edc95aadb8f594d974c85b09a519657c660419,sha256,unknown-artifact,medium,30,active,2026-10-07,2026-10-07,1,,,,
0e4860637184b3845a3010cb0acd29d14001d7d37ac6cf88e81f2cc757fd176a,sha256,unknown-artifact,medium,30,active,2026-09-15,2026-09-15,1,,,,
0e49decc490cf91d99b0162a665c4eeac490e8aac73b30bf304db240d03dea2c,sha256,unknown-artifact,medium,30,active,2026-09-15,2026-09-15,1,,,,
0e61caafa0dd5dab3c3cd1b4cb807a253f4c6e914f06475b73c1415319955a82,sha256,unknown-artifact,medium,30,active,2026-09-15,2026-09-15,1,,,,
0e72d10e4c766d8c342e49c5f62797cb01243a7ad1fbf018e267ef4cb369a023,sha256,unknown-artifact,medium,30,active,2026-10-09,2026-10-09,1,,,,
0e734085b03738de41b185eaf5c1535ef0c576677c1b52e8cba443e8bf097304,sha256,unknown-artifact,medium,30,active,2026-09-30,2026-09-30,1,,,,
0e8792e203d6a42adacfcce0d5ba7e6f9a103269062e63549928d5684a11bdf3,sha256,unknown-artifact,medium,30,active,2026-09-22,2026-09-22,1,,,,
0e89dcbc88401aab3ec5ede841be3feba2ebf0d27b415220443a4213fdb43400,sha256,unknown-artifact,medium,30,active,2026-09-15,2026-09-15,1,,,,
0e9aaab46d1ed2e1b3db1f751f92f540be5787f605781e2af0e3e7ea939b6526,sha256,unknown-artifact,medium,30,active,2026-09-25,2026-09-25,1,,,,
0ecf14401c1bf8b21e3b7546b6066693dabddc94a263b9118956436617526e71,sha256,unknown-artifact,medium,30,active,2026-10-04,2026-10-04,1,,,,
0ee5962da39f7046f10720d029aaf7cb6e304dd4dd0a5163bd7694d2b1a39de6,sha256,unknown-artifact,medium,30,active,2026-10-04,2026-10-04,1,,,,
0ef0dd564c664952908b6489c581aa8fa506dcec467170679068adffa85b1a1c,sha256,unknown-artifact,medium,30,active,2026-09-27,2026-09-27,1,,,,
0f1edeaee725b9939f30fa89c7dcfc7dd7426bd0bdd7ae58fcdc89447ed1f0e8,sha256,unknown-artifact,medium,30,active,2026-10-03,2026-10-03,1,,,,
0f2bce88702b6e43b89ad1f3b897f75bae16b9bd050095750bb4a3c81c6cadc0,sha256,unknown-artifact,medium,30,active,2026-09-15,2026-09-15,1,,,,
0f48adfe936237572452e87843661dac5f9c6f2f16a06f345754f3b0665b957f,sha256,unknown-artifact,medium,30,active,2026-09-23,2026-09-23,1,,,,
0f4e1d970ff0ed32a1262acf5547fe8f8a682d09fa531393f86677caa9ebaaf5,sha256,unknown-artifact,medium,30,active,2026-09-27,2026-09-27,1,,,,
0f67f01cb58c949742f64c1ce04dd5e127a2e48303b0a252422ad40645d3452f,sha256,unknown-artifact,medium,30,active,2026-09-25,2026-09-25,1,,,,
0f71d0b478fcadfeceee433a43fbf41ae83a272b765381f596ba1610239c88a2,sha256,unknown-artifact,medium,30,active,2026-09-15,2026-09-15,1,,,,
0f768beee1dee68132b8e5c851fda129ab72342d338e18ac5ca15c3c5505dea7,sha256,unknown-artifact,medium,30,active,2026-09-15,2026-09-15,1,,,,
0f89482542877a9b69064188bb59e5607e443e2d8503d4080ce9df01e38f1054,sha256,unknown-artifact,medium,30,active,2026-10-09,2026-10-09,1,,,,
0f8e9ef09c9f04468122e6da73bebe69c37f3355a6d7445167145087999281bc,sha256,unknown-artifact,medium,30,active,2026-09-15,2026-09-15,1,,,,
0f933caa5fde2f031f2ebb7287000f3fbb43781868173300fc7f728ccb8f48f5,sha256,unknown-artifact,medium,30,active,2026-09-15,2026-09-15,1,,,,
0f978aeb50b4e21ce7d737b6d87cd14a4c7fafc4a7f5d25aa513eff53dba3118,sha256,unknown-artifact,medium,30,active,2026-09-27,2026-09-27,1,,,,
0fadd65b9c535c4f3a35dabbd59292ffc75561de45b51e9502b2f0e8003fd8fd,sha256,unknown-artifact,medium,30,active,2026-10-09,2026-10-09,1,,,,
0fb1e89a62c86cc4d5ea31a76a2c0e1eed810418a483a4e39d2b9d15d67b8668,sha256,unknown-artifact,medium,30,active,2026-09-15,2026-09-15,1,,,,
0fb2b5a8c6b81bddb266d669f4e64634a5df9da7f0fa048bb2c59ada8fe4aa13,sha256,unknown-artifact,medium,30,active,2026-09-30,2026-09-30,1,,,,
0fd0fc3379c535798636c33c0832b872fc19694a51344de704ab6ab861eddc8f,sha256,unknown-artifact,medium,30,active,2026-09-15,2026-09-15,1,,,,
0fd4c58b3e742b998bf0d05020ee15dabfa4438e66d9145c97a1ab50891e8b7e,sha256,unknown-artifact,medium,30,active,2026-10-07,2026-10-07,1,,,,
0fe3863b5a79c2663da96eb5ce9d64e76b1e8e74c160b29e244ca5bbfd730ab7,sha256,unknown-artifact,medium,30,active,2026-09-15,2026-09-15,1,,,,
0fef275f60a8fdd9c781ac5aa976d06a9b9d1a60fe88a8d081519f443c51e298,sha256,unknown-artifact,medium,30,active,2026-09-24,2026-09-24,1,,,,
0ffa30f2701c1d8c179eae21bbef2ab97330698ad34c4ae40df0d20d1ecce81f,sha256,unknown-artifact,medium,30,active,2026-10-09,2026-10-09,1,,,,
1.83.125.104,ip,ssh-probe,low,20,expired,2026-09-26,2026-09-26,1,4134,"CHINANET-BACKBONE - No.31,Jin-rong Street, CN",CN,
100.54.213.131,ip,http-scan,low,30,active,2026-10-06,2026-10-06,1,14618,"AMAZON-AES - Amazon.com, Inc., US",US,
100.55.1.14,ip,http-scan,low,30,active,2026-10-09,2026-10-09,1,14618,"AMAZON-AES - Amazon.com, Inc., US",US,
100.55.80.54,ip,http-scan,low,30,stale,2026-10-01,2026-10-01,1,14618,"AMAZON-AES - Amazon.com, Inc., US",US,
100.58.113.108,ip,http-scan,low,30,expired,2026-09-26,2026-09-26,1,14618,"AMAZON-AES - Amazon.com, Inc., US",US,
100.58.116.226,ip,http-scan,low,30,expired,2026-09-15,2026-09-15,1,14618,"AMAZON-AES - Amazon.com, Inc., US",US,
100f1fa4df92642e96d8972ac279e5446c329282f67d996f333c4528c02ed4be,sha256,unknown-artifact,medium,30,active,2026-09-27,2026-09-27,1,,,,
101.200.236.207,ip,ssh-probe,low,20,expired,2026-09-11,2026-09-11,1,37963,"ALIBABA-CN-NET - Hangzhou Alibaba Advertising Co.,Ltd., CN",CN,
101.89.144.254,ip,ssh-probe,low,20,active,2026-10-08,2026-10-08,1,4811,"CHINANET-SHANGHAI-MAN - China Telecom (Group), CN",CN,
10159baf262b43a92d95db59dae1f72c645127301661e0a3ce4e38b295a97c58,sha256,unknown-artifact,medium,30,active,2026-10-07,2026-10-07,1,,,,
1017ae2241696f79276ebb62074e12f5234ef9bbefec295ba873e25b16f08793,sha256,unknown-artifact,medium,30,active,2026-09-22,2026-09-22,1,,,,
101dc522abe5aa727b6f25ad8dfc16665dfd3d248084cd44fb98e13d69041b4d,sha256,unknown-artifact,medium,30,active,2026-09-15,2026-09-15,1,,,,
102.0.23.6,ip,ssh-probe,low,20,expired,2026-09-27,2026-09-27,1,36926,"Airtel Networks Kenya Limited - Airtel Networks Kenya Limited, KE",KE,
102.207.191.60,ip,ssh-probe,low,20,expired,2026-09-12,2026-09-12,1,329497,"Avitech Solutions LTD - Avitech Solutions LTD, KE",KE,
102.210.17.214,ip,ssh-probe,low,20,expired,2026-09-26,2026-09-26,1,29571,"Orange C�te d_Ivoire - Orange C�te d_Ivoire, CI",CI,
102.219.58.184,ip,ssh-probe,low,20,expired,2026-09-11,2026-09-11,1,328935,"Pres Connect - Pres Connect, ZA",ZA,
102.31.171.183,ip,ssh-probe,low,20,stale,2026-10-07,2026-10-07,1,327934,"SOCIETE NATIONALE DES TELECOMMUNICATIONS (Tunisie Telecom) - SOCIETE NATIONALE DES TELECOMMUNICATIONS (Tunisie Telecom), TN",TN,
103.13.35.13,ip,ssh-probe,low,20,expired,2026-09-14,2026-09-14,1,135589,"IMNCL-AS-AP - Internet Maekhong Network Company Limited, MM",MM,
103.13.35.3,ip,ssh-probe,low,20,expired,2026-09-14,2026-09-14,1,135589,"IMNCL-AS-AP - Internet Maekhong Network Company Limited, MM",MM,
103.154.177.135,ip,http-scan,low,30,stale,2026-09-30,2026-09-30,1,140762,"VISITEC-AS-VN - Vinh Railway Signalling - Telecom Joint Stock Company, VN",VN,
103.167.171.253,ip,http-scan,low,30,stale,2026-10-02,2026-10-02,1,141983,"IDNIC-RAJEGNET-AS-ID - PT Rajeg Media Telekomunikasi, ID",ID,
103fd8d896a9186cfaaf9a2c2eb524314f56006a577234edf0d161fee965e508,sha256,unknown-artifact,medium,30,active,2026-09-25,2026-09-25,1,,,,
104.152.52.134,ip,ssh-probe,low,20,expired,2026-09-26,2026-09-26,1,14987,"RETHEMHOSTING - Rethem Hosting LLC, US",US,
104.152.52.139,ip,ssh-probe,low,20,expired,2026-09-26,2026-09-26,1,14987,"RETHEMHOSTING - Rethem Hosting LLC, US",US,
104.199.13.154,ip,http-scan,low,30,active,2026-10-04,2026-10-04,1,396982,"GOOGLE-CLOUD-PLATFORM - Google LLC, US",US,
104.199.26.126,ip,http-scan,low,30,expired,2026-09-24,2026-09-24,1,396982,"GOOGLE-CLOUD-PLATFORM - Google LLC, US",US,
104.199.72.69,ip,http-scan,low,30,stale,2026-09-28,2026-09-28,1,396982,"GOOGLE-CLOUD-PLATFORM - Google LLC, US",US,
104.207.40.71,ip,http-scan,low,30,stale,2026-10-01,2026-10-01,1,200373,"Drei-K-Tech-GmbH - 3xK Tech GmbH, DE",DE,
104.207.47.159,ip,http-scan,low,30,stale,2026-10-01,2026-10-01,1,200373,"Drei-K-Tech-GmbH - 3xK Tech GmbH, DE",DE,
104.248.163.59,ip,http-scan,low,30,active,2026-10-09,2026-10-09,1,14061,"DIGITALOCEAN-ASN - DigitalOcean, LLC, US",US,
104.248.229.49,ip,http-scan,low,30,active,2026-10-07,2026-10-07,1,14061,"DIGITALOCEAN-ASN - DigitalOcean, LLC, US",US,
104.250.184.5,ip,http-scan,low,30,active,2026-10-07,2026-10-07,1,202412,"OMEGATECH-AS - Omegatech LTD, SC",US,
104.28.225.190,ip,http-scan,low,30,stale,2026-09-30,2026-09-30,1,13335,"CLOUDFLARENET - Cloudflare, Inc., US",US,
104.28.244.18,ip,http-scan,low,30,stale,2026-09-30,2026-09-30,1,13335,"CLOUDFLARENET - Cloudflare, Inc., US",US,
104.28.246.50,ip,http-scan,low,30,stale,2026-09-30,2026-09-30,1,13335,"CLOUDFLARENET - Cloudflare, Inc., US",US,
105.156.241.210,ip,ssh-probe,low,20,expired,2026-09-11,2026-09-11,1,36903,"Office National des Postes et Telecommunications ONPT (Maroc Telecom) / IAM - Office National des Postes et Telecommunications ONPT (Maroc Telecom) / IAM, MA",MA,
1052695b0c69fb740e691c1ba60fd9f4ffb188af87621ce3429b03114e997e1a,sha256,unknown-artifact,medium,30,active,2026-09-29,2026-09-29,1,,,,
106.117.106.136,ip,ssh-probe,low,20,expired,2026-09-12,2026-09-12,1,4134,"CHINANET-BACKBONE - No.31,Jin-rong Street, CN",CN,
106.12.24.167,ip,ssh-probe,low,20,active,2026-10-10,2026-10-10,1,38365,"Baidu - Beijing Baidu Netcom Science and Technology Co., Ltd., CN",CN,
106.12.51.76,ip,ssh-probe,low,20,expired,2026-09-27,2026-09-27,1,38365,"Baidu - Beijing Baidu Netcom Science and Technology Co., Ltd., CN",CN,
106.221.184.235,ip,http-scan,low,30,expired,2026-09-23,2026-09-23,1,45609,"BHARTI-MOBILITY-AS-AP - Bharti Airtel Ltd. AS for GPRS Service, IN",IN,
106b32119792d252e44c5c0d14871877ed6510b409bad6bc56aad662278eaf50,sha256,unknown-artifact,medium,30,active,2026-09-26,2026-09-26,1,,,,
107.138.161.105,ip,ssh-probe,low,20,expired,2026-09-14,2026-09-14,1,7018,"ATT-INTERNET4 - AT&T Enterprises, LLC, US",US,
107.167.18.99,ip,http-scan,low,30,stale,2026-09-30,2026-09-30,1,46844,"SHARKTECH - Sharktech, US",US,
107.23.159.32,ip,ssh-probe,low,20,stale,2026-10-07,2026-10-07,1,14618,"AMAZON-AES - Amazon.com, Inc., US",US,
109.105.209.8,ip,http-scan,low,30,active,2026-10-04,2026-10-04,1,21859,"ZEN-ECN - Zenlayer Inc, US",PT,
109.105.209.9,ip,http-scan,low,30,active,2026-10-04,2026-10-04,1,21859,"ZEN-ECN - Zenlayer Inc, US",PT,
109.105.210.100,ip,http-scan,low,30,stale,2026-10-03,2026-10-03,1,21859,"ZEN-ECN - Zenlayer Inc, US",PT,
10afb5318d1468181277df2d7a4d115217a6cc5ab2079f477635d4f1516ece0c,sha256,unknown-artifact,medium,30,active,2026-10-04,2026-10-04,1,,,,
10d37450670ca641e979e44010dc307041b45e8dc4334ddde61a65c9d849232b,sha256,unknown-artifact,medium,30,active,2026-10-04,2026-10-04,1,,,,
10de285b075feeee42b45cc609df89c6d373185b69119d8dcfb9d4e3be778fe0,sha256,unknown-artifact,medium,30,active,2026-10-04,2026-10-04,1,,,,
10fb7bf840001a2904a4e4bfee9ddc27f7ebcfb3a16caf6279e295a0ec9e064d,sha256,unknown-artifact,medium,30,active,2026-09-29,2026-09-29,1,,,,
10fd75731d1f02cc96bf4e438fad97e0d7a8d2b33c08df9a9b1b41eb9788208e,sha256,unknown-artifact,medium,30,active,2026-09-25,2026-09-25,1,,,,
110.179.81.123,ip,http-scan,low,30,stale,2026-10-03,2026-10-03,1,4134,"CHINANET-BACKBONE - No.31,Jin-rong Street, CN",CN,
11018f1d2b8473990d850dbe7d3d2a70fa2cd7cede66f30ef75868e7c40fe75b,sha256,unknown-artifact,medium,30,active,2026-09-30,2026-09-30,1,,,,
110bf214be12d372e5cf33149772d4603ec9b3940a3658769a7b3ad1865345de,sha256,unknown-artifact,medium,30,active,2026-10-03,2026-10-03,1,,,,
111.229.194.151,ip,ssh-probe,low,20,stale,2026-10-07,2026-10-07,1,45090,"TENCENT-NET-AP - Shenzhen Tencent Computer Systems Company Limited, CN",CN,
111.47.243.219,ip,ssh-probe,low,20,stale,2026-10-07,2026-10-07,1,9808,"CHINAMOBILE-CN - China Mobile Communications Group Co., Ltd., CN",CN,
112.123.228.180,ip,ssh-probe,low,20,expired,2026-09-27,2026-09-27,1,4837,"CHINA169-Backbone - CHINA UNICOM China169 Backbone, CN",CN,
112a8deae6fafbb60d3004cfedb2f8c7e03fb0ff03d4db94531a9f4b5210091f,sha256,unknown-artifact,medium,30,active,2026-09-15,2026-09-15,1,,,,
113.141.171.139,ip,ssh-probe,low,20,stale,2026-10-07,2026-10-07,1,134768,"CHINANET-SHAANXI-CLOUD-BASE - CHINANET SHAANXI province Cloud Base network, CN",CN,
113.249.94.188,ip,http-scan,low,30,expired,2026-09-16,2026-09-16,1,134420,"CHINATELECOM-Chongqing-IDC - Chongqing Telecom, CN",CN,
113255e439a96d152e0b95caf86bfe0c3e388611998b3bf80c3e1b333ed42df3,sha256,unknown-artifact,medium,30,active,2026-10-10,2026-10-10,1,,,,
113ffec0cbcc43e3323e2ff17f0cbc6f4068052f97ef84b9899a4043607e4f8c,sha256,unknown-artifact,medium,30,active,2026-10-04,2026-10-04,1,,,,
114.80.32.225,ip,ssh-probe,low,20,active,2026-10-08,2026-10-08,1,4811,"CHINANET-SHANGHAI-MAN - China Telecom (Group), CN",CN,
114294d062e7ac379c0a43378b96632e001f4d272570f31cc97f1e9375fbfd48,sha256,unknown-artifact,medium,30,active,2026-09-15,2026-09-15,1,,,,
1147dcc9dad24814e9722c828788dd2771b0117f8181da11709629e14e01e13b,sha256,unknown-artifact,medium,30,active,2026-10-07,2026-10-07,1,,,,
115.159.115.172,ip,http-scan,low,30,active,2026-10-09,2026-10-09,1,45090,"TENCENT-NET-AP - Shenzhen Tencent Computer Systems Company Limited, CN",CN,
115450c7b73b10f722bc68d65928e9a17b2beb60a12c754ff0c9ac13f621e5c1,sha256,unknown-artifact,medium,30,active,2026-10-09,2026-10-09,1,,,,
115dbfb0c8452bf8bf53fc0530dfa6998930eb7e4d205c60cba3a71b0332a851,sha256,unknown-artifact,medium,30,active,2026-09-16,2026-09-16,1,,,,
116.172.201.236,ip,ssh-probe,low,20,expired,2026-09-26,2026-09-26,1,4837,"CHINA169-Backbone - CHINA UNICOM China169 Backbone, CN",CN,
116.172.248.49,ip,ssh-probe,low,20,expired,2026-09-26,2026-09-26,1,4837,"CHINA169-Backbone - CHINA UNICOM China169 Backbone, CN",CN,
116.62.13.199,ip,ssh-probe,low,20,expired,2026-09-26,2026-09-26,1,37963,"ALIBABA-CN-NET - Hangzhou Alibaba Advertising Co.,Ltd., CN",CN,
117.247.89.43,ip,ssh-probe,low,20,expired,2026-09-11,2026-09-11,1,9829,"BSNL-NIB - National Internet Backbone, IN",IN,
1172ad730c539bf616f2d25ff2762f9cc66412a0ef6a63cb3960e151da715fd0,sha256,unknown-artifact,medium,30,active,2026-09-26,2026-09-26,1,,,,
11738c2881943edd41bde527cca3e4f93a67ab180410c48638d367fc4ec37a05,sha256,unknown-artifact,medium,30,active,2026-09-15,2026-09-15,1,,,,
1174828d9ed34bd7a381f875e2d4d3c3b52470a13e94f2b204c12a06b1750dae,sha256,unknown-artifact,medium,30,active,2026-10-03,2026-10-03,1,,,,
117bd16b8d39923b1be00f4af04508590b1a8693c64052ba17a557080562965d,sha256,unknown-artifact,medium,30,active,2026-09-24,2026-09-24,1,,,,
118.196.68.35,ip,ssh-probe,low,20,expired,2026-09-27,2026-09-27,1,4811,"CHINANET-SHANGHAI-MAN - China Telecom (Group), CN",CN,
119.97.46.58,ip,http-scan,low,30,expired,2026-09-24,2026-09-24,1,137266,"CHINATELECOM-HUBEI-WUHAN-5G-NETWORK - CHINATELECOM Hubei province Wuhan 5G network, CN",CN,
11af9853753d6eb0fbe138fa4658c8296940f3ff567d8f2988ece35ca4407341,sha256,unknown-artifact,medium,30,active,2026-10-09,2026-10-09,1,,,,
11b18f204290e2504da29c177ed589b4802155026451777a8e637ef957091f88,sha256,unknown-artifact,medium,30,active,2026-10-04,2026-10-04,1,,,,
11cce2957d68abd81eea667fd7febdda7ee6ac30fba0a37bdc4b5cfd113731a3,sha256,unknown-artifact,medium,30,active,2026-09-27,2026-09-27,1,,,,
11f98c3ee54f73cdb38ed4ba2c2ea10014026a12167d9a8da7fe9228200b67f6,sha256,unknown-artifact,medium,30,active,2026-09-22,2026-09-22,1,,,,
1202f92426cb4fdb5c447a5d199e8bc678374a13306fdab981db7038aa5e5ed4,sha256,unknown-artifact,medium,30,active,2026-09-30,2026-09-30,1,,,,
121.224.240.57,ip,ssh-probe,low,20,stale,2026-10-07,2026-10-07,1,140292,"CHINATELECOM-JIANGSU-SUZHOU-5G-NETWORK - CHINATELECOM Jiangsu province Suzhou 5G network, CN",CN,
121.29.149.43,ip,ssh-probe,low,20,expired,2026-09-12,2026-09-12,1,4837,"CHINA169-Backbone - CHINA UNICOM China169 Backbone, CN",CN,
121.41.28.165,ip,ssh-probe,low,20,expired,2026-09-27,2026-09-27,1,37963,"ALIBABA-CN-NET - Hangzhou Alibaba Advertising Co.,Ltd., CN",CN,
121a8f541c3318fc9e32511a08c6248e91ee102dec6fea0fdd00ee5adbf84f8a,sha256,unknown-artifact,medium,30,active,2026-09-14,2026-09-14,1,,,,
122.51.174.48,ip,http-scan,low,30,active,2026-10-07,2026-10-07,1,45090,"TENCENT-NET-AP - Shenzhen Tencent Computer Systems Company Limited, CN",CN,
122.51.249.253,ip,ssh-probe,low,20,expired,2026-09-27,2026-09-27,1,45090,"TENCENT-NET-AP - Shenzhen Tencent Computer Systems Company Limited, CN",CN,
123.14.126.112,ip,ssh-probe,low,20,expired,2026-09-27,2026-09-27,1,4837,"CHINA169-Backbone - CHINA UNICOM China169 Backbone, CN",CN,
123.160.173.148,ip,ssh-probe,low,20,expired,2026-09-12,2026-09-12,1,4134,"CHINANET-BACKBONE - No.31,Jin-rong Street, CN",CN,
123.60.5.93,ip,ssh-probe,low,20,stale,2026-10-05,2026-10-05,1,55990,"HWCSNET - Huawei Cloud Service data center, CN",CN,
1230a78a7632164ea549e6e837a1f83f2b0f4087c752100e931dd6a8d4e22221,sha256,unknown-artifact,medium,30,active,2026-09-30,2026-09-30,1,,,,
124.156.157.91,ip,http-scan,low,30,stale,2026-09-28,2026-09-28,1,132203,"TENCENT-NET-AP-CN - Tencent Building, Kejizhongyi Avenue, CN",SG,
124.221.190.23,ip,http-scan,low,30,expired,2026-09-15,2026-09-15,1,45090,"TENCENT-NET-AP - Shenzhen Tencent Computer Systems Company Limited, CN",CN,
124.221.217.82,ip,http-scan,low,30,expired,2026-09-25,2026-09-25,1,45090,"TENCENT-NET-AP - Shenzhen Tencent Computer Systems Company Limited, CN",CN,
1242b6ee47e2e1d7c28886b36f6c435b10b3ff8c6e8c77e1e66ce5d6e50498ae,sha256,unknown-artifact,medium,30,active,2026-09-16,2026-09-16,1,,,,
124ae2a5c9c4130718cba8169cd5087cf892f74be350d63debeb88f1814cd695,sha256,unknown-artifact,medium,30,active,2026-10-09,2026-10-09,1,,,,
1266b53b527660cec1c4a7b13f0bc76d436d5309f02d9d7d3826d5f4c248618c,sha256,unknown-artifact,medium,30,active,2026-10-10,2026-10-10,1,,,,
1272b1becf14b00b624e2ba950de6d94bd480dacdba4735a8ffd60193f705828,sha256,unknown-artifact,medium,30,active,2026-10-09,2026-10-09,1,,,,
12770c857a8cc7bd54ef267b644c14fbedb2a72fb01cf9ed508e3dcbdff69aef,sha256,unknown-artifact,medium,30,active,2026-10-03,2026-10-03,1,,,,
128.199.8.140,ip,http-scan,low,30,active,2026-10-07,2026-10-07,1,14061,"DIGITALOCEAN-ASN - DigitalOcean, LLC, US",GB,
129.121.112.81,ip,http-scan,low,30,stale,2026-09-30,2026-09-30,1,31898,"ORACLE-BMC-31898 - Oracle Corporation, US",US,
129.226.193.111,ip,http-scan,low,30,stale,2026-09-28,2026-09-28,1,132203,"TENCENT-NET-AP-CN - Tencent Building, Kejizhongyi Avenue, CN",SG,
12b40e7ad04b41d2fe1ece30766ec019f019c9008eb722604a8494e70cf231a8,sha256,unknown-artifact,medium,30,active,2026-10-09,2026-10-09,1,,,,
12e6ff4feb1b552a431b41d3935d33f08f9d75ddb8a88f645f4cf231bc05e820,sha256,unknown-artifact,medium,30,active,2026-10-07,2026-10-07,1,,,,
12fea277de4ab0bfe8b6fafdd404a059339f84d385d4d9c52144a08b687d05cd,sha256,unknown-artifact,medium,30,active,2026-10-09,2026-10-09,1,,,,
12fff06da63bb1b2cc2982ab9c8b16e612fff486c669c238c73e9e17ad2c758c,sha256,unknown-artifact,medium,30,active,2026-09-15,2026-09-15,1,,,,
13.205.173.126,ip,http-scan,low,30,stale,2026-10-01,2026-10-01,1,16509,"AMAZON-02 - Amazon.com, Inc., US",US,
13.218.90.220,ip,http-scan,low,30,active,2026-10-04,2026-10-04,1,14618,"AMAZON-AES - Amazon.com, Inc., US",US,
13.220.113.14,ip,http-scan,low,30,stale,2026-09-28,2026-09-28,1,14618,"AMAZON-AES - Amazon.com, Inc., US",US,
13.220.253.111,ip,http-scan,low,30,active,2026-10-08,2026-10-08,1,14618,"AMAZON-AES - Amazon.com, Inc., US",US,
13.221.244.98,ip,http-scan,low,30,expired,2026-09-24,2026-09-24,1,14618,"AMAZON-AES - Amazon.com, Inc., US",US,
13.222.2.197,ip,ssh-probe,low,20,expired,2026-09-13,2026-09-13,1,14618,"AMAZON-AES - Amazon.com, Inc., US",US,
13.223.187.228,ip,http-scan,low,30,expired,2026-09-16,2026-09-16,1,14618,"AMAZON-AES - Amazon.com, Inc., US",US,
13.86.114.132,ip,http-scan,low,30,active,2026-10-09,2026-10-09,1,8075,"MICROSOFT-CORP-MSN-AS-BLOCK - Microsoft Corporation, US",US,
13.86.115.81,ip,http-scan,low,30,expired,2026-09-14,2026-09-14,1,8075,"MICROSOFT-CORP-MSN-AS-BLOCK - Microsoft Corporation, US",US,
13.89.123.202,ip,http-scan,low,30,active,2026-10-08,2026-10-08,1,8075,"MICROSOFT-CORP-MSN-AS-BLOCK - Microsoft Corporation, US",US,
13.89.125.148,ip,http-scan,low,30,expired,2026-09-26,2026-09-26,1,8075,"MICROSOFT-CORP-MSN-AS-BLOCK - Microsoft Corporation, US",US,
130.12.180.42,ip,http-scan,low,30,stale,2026-09-27,2026-09-27,1,202412,"OMEGATECH-AS - Omegatech LTD, SC",US,
130.211.106.214,ip,http-scan,low,30,stale,2026-10-03,2026-10-03,1,396982,"GOOGLE-CLOUD-PLATFORM - Google LLC, US",US,
130029444130c7b5b9f69ba495d3c5a181eabd832f4febfe6bd523e7448dc86b,sha256,unknown-artifact,medium,30,active,2026-09-23,2026-09-23,1,,,,
1301c0da0121e57e3cb5fd74bf243eb2cc3fffcd6e92624009d42bdfc4ee3848,sha256,unknown-artifact,medium,30,active,2026-09-15,2026-09-15,1,,,,
130f348705f3fe14d8daa6cb79eba87b6bc59a9a6e0b49b39cab0612605b98a9,sha256,unknown-artifact,medium,30,active,2026-09-27,2026-09-27,1,,,,
131.100.27.76,ip,http-scan,low,30,stale,2026-09-30,2026-09-30,1,53107,"AS53107 - EVEO S.A., BR",BR,
13252ac36c389d92058be9a1845d50d9c1ff5dab8c8f46b517894f5f083463c1,sha256,unknown-artifact,medium,30,active,2026-09-23,2026-09-23,1,,,,
1328a88587271a55b6ee7d552e88377a3bbaacf86bf78c37a684c614203d5ef2,sha256,unknown-artifact,medium,30,active,2026-09-27,2026-09-27,1,,,,
133a84fa344fd602ba835a1de2db33f1f4b3c75e3dbefb40aecce20753c1897b,sha256,unknown-artifact,medium,30,active,2026-10-06,2026-10-06,1,,,,
134.122.111.206,ip,http-scan,low,30,stale,2026-10-02,2026-10-02,1,14061,"DIGITALOCEAN-ASN - DigitalOcean, LLC, US",US,
134.17.166.51,ip,ssh-probe,low,20,expired,2026-09-27,2026-09-27,1,25106,"MTSBY-AS - Mobile TeleSystems JLLC, BY",BY,
134.2.251.3,ip,ssh-probe,low,20,expired,2026-09-11,2026-09-11,1,553,"BELWUE - Universitaet Stuttgart, DE",DE,
134.249.11.67,ip,ssh-probe,low,20,stale,2026-10-07,2026-10-07,1,15895,"KSNET-AS - _Kyivstar_ PJSC, UA",UA,
134.33.96.243,ip,http-scan,low,30,stale,2026-09-29,2026-09-29,1,8075,"MICROSOFT-CORP-MSN-AS-BLOCK - Microsoft Corporation, US",GB,
134e06251e9ac693f00e3f100ac69395e4684b7cf5fec6c8f069cc19019d2d54,sha256,unknown-artifact,medium,30,active,2026-10-09,2026-10-09,1,,,,
135.119.114.210,ip,http-scan,low,30,active,2026-10-09,2026-10-09,1,8075,"MICROSOFT-CORP-MSN-AS-BLOCK - Microsoft Corporation, US",GB,
135.119.17.132,ip,http-scan,low,30,expired,2026-09-24,2026-09-24,1,8075,"MICROSOFT-CORP-MSN-AS-BLOCK - Microsoft Corporation, US",GB,
135.222.210.116,ip,http-scan,low,30,stale,2026-09-28,2026-09-28,1,8075,"MICROSOFT-CORP-MSN-AS-BLOCK - Microsoft Corporation, US",GB,
137.184.226.250,ip,http-scan,low,30,active,2026-10-09,2026-10-09,1,14061,"DIGITALOCEAN-ASN - DigitalOcean, LLC, US",US,
138.197.206.208,ip,http-scan,low,30,stale,2026-09-29,2026-09-29,1,14061,"DIGITALOCEAN-ASN - DigitalOcean, LLC, US",US,
138.197.24.249,ip,http-scan,low,30,stale,2026-10-01,2026-10-01,1,14061,"DIGITALOCEAN-ASN - DigitalOcean, LLC, US",US,
138.197.80.195,ip,http-scan,low,30,active,2026-10-06,2026-10-06,1,14061,"DIGITALOCEAN-ASN - DigitalOcean, LLC, US",US,
138.68.15.6,ip,http-scan,low,30,stale,2026-10-02,2026-10-02,1,14061,"DIGITALOCEAN-ASN - DigitalOcean, LLC, US",US,
138.68.73.85,ip,http-scan,low,30,expired,2026-09-16,2026-09-16,1,14061,"DIGITALOCEAN-ASN - DigitalOcean, LLC, US",US,
13839356f26181633472549f204a5a42c7eb3b18605c26f2e5023e163c68f0a6,sha256,unknown-artifact,medium,30,active,2026-09-30,2026-09-30,1,,,,
139.100.17.128,ip,ssh-probe,low,20,active,2026-10-08,2026-10-08,1,211190,"QUICKNET - QUICKNET LLC, UA",UA,
139.100.17.137,ip,ssh-probe,low,20,active,2026-10-08,2026-10-08,1,211190,"QUICKNET - QUICKNET LLC, UA",UA,
139.135.192.214,ip,ssh-probe,low,20,expired,2026-09-10,2026-09-10,1,56207,"COMCLARK-PH - ComClark Network & Technology Corp, PH",PH,
139.162.69.42,ip,http-scan,low,30,expired,2026-09-14,2026-09-14,1,63949,"AKAMAI-LINODE-AP - Akamai Connected Cloud, SG",NL,
139.177.195.252,ip,http-scan,low,30,stale,2026-10-02,2026-10-02,1,63949,"AKAMAI-LINODE-AP - Akamai Connected Cloud, SG",US,
139.59.147.247,ip,ssh-probe,low,20,expired,2026-09-26,2026-09-26,1,14061,"DIGITALOCEAN-ASN - DigitalOcean, LLC, US",SG,
139.59.3.184,ip,http-scan,low,30,expired,2026-09-23,2026-09-23,1,14061,"DIGITALOCEAN-ASN - DigitalOcean, LLC, US",SG,
139.59.42.255,ip,http-scan,low,30,stale,2026-10-03,2026-10-03,1,14061,"DIGITALOCEAN-ASN - DigitalOcean, LLC, US",SG,
13a8dce57aab7f959dd4671c3c1ad983e565f986b0a2209f8fb92bde088d2811,sha256,unknown-artifact,medium,30,active,2026-09-15,2026-09-15,1,,,,
13ab396a41f5dd65c609cffe850df9077d4ae955b94b1ec4dbacfa20c7503f7e,sha256,unknown-artifact,medium,30,active,2026-09-27,2026-09-27,1,,,,
13c5aa492885f231557fe2bdfcb0da0a9df5cdc949ea04abafab4b17003cf6e8,sha256,unknown-artifact,medium,30,active,2026-09-25,2026-09-25,1,,,,
13c8bcfb5b849870859e6f88a6da167bd3d12efaf12d3be6ce04c8b1035a3a58,sha256,unknown-artifact,medium,30,active,2026-10-07,2026-10-07,1,,,,
13ce24583a75e27277d769a32667ccaa010810a7011db6537c0c51e0ae09b7c2,sha256,unknown-artifact,medium,30,active,2026-09-16,2026-09-16,1,,,,
13d9bc35904d00485ff96722bb77ba97856fdba43f086e0b4d9d2c676bd33ad3,sha256,unknown-artifact,medium,30,active,2026-09-27,2026-09-27,1,,,,
13ecc14ccc6fdd4316a11567eae07a1ba383b41d2e19acf1db59b5d9f7e3adb1,sha256,unknown-artifact,medium,30,active,2026-10-09,2026-10-09,1,,,,
13ef441669a0a9b8606d23dcc0f81a9b2aa3b1a3e197a0b3d09e9e4c88402b87,sha256,unknown-artifact,medium,30,active,2026-10-09,2026-10-09,1,,,,
14.103.118.197,ip,ssh-probe,low,20,active,2026-10-08,2026-10-08,1,4811,"CHINANET-SHANGHAI-MAN - China Telecom (Group), CN",CN,
14.22.82.73,ip,ssh-probe,low,20,stale,2026-10-07,2026-10-07,1,135089,"CHINANET-Guangzhou-Southbase-IDC - China Telecom, CN",CN,
14.29.214.161,ip,ssh-probe,low,20,active,2026-10-10,2026-10-10,1,4134,"CHINANET-BACKBONE - No.31,Jin-rong Street, CN",CN,
14.52.239.251,ip,http-scan,low,30,stale,2026-10-03,2026-10-03,1,4766,"KIXS-AS-KR-KR - Korea Telecom, KR",KR,
1402f10b50b1c985da933bbf8744c7580538839ffe2a102545b05ee275cd87e3,sha256,unknown-artifact,medium,30,active,2026-10-03,2026-10-03,1,,,,
140c7c5ee0f899ed67bf0cbd386e57f9e294ebf7e1677bf6c7856b940551014d,sha256,unknown-artifact,medium,30,active,2026-09-26,2026-09-26,1,,,,
140eb1de4a8153fed2dddd4e6ef5817d9c398d23a787a1be2140e0053f9dc0df,sha256,unknown-artifact,medium,30,active,2026-09-30,2026-09-30,1,,,,
1417a184434a4356bea65a19842772e8f27fd901c9ee49bbffce1be152172623,sha256,unknown-artifact,medium,30,active,2026-10-04,2026-10-04,1,,,,
142.127.68.223,ip,http-scan,low,30,stale,2026-10-02,2026-10-02,1,577,"BACOM - Bell Canada, CA",CA,
142.93.10.66,ip,http-scan,low,30,stale,2026-10-02,2026-10-02,1,14061,"DIGITALOCEAN-ASN - DigitalOcean, LLC, US",US,
142.93.47.194,ip,http-scan,low,30,active,2026-10-06,2026-10-06,1,14061,"DIGITALOCEAN-ASN - DigitalOcean, LLC, US",US,
1421a7826f10600d700a9566e828d7d28a0287abcd94ecd62f4fafe63c2d037b,sha256,unknown-artifact,medium,30,active,2026-09-15,2026-09-15,1,,,,
1423bd0ac0c3100ff819309170ef82d913ba1b42f2af5de3adc4d613c52360d8,sha256,unknown-artifact,medium,30,active,2026-09-16,2026-09-16,1,,,,
143.244.167.193,ip,http-scan,low,30,expired,2026-09-25,2026-09-25,1,14061,"DIGITALOCEAN-ASN - DigitalOcean, LLC, US",US,
143ec2415c670d71165e2891b756f39cf52dd9f0ae78eeb4b3a7519cd84833df,sha256,unknown-artifact,medium,30,active,2026-09-15,2026-09-15,1,,,,
144.172.99.12,ip,http-scan,low,30,expired,2026-09-15,2026-09-15,1,14956,"ROUTERHOSTING - RouterHosting LLC, US",US,
145891473d703416e6d80a9bd68a9a4adf715f59323b22d3ac1cb7a6d1aa15ff,sha256,unknown-artifact,medium,30,active,2026-10-03,2026-10-03,1,,,,
146.190.62.56,ip,http-scan,low,30,expired,2026-09-23,2026-09-23,1,14061,"DIGITALOCEAN-ASN - DigitalOcean, LLC, US",US,
146.70.166.178,ip,http-scan,low,30,stale,2026-10-02,2026-10-02,1,9009,"M247 - M247 Europe SRL, RO",RO,
146be09c672179372b5c1001599b0673ee679f661f809687dfbe1a15abbbe10e,sha256,unknown-artifact,medium,30,active,2026-10-09,2026-10-09,1,,,,
147.185.132.126,ip,http-scan,low,30,expired,2026-09-14,2026-09-14,1,396982,"GOOGLE-CLOUD-PLATFORM - Google LLC, US",US,
147.185.132.138,ip,ssh-probe,low,20,active,2026-10-08,2026-10-08,1,396982,"GOOGLE-CLOUD-PLATFORM - Google LLC, US",US,
147.185.132.141,ip,http-scan,low,30,stale,2026-09-27,2026-09-27,1,396982,"GOOGLE-CLOUD-PLATFORM - Google LLC, US",US,
147.185.132.168,ip,http-scan,low,30,stale,2026-09-27,2026-09-27,1,396982,"GOOGLE-CLOUD-PLATFORM - Google LLC, US",US,
147.185.132.18,ip,ssh-probe,low,20,stale,2026-10-07,2026-10-07,1,396982,"GOOGLE-CLOUD-PLATFORM - Google LLC, US",US,
147.185.132.198,ip,http-scan,low,30,stale,2026-10-02,2026-10-02,1,396982,"GOOGLE-CLOUD-PLATFORM - Google LLC, US",US,
147.185.132.216,ip,ssh-probe,low,20,expired,2026-09-11,2026-09-11,1,396982,"GOOGLE-CLOUD-PLATFORM - Google LLC, US",US,
147.185.132.22,ip,http-scan,low,30,expired,2026-09-23,2026-09-23,1,396982,"GOOGLE-CLOUD-PLATFORM - Google LLC, US",US,
147.185.132.252,ip,http-scan,low,30,expired,2026-09-24,2026-09-24,1,396982,"GOOGLE-CLOUD-PLATFORM - Google LLC, US",US,
147.185.132.27,ip,ssh-probe,low,20,expired,2026-09-11,2026-09-11,1,396982,"GOOGLE-CLOUD-PLATFORM - Google LLC, US",US,
147.185.132.28,ip,http-scan,low,30,stale,2026-09-28,2026-09-28,1,396982,"GOOGLE-CLOUD-PLATFORM - Google LLC, US",US,
147.185.132.39,ip,http-scan,low,30,stale,2026-10-01,2026-10-01,1,396982,"GOOGLE-CLOUD-PLATFORM - Google LLC, US",US,
147.185.132.45,ip,ssh-probe,low,20,expired,2026-09-26,2026-09-26,1,396982,"GOOGLE-CLOUD-PLATFORM - Google LLC, US",US,
147.185.132.46,ip,ssh-probe,low,20,stale,2026-10-07,2026-10-07,1,396982,"GOOGLE-CLOUD-PLATFORM - Google LLC, US",US,
147.185.132.49,ip,http-scan,low,30,expired,2026-09-26,2026-09-26,1,396982,"GOOGLE-CLOUD-PLATFORM - Google LLC, US",US,
147.185.132.70,ip,ssh-probe,low,20,expired,2026-09-12,2026-09-12,1,396982,"GOOGLE-CLOUD-PLATFORM - Google LLC, US",US,
147.185.132.78,ip,http-scan,low,30,stale,2026-09-27,2026-09-27,1,396982,"GOOGLE-CLOUD-PLATFORM - Google LLC, US",US,
147.185.132.88,ip,ssh-probe,low,20,expired,2026-09-14,2026-09-14,1,396982,"GOOGLE-CLOUD-PLATFORM - Google LLC, US",US,
147.185.132.90,ip,ssh-probe,low,20,expired,2026-09-14,2026-09-14,1,396982,"GOOGLE-CLOUD-PLATFORM - Google LLC, US",US,
147.185.132.97,ip,ssh-probe,low,20,expired,2026-09-10,2026-09-10,1,396982,"GOOGLE-CLOUD-PLATFORM - Google LLC, US",US,
148.135.55.33,ip,http-scan,low,30,stale,2026-09-30,2026-09-30,1,35916,"MULTA-ASN1 - MULTACOM CORPORATION, US",US,
148d4fce056c9620c9af1efb4ed132badc6788d064e90b315c778451e8eaf2a7,sha256,unknown-artifact,medium,30,active,2026-09-15,2026-09-15,1,,,,
148ee01900e18cea36791d38d21ca653ebd0f0c2cacf585e31e5f77eee056459,sha256,unknown-artifact,medium,30,active,2026-10-09,2026-10-09,1,,,,
149.28.52.241,ip,http-scan,low,30,expired,2026-09-25,2026-09-25,1,20473,"AS-VULTR - The Constant Company, LLC, US",US,
149.78.152.66,ip,ssh-probe,low,20,expired,2026-09-13,2026-09-13,1,274181,"AS274181 - FIBERAR SRL, AR",US,
14a31d32d854aa6db3de1bcc2ab2fcbd5d4724af1bca2f3a11888787c0aa27b3,sha256,unknown-artifact,medium,30,active,2026-09-22,2026-09-22,1,,,,
14cd39451772f9998c7c23d7967a9410548a084af96ff2d65677a4ac5cd78340,sha256,unknown-artifact,medium,30,active,2026-09-29,2026-09-29,1,,,,
14d3976c542f20c306bab4b96a5680aa81ee4cbaee40dfd51800d35b9321acf9,sha256,unknown-artifact,medium,30,active,2026-09-15,2026-09-15,1,,,,
14d54eb890ceed0c8ec58800fae875f301b96760fc68b2ecbfb4a1bd527e2493,sha256,unknown-artifact,medium,30,active,2026-09-16,2026-09-16,1,,,,
14d684b33327352e8f1373fd6d4f2f1209c737f6f1ffb12aa8eef7d4640a5711,sha256,unknown-artifact,medium,30,active,2026-09-15,2026-09-15,1,,,,
14e06cfcee1a8198636962b90b389b836650e624c299aa15b15f85a483ebdb0b,sha256,unknown-artifact,medium,30,active,2026-10-03,2026-10-03,1,,,,
14e628db9c7b33d331cda8042b3ea40f67746a43ca8459c584e82e47acabef40,sha256,unknown-artifact,medium,30,active,2026-10-03,2026-10-03,1,,,,
14e6cf7e7eb7e14d6d890142d1f888daed667908db50568cd255cb08a2949d5a,sha256,unknown-artifact,medium,30,active,2026-10-09,2026-10-09,1,,,,
15.204.225.168,ip,http-scan,low,30,expired,2026-09-25,2026-09-25,1,16276,"OVH - OVH SAS, FR",US,
150.109.10.41,ip,http-scan,low,30,stale,2026-10-01,2026-10-01,1,132203,"TENCENT-NET-AP-CN - Tencent Building, Kejizhongyi Avenue, CN",SG,
150.139.201.247,ip,ssh-probe,low,20,active,2026-10-08,2026-10-08,1,58541,"CHINATELECOM-SHANDONG-QINGDAO-IDC - Qingdao,266000, CN",CN,
150.158.128.111,ip,ssh-probe,low,20,expired,2026-09-10,2026-09-10,1,45090,"TENCENT-NET-AP - Shenzhen Tencent Computer Systems Company Limited, CN",CN,
150.223.20.12,ip,ssh-probe,low,20,stale,2026-10-07,2026-10-07,1,58519,"CHINATELECOM-Ctcloud - Cloud Computing Corporation, CN",CN,
151.158.136.22,ip,ssh-probe,low,20,expired,2026-09-13,2026-09-13,1,151965,"HATG-AS-AP - Hepta Alliance Technology Group, MM",MM,
151.158.136.28,ip,ssh-probe,low,20,expired,2026-09-13,2026-09-13,1,151965,"HATG-AS-AP - Hepta Alliance Technology Group, MM",MM,
151.243.212.58,ip,ssh-probe,low,20,expired,2026-09-14,2026-09-14,1,57043,"HOSTKEY-AS - HOSTKEY B.V., NL",AE,
151.245.151.155,ip,ssh-probe,low,20,expired,2026-09-12,2026-09-12,1,393406,"DIGITALOCEAN-AS393406 - DigitalOcean, LLC, US",AE,
151.245.151.172,ip,ssh-probe,low,20,expired,2026-09-14,2026-09-14,1,393406,"DIGITALOCEAN-AS393406 - DigitalOcean, LLC, US",AE,
15186777f99a6441f1a101e4844d8a8823c705420834f1eeb4f49adf3afb187d,sha256,unknown-artifact,medium,30,active,2026-09-24,2026-09-24,1,,,,
152.228.173.150,ip,http-scan,low,30,expired,2026-09-26,2026-09-26,1,16276,"OVH - OVH SAS, FR",FR,
152.32.235.180,ip,http-scan,low,30,expired,2026-09-14,2026-09-14,1,135377,"UCLOUD-HK-AS-AP - UCLOUD INFORMATION TECHNOLOGY (HK) LIMITED, HK",HK,
1521009e5072c18f1e6f1fdf84ea67cfc39bac85c7e830ba695903d77015c5e0,sha256,unknown-artifact,medium,30,active,2026-10-08,2026-10-08,1,,,,
153.67.13.136,ip,ssh-probe,low,20,expired,2026-09-11,2026-09-11,1,14593,"SPACEX-STARLINK - Space Exploration Technologies Corporation, US",US,
154.125.186.16,ip,ssh-probe,low,20,expired,2026-09-14,2026-09-14,1,8346,"SONATEL - IDDQD-AS, SN",SN,
154.159.238.56,ip,ssh-probe,low,20,expired,2026-09-26,2026-09-26,1,36926,"Airtel Networks Kenya Limited - Airtel Networks Kenya Limited, KE",KE,
154.221.24.43,ip,ssh-probe,low,20,expired,2026-09-10,2026-09-10,1,142403,"YISUCLOUDLTD-HK - YISU CLOUD LTD, HK",SC,
154.37.218.130,ip,http-scan,low,30,stale,2026-09-30,2026-09-30,1,979,"NETLAB-SDN - NetLab Global, US",US,
154.7.227.103,ip,ssh-probe,low,20,expired,2026-09-12,2026-09-12,1,46261,"QUICKPACKET - QuickPacket, LLC, US",US,
15565ebe0cbb2bc41cfd7501386108c4b34e6b4944951d5bd93672533e18e3fb,sha256,unknown-artifact,medium,30,active,2026-10-03,2026-10-03,1,,,,
157.230.8.75,ip,http-scan,low,30,expired,2026-09-25,2026-09-25,1,14061,"DIGITALOCEAN-ASN - DigitalOcean, LLC, US",US,
1577b7010629f0bc615917f887368c14a0f7a2f26edb6cbca509ab739ef4227d,sha256,unknown-artifact,medium,30,active,2026-09-30,2026-09-30,1,,,,
158.220.105.179,ip,http-scan,low,30,expired,2026-09-22,2026-09-22,1,51167,"CONTABO - Contabo GmbH, DE",DE,
158.94.211.70,ip,http-scan,low,30,expired,2026-09-16,2026-09-16,1,202412,"OMEGATECH-AS - Omegatech LTD, SC",TR,
158ebea53a6a5c2e0495f08b8705a60ef3c456bdc310ebc6fd0953c000d51031,sha256,unknown-artifact,medium,30,active,2026-09-22,2026-09-22,1,,,,
159.65.113.160,ip,ssh-probe,low,20,active,2026-10-08,2026-10-08,1,14061,"DIGITALOCEAN-ASN - DigitalOcean, LLC, US",US,
159.65.125.191,ip,http-scan,low,30,active,2026-10-07,2026-10-07,1,14061,"DIGITALOCEAN-ASN - DigitalOcean, LLC, US",US,
159.65.219.252,ip,http-scan,low,30,expired,2026-09-15,2026-09-15,1,14061,"DIGITALOCEAN-ASN - DigitalOcean, LLC, US",US,
159.89.105.69,ip,http-scan,low,30,expired,2026-09-24,2026-09-24,1,14061,"DIGITALOCEAN-ASN - DigitalOcean, LLC, US",US,
159.89.195.223,ip,http-scan,low,30,stale,2026-09-30,2026-09-30,1,14061,"DIGITALOCEAN-ASN - DigitalOcean, LLC, US",US,
159.89.239.204,ip,http-scan,low,30,stale,2026-09-30,2026-09-30,1,14061,"DIGITALOCEAN-ASN - DigitalOcean, LLC, US",US,
159.89.87.80,ip,http-scan,low,30,stale,2026-09-30,2026-09-30,1,14061,"DIGITALOCEAN-ASN - DigitalOcean, LLC, US",US,
1593273423a72881200aee8cbd4b0f881a9c3e43fdf7234cb66fc32ded59f6fe,sha256,unknown-artifact,medium,30,active,2026-09-30,2026-09-30,1,,,,
159aa3e43d90dabe000f337d67524bceda1f0b0b432ffbd496c1bd52fd2d80a2,sha256,unknown-artifact,medium,30,active,2026-09-15,2026-09-15,1,,,,
15a3a66c8dc23e68063e3aa8d6d510f760d895030b54b079ee172c54ab2b3413,sha256,unknown-artifact,medium,30,active,2026-10-04,2026-10-04,1,,,,
15b0a205c0eef75d5ff20a783fae2a6b909ff7cad8c85fa64811a9c0680cf263,sha256,unknown-artifact,medium,30,active,2026-10-03,2026-10-03,1,,,,
15ba05e030b8d0ef332b66be2c3277ecd603b6d877066c790a89799e7915b4b3,sha256,unknown-artifact,medium,30,active,2026-09-27,2026-09-27,1,,,,
15be512b0601d9a294474bdb97c84369ed113b913d9e0e0b1528ccd5f34370cd,sha256,unknown-artifact,medium,30,active,2026-09-15,2026-09-15,1,,,,
15cf6ce6e7a3ab0a71848e9fa98e92a3a6f07f1de0f40e26e1496e4e44d597ca,sha256,unknown-artifact,medium,30,active,2026-10-08,2026-10-08,1,,,,
15d61cebf0701ea434b9afd49dd0cd2f23fd9f521e6faa777f1f4dd40badaa8a,sha256,unknown-artifact,medium,30,active,2026-10-03,2026-10-03,1,,,,
15f6711a356e144e4fbfa2a5959e109dec98c7e45b3fdb948300a73fdac91d4c,sha256,unknown-artifact,medium,30,active,2026-09-30,2026-09-30,1,,,,
15fbfbeafa72dfae15bfda0fc0db6053e81ae89486a53153ce886fabb78b46bb,sha256,unknown-artifact,medium,30,active,2026-09-25,2026-09-25,1,,,,
160.119.76.10,ip,ssh-probe,low,20,active,2026-10-10,2026-10-10,1,49870,"AS49870-BV - Alsycon B.V., NL",SC,
160.248.26.31,ip,http-scan,low,30,expired,2026-09-23,2026-09-23,1,2514,"InfoSphere - NTT PC Communications, Inc., JP",JP,
160.250.130.168,ip,http-scan,low,30,stale,2026-09-30,2026-09-30,1,135918,"DVS-AS-VN - VIET DIGITAL TECHNOLOGY LIABILITY COMPANY, VN",VN,
161.35.152.229,ip,http-scan,low,30,active,2026-10-09,2026-10-09,1,14061,"DIGITALOCEAN-ASN - DigitalOcean, LLC, US",US,
161.35.198.25,ip,http-scan,low,30,stale,2026-09-29,2026-09-29,1,14061,"DIGITALOCEAN-ASN - DigitalOcean, LLC, US",US,
161.35.221.174,ip,http-scan,low,30,expired,2026-09-25,2026-09-25,1,14061,"DIGITALOCEAN-ASN - DigitalOcean, LLC, US",US,
162.62.213.187,ip,http-scan,low,30,active,2026-10-06,2026-10-06,1,132203,"TENCENT-NET-AP-CN - Tencent Building, Kejizhongyi Avenue, CN",SG,
1620d8fd3d299f98243bb96aefc99d78dca796815c56f252b131ca914cf67cfd,sha256,unknown-artifact,medium,30,active,2026-10-03,2026-10-03,1,,,,
1628ac70bff41a5367dcee23255484a85ff0a7da0e2d03c41c42419c1fea25c4,sha256,unknown-artifact,medium,30,active,2026-09-23,2026-09-23,1,,,,
163747bc05a435b9d7616aa5fdaf1c9d18b5d8da4a5468a9a17039d11f2b1ccc,sha256,unknown-artifact,medium,30,active,2026-10-09,2026-10-09,1,,,,
164.92.158.179,ip,http-scan,low,30,active,2026-10-06,2026-10-06,1,14061,"DIGITALOCEAN-ASN - DigitalOcean, LLC, US",US,
164.92.160.36,ip,http-scan,low,30,stale,2026-09-30,2026-09-30,1,14061,"DIGITALOCEAN-ASN - DigitalOcean, LLC, US",US,
164.92.165.19,ip,http-scan,low,30,active,2026-10-06,2026-10-06,1,14061,"DIGITALOCEAN-ASN - DigitalOcean, LLC, US",US,
164.92.227.102,ip,ssh-probe,low,20,expired,2026-09-14,2026-09-14,1,14061,"DIGITALOCEAN-ASN - DigitalOcean, LLC, US",US,
164.92.236.84,ip,http-scan,low,30,stale,2026-10-01,2026-10-01,1,14061,"DIGITALOCEAN-ASN - DigitalOcean, LLC, US",US,
164.92.247.156,ip,http-scan,low,30,expired,2026-09-23,2026-09-23,1,14061,"DIGITALOCEAN-ASN - DigitalOcean, LLC, US",US,
165.154.163.10,ip,http-scan,low,30,stale,2026-09-27,2026-09-27,1,135377,"UCLOUD-HK-AS-AP - UCLOUD INFORMATION TECHNOLOGY (HK) LIMITED, HK",HK,
165.154.173.35,ip,http-scan,low,30,expired,2026-09-24,2026-09-24,1,135377,"UCLOUD-HK-AS-AP - UCLOUD INFORMATION TECHNOLOGY (HK) LIMITED, HK",HK,
165.22.177.91,ip,http-scan,low,30,expired,2026-09-15,2026-09-15,1,14061,"DIGITALOCEAN-ASN - DigitalOcean, LLC, US",US,
165.227.20.212,ip,http-scan,low,30,stale,2026-10-03,2026-10-03,1,14061,"DIGITALOCEAN-ASN - DigitalOcean, LLC, US",US,
165.245.220.93,ip,http-scan,low,30,expired,2026-09-23,2026-09-23,1,14061,"DIGITALOCEAN-ASN - DigitalOcean, LLC, US",US,
165.51.71.173,ip,ssh-probe,low,20,active,2026-10-08,2026-10-08,1,37492,"Orange Tunisie - Orange Tunisie, TN",TN,
165b8df5d7559831c8f1e2fe10c874ceb3ce80576574dddec4a750b081e79732,sha256,unknown-artifact,medium,30,active,2026-10-04,2026-10-04,1,,,,
166.48.206.112,ip,ssh-probe,low,20,expired,2026-09-27,2026-09-27,1,22423,"ALTIMA-TELECOM - Altima Telecom, CA",CA,
1660fbf1d77e568e6edd3858cde66e291beffdcb883ff3d6a9e4bd3413929bf1,sha256,unknown-artifact,medium,30,active,2026-10-06,2026-10-06,1,,,,
166e6063eca77856aa829d5feb1c20ac3d503d977712adc29b44d41f2ed2a3d1,sha256,unknown-artifact,medium,30,active,2026-09-30,2026-09-30,1,,,,
167.148.201.191,ip,http-scan,low,30,expired,2026-09-14,2026-09-14,1,135392,"MILLENIALHOSTLIMITED-AS-GB - MillenialHost Limited, HK",US,
167.172.99.144,ip,http-scan,low,30,expired,2026-09-14,2026-09-14,1,14061,"DIGITALOCEAN-ASN - DigitalOcean, LLC, US",US,
167.250.224.25,ip,http-scan,low,30,expired,2026-09-15,2026-09-15,1,265210,"AS265210 - OSCAR M DE CARVALHO - ME, BR",BR,
167.94.146.50,ip,ssh-probe,low,20,expired,2026-09-14,2026-09-14,1,398705,"CENSYS-ARIN-02 - Censys, Inc., US",US,
167.99.234.119,ip,http-scan,low,30,expired,2026-09-25,2026-09-25,1,14061,"DIGITALOCEAN-ASN - DigitalOcean, LLC, US",US,
167d25031321a8da793f7489080afbc2160c319ba0b04175327f5db8199d0c67,sha256,unknown-artifact,medium,30,active,2026-10-10,2026-10-10,1,,,,
1685b27fd5c72bac937e706e7a5b59f7ea7201ed90467f27a78727c9f196ff60,sha256,unknown-artifact,medium,30,active,2026-09-15,2026-09-15,1,,,,
169362eefe721cc33346495038a6a0666cd0a1e4c1eda77cbab4eb93e09add35,sha256,unknown-artifact,medium,30,active,2026-10-03,2026-10-03,1,,,,
16a6226f2dcf7346eab05ab795fecd544b06c8ff23042b54d15fa931e47d30c7,sha256,unknown-artifact,medium,30,active,2026-09-16,2026-09-16,1,,,,
16bce08732df1ef4721a8e3ff66c038d544d156bfbb6c8e63f56e473f33ddd5d,sha256,unknown-artifact,medium,30,active,2026-09-30,2026-09-30,1,,,,
16c23709ca95c3a0f53a7f69a3ca832166a4ed5ad6237edb921b8f58d8946e0b,sha256,unknown-artifact,medium,30,active,2026-10-07,2026-10-07,1,,,,
16d6aab22112ae0d85786da4497c375cddd433701627f328c7df461cb050185c,sha256,unknown-artifact,medium,30,active,2026-09-28,2026-09-28,1,,,,
16d78b5a1ae00e418ba20c432abe202e1ff40d9ace79e992e217ec9ee3709b3f,sha256,unknown-artifact,medium,30,active,2026-09-25,2026-09-25,1,,,,
16f458673330bfc6bdded6ef6614dde61af80647bfa8ddddfc2b9254189ebc20,sha256,unknown-artifact,medium,30,active,2026-09-26,2026-09-26,1,,,,
170.106.140.110,ip,http-scan,low,30,stale,2026-10-01,2026-10-01,1,132203,"TENCENT-NET-AP-CN - Tencent Building, Kejizhongyi Avenue, CN",SG,
170.106.15.3,ip,http-scan,low,30,active,2026-10-06,2026-10-06,1,132203,"TENCENT-NET-AP-CN - Tencent Building, Kejizhongyi Avenue, CN",SG,
170.106.163.84,ip,http-scan,low,30,stale,2026-09-28,2026-09-28,1,132203,"TENCENT-NET-AP-CN - Tencent Building, Kejizhongyi Avenue, CN",SG,
170.106.167.214,ip,http-scan,low,30,active,2026-10-08,2026-10-08,1,132203,"TENCENT-NET-AP-CN - Tencent Building, Kejizhongyi Avenue, CN",SG,
170.64.135.172,ip,http-scan,low,30,stale,2026-09-30,2026-09-30,1,14061,"DIGITALOCEAN-ASN - DigitalOcean, LLC, US",US,
1706d3607984d7a9072b66c5af08fe5ccf043f5b7c23211cc727b0e28737549e,sha256,unknown-artifact,medium,30,active,2026-10-10,2026-10-10,1,,,,
170913a5a4ec0171c326139dda33e31b24c605ea3ec736361bd5bf6721566c37,sha256,unknown-artifact,medium,30,active,2026-09-15,2026-09-15,1,,,,
17093b83f2ff890cf4bd78ae6389e5f7c99bf0bf3b83c7d7364b7b273b2d5002,sha256,unknown-artifact,medium,30,active,2026-09-27,2026-09-27,1,,,,
171.83.29.58,ip,http-scan,low,30,expired,2026-09-15,2026-09-15,1,137266,"CHINATELECOM-HUBEI-WUHAN-5G-NETWORK - CHINATELECOM Hubei province Wuhan 5G network, CN",CN,
171e8b6d862fb1eba889c9dcdde0f0c7c74d270b9a81be4fbd2828d757910b3c,sha256,unknown-artifact,medium,30,active,2026-10-03,2026-10-03,1,,,,
172.104.132.32,ip,http-scan,low,30,stale,2026-09-29,2026-09-29,1,63949,"AKAMAI-LINODE-AP - Akamai Connected Cloud, SG",US,
172.110.223.96,ip,http-scan,low,30,expired,2026-09-15,2026-09-15,1,47154,"HUSAM-Network - HUSAM A. H. HIJAZI, PS",HK,
172.170.192.153,ip,http-scan,low,30,stale,2026-09-30,2026-09-30,1,8075,"MICROSOFT-CORP-MSN-AS-BLOCK - Microsoft Corporation, US",GB,
172.180.64.137,ip,http-scan,low,30,expired,2026-09-26,2026-09-26,1,8075,"MICROSOFT-CORP-MSN-AS-BLOCK - Microsoft Corporation, US",GB,
172.180.64.97,ip,http-scan,low,30,active,2026-10-07,2026-10-07,1,8075,"MICROSOFT-CORP-MSN-AS-BLOCK - Microsoft Corporation, US",GB,
172.184.167.47,ip,ssh-probe,low,20,expired,2026-09-10,2026-09-10,1,8075,"MICROSOFT-CORP-MSN-AS-BLOCK - Microsoft Corporation, US",GB,
172.184.216.86,ip,ssh-probe,low,20,active,2026-10-08,2026-10-08,1,8075,"MICROSOFT-CORP-MSN-AS-BLOCK - Microsoft Corporation, US",GB,
172.184.245.106,ip,ssh-probe,low,20,stale,2026-10-07,2026-10-07,1,8075,"MICROSOFT-CORP-MSN-AS-BLOCK - Microsoft Corporation, US",GB,
172.190.31.198,ip,http-scan,low,30,active,2026-10-09,2026-10-09,1,8075,"MICROSOFT-CORP-MSN-AS-BLOCK - Microsoft Corporation, US",GB,
172.202.114.242,ip,http-scan,low,30,expired,2026-09-15,2026-09-15,1,8075,"MICROSOFT-CORP-MSN-AS-BLOCK - Microsoft Corporation, US",GB,
172.203.228.228,ip,http-scan,low,30,expired,2026-09-24,2026-09-24,1,8075,"MICROSOFT-CORP-MSN-AS-BLOCK - Microsoft Corporation, US",GB,
172.208.52.163,ip,http-scan,low,30,stale,2026-09-30,2026-09-30,1,8075,"MICROSOFT-CORP-MSN-AS-BLOCK - Microsoft Corporation, US",GB,
172.210.60.174,ip,http-scan,low,30,stale,2026-09-27,2026-09-27,1,8075,"MICROSOFT-CORP-MSN-AS-BLOCK - Microsoft Corporation, US",GB,
172.234.217.129,ip,http-scan,low,30,active,2026-10-09,2026-10-09,1,63949,"AKAMAI-LINODE-AP - Akamai Connected Cloud, SG",US,
172.235.41.245,ip,http-scan,low,30,stale,2026-10-02,2026-10-02,1,63949,"AKAMAI-LINODE-AP - Akamai Connected Cloud, SG",US,
172.236.228.198,ip,http-scan,low,30,expired,2026-09-24,2026-09-24,1,63949,"AKAMAI-LINODE-AP - Akamai Connected Cloud, SG",US,
172.236.228.202,ip,http-scan,low,30,stale,2026-09-27,2026-09-27,1,63949,"AKAMAI-LINODE-AP - Akamai Connected Cloud, SG",US,
172.236.228.208,ip,http-scan,low,30,expired,2026-09-23,2026-09-23,1,63949,"AKAMAI-LINODE-AP - Akamai Connected Cloud, SG",US,
172.236.228.220,ip,http-scan,low,30,active,2026-10-07,2026-10-07,1,63949,"AKAMAI-LINODE-AP - Akamai Connected Cloud, SG",US,
172.236.228.222,ip,http-scan,low,30,expired,2026-09-25,2026-09-25,1,63949,"AKAMAI-LINODE-AP - Akamai Connected Cloud, SG",US,
172.236.228.229,ip,http-scan,low,30,stale,2026-10-02,2026-10-02,1,63949,"AKAMAI-LINODE-AP - Akamai Connected Cloud, SG",US,
172.236.228.86,ip,http-scan,low,30,expired,2026-09-15,2026-09-15,1,63949,"AKAMAI-LINODE-AP - Akamai Connected Cloud, SG",US,
172.236.245.236,ip,http-scan,low,30,stale,2026-10-03,2026-10-03,1,63949,"AKAMAI-LINODE-AP - Akamai Connected Cloud, SG",US,
172.236.254.181,ip,http-scan,low,30,stale,2026-09-27,2026-09-27,1,63949,"AKAMAI-LINODE-AP - Akamai Connected Cloud, SG",US,
172.237.109.55,ip,http-scan,low,30,active,2026-10-06,2026-10-06,1,63949,"AKAMAI-LINODE-AP - Akamai Connected Cloud, SG",US,
172ae822ba9d1f51ed70190219d0306a0cdc05700db0c43cb26fa49eaedf0052,sha256,unknown-artifact,medium,30,active,2026-10-03,2026-10-03,1,,,,
173.206.227.80,ip,http-scan,low,30,active,2026-10-07,2026-10-07,1,1403,"EBOX - EBOX, CA",CA,
173.255.192.69,ip,ssh-probe,low,20,expired,2026-09-12,2026-09-12,1,63949,"AKAMAI-LINODE-AP - Akamai Connected Cloud, SG",US,
173.255.214.214,ip,http-scan,low,30,stale,2026-10-02,2026-10-02,1,63949,"AKAMAI-LINODE-AP - Akamai Connected Cloud, SG",US,
173.255.221.189,ip,ssh-probe,low,20,expired,2026-09-14,2026-09-14,1,63949,"AKAMAI-LINODE-AP - Akamai Connected Cloud, SG",US,
173.255.225.15,ip,http-scan,low,30,expired,2026-09-15,2026-09-15,1,63949,"AKAMAI-LINODE-AP - Akamai Connected Cloud, SG",US,
17302da4365acc76ebd4ff7d5dcd4ec84c1fff24530580a8e7c88e32354470d5,sha256,unknown-artifact,medium,30,active,2026-10-06,2026-10-06,1,,,,
17387b65cc63e8cf8d6e3dfdf44b0977d269489f0603507952814c8741bf39d2,sha256,unknown-artifact,medium,30,active,2026-09-16,2026-09-16,1,,,,
175.195.108.155,ip,http-scan,low,30,expired,2026-09-14,2026-09-14,1,4766,"KIXS-AS-KR-KR - Korea Telecom, KR",KR,
175.213.9.215,ip,http-scan,low,30,expired,2026-09-25,2026-09-25,1,4766,"KIXS-AS-KR-KR - Korea Telecom, KR",KR,
176.105.193.110,ip,ssh-probe,low,20,expired,2026-09-26,2026-09-26,1,24812,"ASHOMENET - RPC HomeNet Ltd., UA",UA,
176.65.134.119,ip,http-scan,low,30,active,2026-10-08,2026-10-08,1,51396,"PFCLOUD - Pfcloud UG (haftungsbeschrankt), DE",DE,
176.65.148.78,ip,http-scan,low,30,active,2026-10-06,2026-10-06,1,51396,"PFCLOUD - Pfcloud UG (haftungsbeschrankt), DE",DE,
176.65.149.171,ip,http-scan,low,30,expired,2026-09-26,2026-09-26,1,51396,"PFCLOUD - Pfcloud UG (haftungsbeschrankt), DE",DE,
176.65.149.233,ip,http-scan,low,30,active,2026-10-09,2026-10-09,1,51396,"PFCLOUD - Pfcloud UG (haftungsbeschrankt), DE",DE,
177.239.81.185,ip,ssh-probe,low,20,expired,2026-09-13,2026-09-13,1,28509,"AS28509 - Cablemas Telecomunicaciones SA de CV, MX",MX,
177.66.209.11,ip,ssh-probe,low,20,active,2026-10-08,2026-10-08,1,262504,"AS262504 - Nova Rede de Telecomunicacoes Ltda, BR",BR,
178.128.171.228,ip,http-scan,low,30,active,2026-10-07,2026-10-07,1,14061,"DIGITALOCEAN-ASN - DigitalOcean, LLC, US",US,
178.128.251.47,ip,http-scan,low,30,expired,2026-09-23,2026-09-23,1,14061,"DIGITALOCEAN-ASN - DigitalOcean, LLC, US",US,
178.218.117.179,ip,ssh-probe,low,20,expired,2026-09-26,2026-09-26,1,49403,"AVK-WELLCOM-AS - AVK-Wellcom Ltd., RU",RU,
178.222.169.143,ip,ssh-probe,low,20,expired,2026-09-11,2026-09-11,1,8400,"TELEKOM-AS - TELEKOM SRBIJA a.d., RS",RS,
17814928fd3dce8e8fde5a65dc26c8e681324d25a6adc44c68b6d00f60be6eb8,sha256,unknown-artifact,medium,30,active,2026-09-26,2026-09-26,1,,,,
17861a4cf1a91403a97e4f3c2e4b262aa1d672f1c85e27db29f0e7d80efcf084,sha256,unknown-artifact,medium,30,active,2026-10-03,2026-10-03,1,,,,
179.51.119.250,ip,ssh-probe,low,20,expired,2026-09-27,2026-09-27,1,263210,"AS263210 - HV TELEVISION S.A.S, CO",CO,
17a044a796157fbe2625dc3e66a8f862af357fb6817b43bed5b875ec01207868,sha256,unknown-artifact,medium,30,active,2026-09-30,2026-09-30,1,,,,
17c1f59b39db38676e1d2b12113f6e88f77bda42757c66de8e2bb360c9bd5ea0,sha256,unknown-artifact,medium,30,active,2026-10-04,2026-10-04,1,,,,
17c361283cd4e90b4a43078c06eb2d13c70ba5b85a9ad865caaa2f85cda14c20,sha256,unknown-artifact,medium,30,active,2026-09-27,2026-09-27,1,,,,
17dfa769eefab2db16e68a9b604d5ed257014318ff253d109c7acaa2ae27ee65,sha256,unknown-artifact,medium,30,active,2026-09-27,2026-09-27,1,,,,
17eba69e46beeef398b26b8cfba94f8ae06220ff332eb1406de27f8b48cd7a2a,sha256,unknown-artifact,medium,30,active,2026-09-27,2026-09-27,1,,,,
18.206.38.153,ip,http-scan,low,30,expired,2026-09-25,2026-09-25,1,14618,"AMAZON-AES - Amazon.com, Inc., US",US,
18.232.124.228,ip,http-scan,low,30,expired,2026-09-23,2026-09-23,1,14618,"AMAZON-AES - Amazon.com, Inc., US",US,
18.234.52.162,ip,http-scan,low,30,expired,2026-09-25,2026-09-25,1,14618,"AMAZON-AES - Amazon.com, Inc., US",US,
18.97.26.61,ip,http-scan,low,30,stale,2026-10-01,2026-10-01,1,14618,"AMAZON-AES - Amazon.com, Inc., US",US,
180.149.125.165,ip,http-scan,low,30,stale,2026-10-01,2026-10-01,1,45204,"GEMNET-MN - GEMNET LLC, MN",MN,
180.149.125.166,ip,http-scan,low,30,stale,2026-10-02,2026-10-02,1,45204,"GEMNET-MN - GEMNET LLC, MN",MN,
180.149.125.170,ip,http-scan,low,30,stale,2026-10-01,2026-10-01,1,45204,"GEMNET-MN - GEMNET LLC, MN",MN,
180.149.126.4,ip,http-scan,low,30,stale,2026-10-01,2026-10-01,1,45204,"GEMNET-MN - GEMNET LLC, MN",MN,
180.76.202.69,ip,ssh-probe,low,20,expired,2026-09-27,2026-09-27,1,38365,"Baidu - Beijing Baidu Netcom Science and Technology Co., Ltd., CN",CN,
180cd44eb64f3f683633802ef118cb3500f64c921e8d7c73676508b87eb7024e,sha256,unknown-artifact,medium,30,active,2026-10-04,2026-10-04,1,,,,
181.209.113.234,ip,ssh-probe,low,20,expired,2026-09-10,2026-09-10,1,52361,"AS52361 - ARSAT - Empresa Argentina de Soluciones Satelitales S.A., AR",AR,
181.43.35.108,ip,ssh-probe,low,20,expired,2026-09-14,2026-09-14,1,27651,"AS27651 - ENTEL CHILE S.A., CL",CL,
181210f8f9c779c26da1d9b2075bde0127302ee0e3fca38c9a83f5b1dd8e5d3b,sha256,unknown-artifact,medium,30,active,2026-09-15,2026-09-15,1,,,,
182.118.64.225,ip,ssh-probe,low,20,stale,2026-10-07,2026-10-07,1,4837,"CHINA169-Backbone - CHINA UNICOM China169 Backbone, CN",CN,
182.208.248.71,ip,http-scan,low,30,stale,2026-09-30,2026-09-30,1,17858,"POWERVIS-AS-KR-KR - LG POWERCOMM, KR",KR,
182.242.169.157,ip,ssh-probe,low,20,expired,2026-09-26,2026-09-26,1,4134,"CHINANET-BACKBONE - No.31,Jin-rong Street, CN",CN,
182.253.126.71,ip,http-scan,low,30,stale,2026-09-30,2026-09-30,1,17451,"BIZNET-AS-AP - BIZNET NETWORKS, ID",ID,
18202acf17ef06f7c7fa005501b951c650c5f779d4786d54d434e624eaef452c,sha256,unknown-artifact,medium,30,active,2026-10-04,2026-10-04,1,,,,
182c1a0803bbfd725735e0cf9176c1743249f013e3de055724ce450fc2de08da,sha256,unknown-artifact,medium,30,active,2026-09-15,2026-09-15,1,,,,
182dded3f740dd18866731f9ed63e45e289855738a4ea2c889d8ccb435d4e9b5,sha256,unknown-artifact,medium,30,active,2026-09-25,2026-09-25,1,,,,
183.224.219.194,ip,ssh-probe,low,20,active,2026-10-08,2026-10-08,1,9808,"CHINAMOBILE-CN - China Mobile Communications Group Co., Ltd., CN",CN,
183196d8ea5227472b7fce225ec26402c99578afe7029c94415f9211b066d101,sha256,unknown-artifact,medium,30,active,2026-10-07,2026-10-07,1,,,,
1831e52e442c25c55e34c9e9f7945e0c1b1c207a7aeb4f1ad4b4d4bb3b29d4fe,sha256,unknown-artifact,medium,30,active,2026-10-06,2026-10-06,1,,,,
1839687695664fa5201eb35b7797d2f16b191ea38e8f95559d7b5c416413e5ac,sha256,unknown-artifact,medium,30,active,2026-10-04,2026-10-04,1,,,,
184.168.30.57,ip,http-scan,low,30,stale,2026-09-30,2026-09-30,1,398101,"GO-DADDY-COM-LLC - GoDaddy.com, LLC, US",US,
184.72.120.145,ip,http-scan,low,30,expired,2026-09-23,2026-09-23,1,14618,"AMAZON-AES - Amazon.com, Inc., US",US,
184.72.203.238,ip,http-scan,low,30,stale,2026-10-02,2026-10-02,1,14618,"AMAZON-AES - Amazon.com, Inc., US",US,
184.73.137.109,ip,http-scan,low,30,expired,2026-09-22,2026-09-22,1,14618,"AMAZON-AES - Amazon.com, Inc., US",US,
184e50cb9679e6e0ff3068b80b3bebad2c9a4346b134b094813c05b457eaeb16,sha256,unknown-artifact,medium,30,active,2026-09-16,2026-09-16,1,,,,
185.136.15.55,ip,http-scan,low,30,expired,2026-09-26,2026-09-26,1,210328,"ALMAZ - AO ALMAZ, RU",KZ,
185.213.174.141,ip,http-scan,low,30,stale,2026-10-01,2026-10-01,1,41608,"NextGenWebs-NL - NextGenWebs, S.L., ES",ES,
185.221.255.93,ip,ssh-probe,low,20,expired,2026-09-27,2026-09-27,1,209442,"FastNet-Korce - FASTNET ALBANIA Sh.p.k, AL",AL,
185.223.235.16,ip,http-scan,low,30,expired,2026-09-24,2026-09-24,1,25369,"BANDWIDTH-AS - Hydra Communications Ltd, GB",GB,
185.223.235.22,ip,http-scan,low,30,expired,2026-09-24,2026-09-24,1,25369,"BANDWIDTH-AS - Hydra Communications Ltd, GB",GB,
185.223.235.34,ip,http-scan,low,30,stale,2026-10-01,2026-10-01,1,25369,"BANDWIDTH-AS - Hydra Communications Ltd, GB",GB,
185.223.235.35,ip,http-scan,low,30,expired,2026-09-24,2026-09-24,1,25369,"BANDWIDTH-AS - Hydra Communications Ltd, GB",GB,
185.223.235.37,ip,http-scan,low,30,stale,2026-10-01,2026-10-01,1,25369,"BANDWIDTH-AS - Hydra Communications Ltd, GB",GB,
185.223.235.42,ip,http-scan,low,30,expired,2026-09-24,2026-09-24,1,25369,"BANDWIDTH-AS - Hydra Communications Ltd, GB",GB,
185.223.235.46,ip,http-scan,low,30,expired,2026-09-26,2026-09-26,1,25369,"BANDWIDTH-AS - Hydra Communications Ltd, GB",GB,
185.223.235.47,ip,http-scan,low,30,stale,2026-09-30,2026-09-30,1,25369,"BANDWIDTH-AS - Hydra Communications Ltd, GB",GB,
185.223.235.49,ip,http-scan,low,30,expired,2026-09-26,2026-09-26,1,25369,"BANDWIDTH-AS - Hydra Communications Ltd, GB",GB,
185.223.235.50,ip,ssh-probe,low,20,expired,2026-09-26,2026-09-26,1,25369,"BANDWIDTH-AS - Hydra Communications Ltd, GB",GB,
185.223.235.55,ip,http-scan,low,30,stale,2026-09-30,2026-09-30,1,25369,"BANDWIDTH-AS - Hydra Communications Ltd, GB",GB,
185.242.226.80,ip,http-scan,low,30,active,2026-10-09,2026-10-09,1,202425,"INT-NETWORK - IP Volume inc, SC",US,
185.247.137.102,ip,http-scan,low,30,active,2026-10-09,2026-10-09,1,211298,"DRIFTNET - Driftnet Ltd, GB",GB,
185.247.137.152,ip,http-scan,low,30,expired,2026-09-14,2026-09-14,1,211298,"DRIFTNET - Driftnet Ltd, GB",GB,
185.247.137.158,ip,http-scan,low,30,expired,2026-09-23,2026-09-23,1,211298,"DRIFTNET - Driftnet Ltd, GB",GB,
185.247.137.193,ip,http-scan,low,30,stale,2026-10-01,2026-10-01,1,211298,"DRIFTNET - Driftnet Ltd, GB",GB,
185.50.148.159,ip,ssh-probe,low,20,expired,2026-09-13,2026-09-13,1,208780,"ASANDIAL - Andial Ltd., RU",ES,
185.93.89.10,ip,http-scan,low,30,expired,2026-09-23,2026-09-23,1,213790,"LimitedNetwork-AS - Limited Network LTD, GB",IR,
185.93.89.130,ip,http-scan,low,30,stale,2026-10-01,2026-10-01,1,213790,"LimitedNetwork-AS - Limited Network LTD, GB",IR,
18673bd44b239e40b3d7a62165af321ae1aecaf942d63b81ebd997792b10c038,sha256,unknown-artifact,medium,30,active,2026-10-09,2026-10-09,1,,,,
187.17.228.218,ip,http-scan,low,30,stale,2026-10-03,2026-10-03,1,28267,"AS28267 - SIM INTERNET PROVEDORES DE INTERNET EIRELI., BR",BR,
187067b78c8b8e3d0de62ce7859fc5b38552e2614dc43b9329b7a4602e553a5b,sha256,unknown-artifact,medium,30,active,2026-09-16,2026-09-16,1,,,,
1875e1aeeba694bc3b03a48bd654191faafe792258764f5ef248dc13b47b644b,sha256,unknown-artifact,medium,30,active,2026-09-28,2026-09-28,1,,,,
187e1bd2fbd78dde7d0e7ed5dbd0a72fbf66249961e1b26c9c28b10ee2b96e61,sha256,unknown-artifact,medium,30,active,2026-09-25,2026-09-25,1,,,,
187ec1fe38690139e9f92f999a94a723e13c0f1b97fafd53818d42fee18da7f4,sha256,unknown-artifact,medium,30,active,2026-09-15,2026-09-15,1,,,,
188.132.140.191,ip,ssh-probe,low,20,expired,2026-09-10,2026-09-10,1,206375,"NETSPEED - NETSPEED INTERNET A.S., TR",TR,
188.166.214.47,ip,http-scan,low,30,expired,2026-09-25,2026-09-25,1,14061,"DIGITALOCEAN-ASN - DigitalOcean, LLC, US",US,
188.191.28.54,ip,ssh-probe,low,20,expired,2026-09-12,2026-09-12,1,196705,"Ardinvest - Ardinvest LTD, RU",RU,
188.71.222.111,ip,ssh-probe,low,20,active,2026-10-08,2026-10-08,1,29357,"WATANIYATELECOM-AS - NATIONAL MOBILE TELECOMMUNICATIONS COMPANY K.S.C.P., KW",KW,
188.93.233.81,ip,http-scan,low,30,active,2026-10-05,2026-10-05,1,47674,"NETSOLUTIONS - Net Solutions - Consultoria Em Tecnologias De Informacao, Sociedade Unipessoal LDA, MO",PT,
18895af92ef438286f030e73f788fa874c67686d0c3063c3449f5e716fa3aca7,sha256,unknown-artifact,medium,30,active,2026-10-03,2026-10-03,1,,,,
18b4cf8699872b7af06cd6aa9577675d3d87f80bfd43ea2874031a93b2b945f4,sha256,unknown-artifact,medium,30,active,2026-09-27,2026-09-27,1,,,,
18c9c0340e9a0f3353c5c35c07535a8d77b2968facafe0b142bf75503cb5be00,sha256,unknown-artifact,medium,30,active,2026-10-03,2026-10-03,1,,,,
18d448aa993b0fb31a0622cbb34a58618e0e5c030025a7ad909520a763d755ec,sha256,unknown-artifact,medium,30,active,2026-10-03,2026-10-03,1,,,,
18d605a66731908896e78ce5652c299c6ba167592d575d859c4b84328c301f46,sha256,unknown-artifact,medium,30,active,2026-10-03,2026-10-03,1,,,,
18e20a9bb68a8b21819825a5957ff3a75c486fcd8f6573bc460ce98caec4b97d,sha256,unknown-artifact,medium,30,active,2026-09-15,2026-09-15,1,,,,
18e7c7014a9e78f27e111cae9f93aa7c52fecc7c88301691977b685c61bf2d2c,sha256,unknown-artifact,medium,30,active,2026-10-03,2026-10-03,1,,,,
18f567b536cbac636bf0abc739e9a90e6d635c3b2552c623f39a00f66503dbbb,sha256,unknown-artifact,medium,30,active,2026-09-30,2026-09-30,1,,,,
18fbc48052551834724c49cb1484229239bd7b03189071c1e822f3c1b7d1ba05,sha256,unknown-artifact,medium,30,active,2026-09-15,2026-09-15,1,,,,
18fc819845b558498dae4ba028fc1c80cca1c2695e0c9262c388103170ac1df7,sha256,unknown-artifact,medium,30,active,2026-09-23,2026-09-23,1,,,,
18febb7d3462ff91b66283f9a426b6616df5b103de637ddd01612789faeeaa41,sha256,unknown-artifact,medium,30,active,2026-09-27,2026-09-27,1,,,,
190.151.175.60,ip,ssh-probe,low,20,expired,2026-09-11,2026-09-11,1,27813,"AS27813 - Teledifusora S.A., AR",AR,
190.8.166.120,ip,ssh-probe,low,20,expired,2026-09-10,2026-09-10,1,264628,"AS264628 - CORPORACION FIBEX TELECOM, C.A., VE",VE,
190.96.112.116,ip,ssh-probe,low,20,expired,2026-09-14,2026-09-14,1,262150,"AS262150 - Empresa Provincial de Energia de Cordoba, AR",AR,
192.155.90.220,ip,http-scan,low,30,expired,2026-09-24,2026-09-24,1,63949,"AKAMAI-LINODE-AP - Akamai Connected Cloud, SG",US,
193.124.20.233,ip,http-scan,low,30,stale,2026-09-28,2026-09-28,1,25369,"BANDWIDTH-AS - Hydra Communications Ltd, GB",GB,
193.124.20.237,ip,http-scan,low,30,stale,2026-09-29,2026-09-29,1,25369,"BANDWIDTH-AS - Hydra Communications Ltd, GB",GB,
193.124.20.238,ip,http-scan,low,30,active,2026-10-05,2026-10-05,1,25369,"BANDWIDTH-AS - Hydra Communications Ltd, GB",GB,
193.124.20.243,ip,http-scan,low,30,stale,2026-09-29,2026-09-29,1,25369,"BANDWIDTH-AS - Hydra Communications Ltd, GB",GB,
193.124.20.247,ip,http-scan,low,30,stale,2026-09-27,2026-09-27,1,25369,"BANDWIDTH-AS - Hydra Communications Ltd, GB",GB,
193.124.20.248,ip,http-scan,low,30,stale,2026-09-29,2026-09-29,1,25369,"BANDWIDTH-AS - Hydra Communications Ltd, GB",GB,
193.142.147.109,ip,ssh-probe,low,20,expired,2026-09-12,2026-09-12,1,213438,"colocatel-inc - ColocaTel Inc., SC",DE,
193.176.31.150,ip,http-scan,low,30,expired,2026-09-24,2026-09-24,1,25369,"BANDWIDTH-AS - Hydra Communications Ltd, GB",GB,
193.176.31.156,ip,http-scan,low,30,expired,2026-09-26,2026-09-26,1,25369,"BANDWIDTH-AS - Hydra Communications Ltd, GB",GB,
193.176.31.203,ip,ssh-probe,low,20,expired,2026-09-12,2026-09-12,1,25369,"BANDWIDTH-AS - Hydra Communications Ltd, GB",GB,
193.176.31.208,ip,http-scan,low,30,stale,2026-09-30,2026-09-30,1,25369,"BANDWIDTH-AS - Hydra Communications Ltd, GB",GB,
193.176.31.209,ip,http-scan,low,30,expired,2026-09-24,2026-09-24,1,25369,"BANDWIDTH-AS - Hydra Communications Ltd, GB",GB,
193.176.31.212,ip,http-scan,low,30,stale,2026-10-01,2026-10-01,1,25369,"BANDWIDTH-AS - Hydra Communications Ltd, GB",GB,
193.176.31.231,ip,http-scan,low,30,stale,2026-09-30,2026-09-30,1,25369,"BANDWIDTH-AS - Hydra Communications Ltd, GB",GB,
193.176.31.236,ip,http-scan,low,30,stale,2026-10-01,2026-10-01,1,25369,"BANDWIDTH-AS - Hydra Communications Ltd, GB",GB,
193.176.31.254,ip,http-scan,low,30,stale,2026-10-01,2026-10-01,1,25369,"BANDWIDTH-AS - Hydra Communications Ltd, GB",GB,
193.24.123.123,ip,http-scan,low,30,stale,2026-09-28,2026-09-28,1,200593,"PROSPERO-AS - PROSPERO OOO, RU",RU,
193.32.204.168,ip,http-scan,low,30,stale,2026-09-27,2026-09-27,1,153622,"MADINAIT-AS-AP - Madina IT, BD",TR,
193.34.212.94,ip,http-scan,low,30,stale,2026-09-28,2026-09-28,1,201814,"Mevspace - MEVSPACE sp. z o.o., PL",PL,
193.46.255.154,ip,ssh-probe,low,20,expired,2026-09-12,2026-09-12,1,47890,"UNMANAGED-DEDICATED-SERVERS - UNMANAGED LTD, GB",RO,
193a9431942eb5e512f3a912f70fe270e54f919642242dd7a39f9697c64ae1a9,sha256,unknown-artifact,medium,30,active,2026-09-15,2026-09-15,1,,,,
193cc4532664da498a4b2e5da87dc36b37447e7bbd26584ee42068140086e0df,sha256,unknown-artifact,medium,30,active,2026-10-09,2026-10-09,1,,,,
194.163.143.72,ip,http-scan,low,30,stale,2026-09-27,2026-09-27,1,51167,"CONTABO - Contabo GmbH, DE",DE,
194.164.192.228,ip,http-scan,low,30,stale,2026-09-30,2026-09-30,1,8560,"IONOS-AS - IONOS SE, DE",DE,
194.187.178.121,ip,http-scan,low,30,expired,2026-09-23,2026-09-23,1,215778,"ALPHASTRIKE-HK - Alpha Strike Labs GmbH, DE",DE,
194.187.178.213,ip,ssh-probe,low,20,expired,2026-09-10,2026-09-10,1,215778,"ALPHASTRIKE-HK - Alpha Strike Labs GmbH, DE",DE,
194.187.178.91,ip,http-scan,low,30,expired,2026-09-23,2026-09-23,1,215778,"ALPHASTRIKE-HK - Alpha Strike Labs GmbH, DE",DE,
194.44.47.65,ip,ssh-probe,low,20,active,2026-10-08,2026-10-08,1,3255,"UARNET-AS - LLC EKSINTECH, UA",UA,
194.88.98.114,ip,http-scan,low,30,expired,2026-09-15,2026-09-15,1,25369,"BANDWIDTH-AS - Hydra Communications Ltd, GB",GB,
194.88.98.115,ip,http-scan,low,30,stale,2026-09-30,2026-09-30,1,25369,"BANDWIDTH-AS - Hydra Communications Ltd, GB",GB,
194.88.98.122,ip,http-scan,low,30,active,2026-10-05,2026-10-05,1,25369,"BANDWIDTH-AS - Hydra Communications Ltd, GB",GB,
194.88.98.123,ip,http-scan,low,30,active,2026-10-05,2026-10-05,1,25369,"BANDWIDTH-AS - Hydra Communications Ltd, GB",GB,
194.88.98.124,ip,http-scan,low,30,active,2026-10-08,2026-10-08,1,25369,"BANDWIDTH-AS - Hydra Communications Ltd, GB",GB,
19478a742293b3f8a445925454c095e2d13f44fca72a9417481bb29a94569d0c,sha256,unknown-artifact,medium,30,active,2026-09-30,2026-09-30,1,,,,
194eb6d57588a27c14f575e82ab2633e4738be49588d3b6dee3a5c3b2977cf4c,sha256,unknown-artifact,medium,30,active,2026-09-27,2026-09-27,1,,,,
195.114.96.191,ip,ssh-probe,low,20,expired,2026-09-26,2026-09-26,1,39128,"IT-LUX-AS - IT LUX TELECOM Ltd., UA",UA,
195.178.110.106,ip,http-scan,low,30,active,2026-10-04,2026-10-04,1,48090,"DMZHOST - TECHOFF SRV LIMITED, GB",BG,
195.184.76.0,ip,ssh-probe,low,20,expired,2026-09-26,2026-09-26,1,213412,"ONYPHE - ONYPHE SAS, FR",FR,
195.184.76.1,ip,ssh-probe,low,20,expired,2026-09-26,2026-09-26,1,213412,"ONYPHE - ONYPHE SAS, FR",FR,
195.184.76.228,ip,ssh-probe,low,20,expired,2026-09-26,2026-09-26,1,213412,"ONYPHE - ONYPHE SAS, FR",FR,
195.184.76.59,ip,http-scan,low,30,stale,2026-09-27,2026-09-27,1,213412,"ONYPHE - ONYPHE SAS, FR",FR,
195.184.76.6,ip,ssh-probe,low,20,expired,2026-09-26,2026-09-26,1,213412,"ONYPHE - ONYPHE SAS, FR",FR,
195.90.213.238,ip,ssh-probe,low,20,stale,2026-10-07,2026-10-07,1,42730,"EVANZOAS - EVANZO e-commerce GmbH, DE",DE,
195.96.139.13,ip,http-scan,low,30,expired,2026-09-25,2026-09-25,1,211298,"DRIFTNET - Driftnet Ltd, GB",GB,
195.96.139.138,ip,http-scan,low,30,active,2026-10-07,2026-10-07,1,211298,"DRIFTNET - Driftnet Ltd, GB",GB,
195.96.139.195,ip,http-scan,low,30,active,2026-10-07,2026-10-07,1,211298,"DRIFTNET - Driftnet Ltd, GB",GB,
195.96.139.215,ip,http-scan,low,30,active,2026-10-04,2026-10-04,1,211298,"DRIFTNET - Driftnet Ltd, GB",GB,
195.96.139.240,ip,http-scan,low,30,stale,2026-09-28,2026-09-28,1,211298,"DRIFTNET - Driftnet Ltd, GB",GB,
195.96.139.5,ip,http-scan,low,30,stale,2026-10-03,2026-10-03,1,211298,"DRIFTNET - Driftnet Ltd, GB",GB,
195.96.139.65,ip,http-scan,low,30,stale,2026-09-30,2026-09-30,1,211298,"DRIFTNET - Driftnet Ltd, GB",GB,
195.96.139.9,ip,http-scan,low,30,active,2026-10-07,2026-10-07,1,211298,"DRIFTNET - Driftnet Ltd, GB",GB,
1958548b67ac1c2322411c663843a23135f61345e6de7c01f5600f2f417f7045,sha256,unknown-artifact,medium,30,active,2026-09-28,2026-09-28,1,,,,
196.171.100.196,ip,ssh-probe,low,20,expired,2026-09-12,2026-09-12,1,24691,"TOGOTEL-AS - IDDQD-AS, TG",TG,
196.189.255.231,ip,ssh-probe,low,20,expired,2026-09-12,2026-09-12,1,24757,"Ethio Telecom - Ethio Telecom, ET",ET,
196.207.215.213,ip,ssh-probe,low,20,expired,2026-09-26,2026-09-26,1,8346,"SONATEL - IDDQD-AS, SN",SN,
196c44b28f4874efa71e25567948383c31df52a163dac789c8fe39345ff50263,sha256,unknown-artifact,medium,30,active,2026-09-15,2026-09-15,1,,,,
196ec02db8fe6fb6bfa4f3331b172a680374c4906e12a0ef84e890d15179ca98,sha256,unknown-artifact,medium,30,active,2026-10-04,2026-10-04,1,,,,
1971c553ce7d59a0a610d7ac6f72be91a92eea341b81ce4659a5a00a6e2bd0fc,sha256,unknown-artifact,medium,30,active,2026-10-03,2026-10-03,1,,,,
19760a0e0984bfc05c32d73cbfd49fe90c288d515422c766e83cb79cb850b8b2,sha256,unknown-artifact,medium,30,active,2026-09-27,2026-09-27,1,,,,
1978fc07bb94a0c8e280dfb105769a9e5926bb278fcfd189042052de28f3b3a3,sha256,unknown-artifact,medium,30,active,2026-10-03,2026-10-03,1,,,,
197e358813b68daf62702c67f892c0bc15536e9bcc58d58bdd573cbaa160246b,sha256,unknown-artifact,medium,30,active,2026-09-22,2026-09-22,1,,,,
198.163.193.158,ip,ssh-probe,low,20,expired,2026-09-26,2026-09-26,1,8193,"BRM-AS - _Uzbektelekom_ Joint Stock Company, UZ",UZ,
198.163.193.187,ip,ssh-probe,low,20,active,2026-10-08,2026-10-08,1,8193,"BRM-AS - _Uzbektelekom_ Joint Stock Company, UZ",UZ,
198.235.24.10,ip,ssh-probe,low,20,stale,2026-10-07,2026-10-07,1,396982,"GOOGLE-CLOUD-PLATFORM - Google LLC, US",US,
198.235.24.100,ip,http-scan,low,30,expired,2026-09-14,2026-09-14,1,396982,"GOOGLE-CLOUD-PLATFORM - Google LLC, US",US,
198.235.24.103,ip,http-scan,low,30,stale,2026-10-01,2026-10-01,1,396982,"GOOGLE-CLOUD-PLATFORM - Google LLC, US",US,
198.235.24.104,ip,ssh-probe,low,20,expired,2026-09-10,2026-09-10,1,396982,"GOOGLE-CLOUD-PLATFORM - Google LLC, US",US,
198.235.24.107,ip,http-scan,low,30,active,2026-10-04,2026-10-04,1,396982,"GOOGLE-CLOUD-PLATFORM - Google LLC, US",US,
198.235.24.11,ip,http-scan,low,30,active,2026-10-07,2026-10-07,1,396982,"GOOGLE-CLOUD-PLATFORM - Google LLC, US",US,
198.235.24.111,ip,ssh-probe,low,20,expired,2026-09-13,2026-09-13,1,396982,"GOOGLE-CLOUD-PLATFORM - Google LLC, US",US,
198.235.24.115,ip,ssh-probe,low,20,expired,2026-09-26,2026-09-26,1,396982,"GOOGLE-CLOUD-PLATFORM - Google LLC, US",US,
198.235.24.116,ip,ssh-probe,low,20,expired,2026-09-27,2026-09-27,1,396982,"GOOGLE-CLOUD-PLATFORM - Google LLC, US",US,
198.235.24.140,ip,http-scan,low,30,stale,2026-09-28,2026-09-28,1,396982,"GOOGLE-CLOUD-PLATFORM - Google LLC, US",US,
198.235.24.141,ip,http-scan,low,30,expired,2026-09-15,2026-09-15,1,396982,"GOOGLE-CLOUD-PLATFORM - Google LLC, US",US,
198.235.24.143,ip,ssh-probe,low,20,active,2026-10-10,2026-10-10,1,396982,"GOOGLE-CLOUD-PLATFORM - Google LLC, US",US,
198.235.24.144,ip,ssh-probe,low,20,stale,2026-10-07,2026-10-07,1,396982,"GOOGLE-CLOUD-PLATFORM - Google LLC, US",US,
198.235.24.145,ip,http-scan,low,30,expired,2026-09-16,2026-09-16,1,396982,"GOOGLE-CLOUD-PLATFORM - Google LLC, US",US,
198.235.24.147,ip,http-scan,low,30,expired,2026-09-25,2026-09-25,1,396982,"GOOGLE-CLOUD-PLATFORM - Google LLC, US",US,
198.235.24.148,ip,http-scan,low,30,expired,2026-09-25,2026-09-25,1,396982,"GOOGLE-CLOUD-PLATFORM - Google LLC, US",US,
198.235.24.149,ip,ssh-probe,low,20,expired,2026-09-26,2026-09-26,1,396982,"GOOGLE-CLOUD-PLATFORM - Google LLC, US",US,
198.235.24.152,ip,http-scan,low,30,expired,2026-09-26,2026-09-26,1,396982,"GOOGLE-CLOUD-PLATFORM - Google LLC, US",US,
198.235.24.170,ip,ssh-probe,low,20,expired,2026-09-11,2026-09-11,1,396982,"GOOGLE-CLOUD-PLATFORM - Google LLC, US",US,
198.235.24.175,ip,ssh-probe,low,20,expired,2026-09-12,2026-09-12,1,396982,"GOOGLE-CLOUD-PLATFORM - Google LLC, US",US,
198.235.24.186,ip,ssh-probe,low,20,expired,2026-09-14,2026-09-14,1,396982,"GOOGLE-CLOUD-PLATFORM - Google LLC, US",US,
198.235.24.217,ip,ssh-probe,low,20,active,2026-10-08,2026-10-08,1,396982,"GOOGLE-CLOUD-PLATFORM - Google LLC, US",US,
198.235.24.224,ip,http-scan,low,30,active,2026-10-04,2026-10-04,1,396982,"GOOGLE-CLOUD-PLATFORM - Google LLC, US",US,
198.235.24.228,ip,ssh-probe,low,20,expired,2026-09-13,2026-09-13,1,396982,"GOOGLE-CLOUD-PLATFORM - Google LLC, US",US,
198.235.24.23,ip,ssh-probe,low,20,active,2026-10-08,2026-10-08,1,396982,"GOOGLE-CLOUD-PLATFORM - Google LLC, US",US,
198.235.24.231,ip,http-scan,low,30,active,2026-10-09,2026-10-09,1,396982,"GOOGLE-CLOUD-PLATFORM - Google LLC, US",US,
198.235.24.232,ip,http-scan,low,30,expired,2026-09-15,2026-09-15,1,396982,"GOOGLE-CLOUD-PLATFORM - Google LLC, US",US,
198.235.24.237,ip,http-scan,low,30,expired,2026-09-15,2026-09-15,1,396982,"GOOGLE-CLOUD-PLATFORM - Google LLC, US",US,
198.235.24.247,ip,ssh-probe,low,20,expired,2026-09-26,2026-09-26,1,396982,"GOOGLE-CLOUD-PLATFORM - Google LLC, US",US,
198.235.24.25,ip,ssh-probe,low,20,expired,2026-09-12,2026-09-12,1,396982,"GOOGLE-CLOUD-PLATFORM - Google LLC, US",US,
198.235.24.26,ip,ssh-probe,low,20,expired,2026-09-27,2026-09-27,1,396982,"GOOGLE-CLOUD-PLATFORM - Google LLC, US",US,
198.235.24.31,ip,http-scan,low,30,expired,2026-09-25,2026-09-25,1,396982,"GOOGLE-CLOUD-PLATFORM - Google LLC, US",US,
198.235.24.32,ip,http-scan,low,30,active,2026-10-04,2026-10-04,1,396982,"GOOGLE-CLOUD-PLATFORM - Google LLC, US",US,
198.235.24.34,ip,ssh-probe,low,20,active,2026-10-08,2026-10-08,1,396982,"GOOGLE-CLOUD-PLATFORM - Google LLC, US",US,
198.235.24.5,ip,ssh-probe,low,20,active,2026-10-10,2026-10-10,1,396982,"GOOGLE-CLOUD-PLATFORM - Google LLC, US",US,
198.235.24.52,ip,http-scan,low,30,active,2026-10-05,2026-10-05,1,396982,"GOOGLE-CLOUD-PLATFORM - Google LLC, US",US,
198.235.24.59,ip,ssh-probe,low,20,expired,2026-09-12,2026-09-12,1,396982,"GOOGLE-CLOUD-PLATFORM - Google LLC, US",US,
198.235.24.6,ip,http-scan,low,30,stale,2026-09-30,2026-09-30,1,396982,"GOOGLE-CLOUD-PLATFORM - Google LLC, US",US,
198.235.24.64,ip,http-scan,low,30,stale,2026-09-27,2026-09-27,1,396982,"GOOGLE-CLOUD-PLATFORM - Google LLC, US",US,
198.235.24.71,ip,http-scan,low,30,expired,2026-09-25,2026-09-25,1,396982,"GOOGLE-CLOUD-PLATFORM - Google LLC, US",US,
198.235.24.75,ip,ssh-probe,low,20,expired,2026-09-14,2026-09-14,1,396982,"GOOGLE-CLOUD-PLATFORM - Google LLC, US",US,
198.235.24.76,ip,http-scan,low,30,expired,2026-09-25,2026-09-25,1,396982,"GOOGLE-CLOUD-PLATFORM - Google LLC, US",US,
198.235.24.92,ip,http-scan,low,30,active,2026-10-04,2026-10-04,1,396982,"GOOGLE-CLOUD-PLATFORM - Google LLC, US",US,
1983c659b042b1ec26127e7874954d83cd97eb8dcfd03238a7d2031ea0182fbe,sha256,unknown-artifact,medium,30,active,2026-09-22,2026-09-22,1,,,,
198cbeca19d85d10e155495f33d998b9cf2613fd0761025378aaeff143611b45,sha256,unknown-artifact,medium,30,active,2026-09-30,2026-09-30,1,,,,
199.165.159.18,ip,http-scan,low,30,active,2026-10-07,2026-10-07,1,22168,"SHADOWSERVER-FOUNDATION - The Shadowserver Foundation, Inc., US",US,
199.165.159.20,ip,http-scan,low,30,active,2026-10-10,2026-10-10,1,22168,"SHADOWSERVER-FOUNDATION - The Shadowserver Foundation, Inc., US",US,
199.165.159.21,ip,http-scan,low,30,active,2026-10-07,2026-10-07,1,22168,"SHADOWSERVER-FOUNDATION - The Shadowserver Foundation, Inc., US",US,
199.165.159.34,ip,http-scan,low,30,active,2026-10-07,2026-10-07,1,22168,"SHADOWSERVER-FOUNDATION - The Shadowserver Foundation, Inc., US",US,
199e3b665c4bc73c47ea27da9f7137e159481669152a32639fe3782df5d119b9,sha256,unknown-artifact,medium,30,active,2026-10-09,2026-10-09,1,,,,
19abbda91d66246a419824989deef5f1b75475a6dcf52a69247827bbeb83b431,sha256,unknown-artifact,medium,30,active,2026-10-06,2026-10-06,1,,,,
19b92a6bfd5fe82c4ea9f6bf843b3fd1e0f33c59525252321d9d70a6b41cf31d,sha256,unknown-artifact,medium,30,active,2026-09-30,2026-09-30,1,,,,
19cb9c359b5482213e6c20aa10475d748f8efcae0a5aec58383da8d1bb690a11,sha256,unknown-artifact,medium,30,active,2026-09-23,2026-09-23,1,,,,
19cf61877305fec1a98a6bf13f40db57d1f3811066f8da4a40eff03e75316f96,sha256,unknown-artifact,medium,30,active,2026-10-03,2026-10-03,1,,,,
19f1982891abb8cdda87dcc3eb7baf2db7c24f4bd1d1c8631974b230c73609db,sha256,unknown-artifact,medium,30,active,2026-09-26,2026-09-26,1,,,,
19ff551044db0d11480b6130d71f8b5ac705364ee43cbfee4e1a61c211f5a290,sha256,unknown-artifact,medium,30,active,2026-10-09,2026-10-09,1,,,,
1a0708ded4e06d0afa80afa1e2973a496a1d6e4a864d562468226fdecb95d861,sha256,unknown-artifact,medium,30,active,2026-09-27,2026-09-27,1,,,,
1a1572723eca74fc4b2ea671e9a3cdd8451ecefdd6a2d5f7c8ff4b7c024ea72b,sha256,unknown-artifact,medium,30,active,2026-09-15,2026-09-15,1,,,,
1a1707bb54e5fb4deddd19f07adcb4f1e022ca7879e3c8348da8d4fa496ae8e2,sha256,unknown-artifact,medium,30,active,2026-09-15,2026-09-15,1,,,,
1a1d2399b062a3b2c23fef4c1560b29ff4ba25ffa692e465a21cf9f99a28351f,sha256,unknown-artifact,medium,30,active,2026-09-27,2026-09-27,1,,,,
1a2a23bc89e6871db2dd470d0fcc095e543167c15429e7d05e7811466d89bc22,sha256,unknown-artifact,medium,30,active,2026-09-29,2026-09-29,1,,,,
1a2d247f014c7b22c206d32c4b38b57725f518d11ebaa858f0228953051ab08f,sha256,unknown-artifact,medium,30,active,2026-10-03,2026-10-03,1,,,,
1a3c564b506f1bdf0e73219f8cf3dcac3a90d6cae949765916a95ec76a186177,sha256,unknown-artifact,medium,30,active,2026-10-06,2026-10-06,1,,,,
1a440c12f7b5f77d83323ff96b90e96e5681d9e036af2a6e80cda34d080c3153,sha256,unknown-artifact,medium,30,active,2026-09-27,2026-09-27,1,,,,
1a48a64ef168494ab0462b28f285d4fb3eaa9318349276a1ef79ba7874814205,sha256,unknown-artifact,medium,30,active,2026-09-27,2026-09-27,1,,,,
1a59706f3d8bce758af211c42999497bec7ad27e9c7586110cecec6d68fe9438,sha256,unknown-artifact,medium,30,active,2026-10-09,2026-10-09,1,,,,
1a67e23eae7a06cf700fa3789f7eb9202e4f25b923f7f491217fa358703813f4,sha256,unknown-artifact,medium,30,active,2026-10-09,2026-10-09,1,,,,
1a760828a92f5ad4383f1f3bd03d4e42270c1612f3d21ca4ccf9eb071733d1ba,sha256,unknown-artifact,medium,30,active,2026-10-10,2026-10-10,1,,,,
1a7a4aec53e1c75067512585c2005f695b2a0d33770c877aa33f6c1e7a18b5d3,sha256,unknown-artifact,medium,30,active,2026-09-15,2026-09-15,1,,,,
1a878ad85dd45b2af18e2611492c8cb604bef39507bff83c7f2e53f8eefaba8f,sha256,unknown-artifact,medium,30,active,2026-10-07,2026-10-07,1,,,,
1a9924e15d3a84b6b8ffa5d10058aee5dc486bb7febbe3ad715b44e37dea5104,sha256,unknown-artifact,medium,30,active,2026-10-04,2026-10-04,1,,,,
1ab0c96c9e1798fa1f69cacc521f903fda6c43d8b16d28322ccfdc8fe8b80875,sha256,unknown-artifact,medium,30,active,2026-09-26,2026-09-26,1,,,,
1ab649ef66e6e51e6dd2a37d6700347e6d104f62adcd9e82d6df37b488753a82,sha256,unknown-artifact,medium,30,active,2026-10-07,2026-10-07,1,,,,
1aba6608f00e8b1769d4b61f3b726b508222a5ea160b9d170561ed6f05fadb67,sha256,unknown-artifact,medium,30,active,2026-09-15,2026-09-15,1,,,,
1ac052c39a881dfc7caff13d16b34d218b3c736d25347094bb79b599fe605726,sha256,unknown-artifact,medium,30,active,2026-09-30,2026-09-30,1,,,,
1ac0e64b1ec3277909546b35a7e6b9e51690fce4fa0661fdd440fb886b22f1dd,sha256,unknown-artifact,medium,30,active,2026-09-28,2026-09-28,1,,,,
1ac5e20df0394fd351665e486592b86d2ec8155acae3fffbe434629784b2f63f,sha256,unknown-artifact,medium,30,active,2026-10-04,2026-10-04,1,,,,
1ad52c903b6b67f6d7666fad159d8c381d350c31cb07b7d57767c4501eef3bdc,sha256,unknown-artifact,medium,30,active,2026-09-30,2026-09-30,1,,,,
1ae9848987f7557ddc0bcce9ccc9df06af3847c3bb34615d4250f36f399f4bae,sha256,unknown-artifact,medium,30,active,2026-09-27,2026-09-27,1,,,,
1af33cec01cac2492f20de1cf103f65882c5da3a7aee7b3583fa6fe68c084174,sha256,unknown-artifact,medium,30,active,2026-09-22,2026-09-22,1,,,,
1b06507190762b1afee7fc55b2725bff6617d36f65a8a97a0128ee29fd501ee2,sha256,unknown-artifact,medium,30,active,2026-09-15,2026-09-15,1,,,,
1b06efc3bd0ed48500ec4e6639fd98b8e77c439ddf5daf5ebe28d7367751b636,sha256,unknown-artifact,medium,30,active,2026-09-27,2026-09-27,1,,,,
1b0bb8017e95449d268d2b0c80eae664d571a79cdd7673777859d96fd97f2173,sha256,unknown-artifact,medium,30,active,2026-09-15,2026-09-15,1,,,,
1b1ebc45a29d4475909d6c70094aa4bfa534ff85ff49ec7f5df41d39932b798a,sha256,unknown-artifact,medium,30,active,2026-09-22,2026-09-22,1,,,,
1b275372713f739d393d0130ad902a89704cdc04aaf7fd943d53cc72f7c8d743,sha256,unknown-artifact,medium,30,active,2026-09-23,2026-09-23,1,,,,
1b364c7b708d97a0e31b49421cd35d53e36e0c05dbe26e7c420dcca9ba76f6f8,sha256,unknown-artifact,medium,30,active,2026-09-15,2026-09-15,1,,,,
1b44a7908290015d7cb28bc01f38c4263c576f8acd1ac724a624a9c946b712b8,sha256,unknown-artifact,medium,30,active,2026-09-23,2026-09-23,1,,,,
1b460a915e7213c8687def55f93fa3239844b480065ca99cee05d02a81438029,sha256,unknown-artifact,medium,30,active,2026-09-23,2026-09-23,1,,,,
1b6434bef93cb18500818a96b5a543cc6b677663f8190f0b25a056cdaf873d0e,sha256,unknown-artifact,medium,30,active,2026-10-04,2026-10-04,1,,,,
1b73e027e8850cf4c1f7de0f0b4e4601bd1e5b5e9c82224303ab68d4c5a5d86f,sha256,unknown-artifact,medium,30,active,2026-09-15,2026-09-15,1,,,,
1b8e84ccf80aae39e1ca16393920c801a8fb78c5ae8ce5e6a5d636baa3d9386d,sha256,unknown-artifact,medium,30,active,2026-09-30,2026-09-30,1,,,,
1bb2bb6b8d0d879443e861e8eeedb3cd530ce2aefee827ab921ac8351ff12c0b,sha256,unknown-artifact,medium,30,active,2026-10-04,2026-10-04,1,,,,
1bc3b6adc0644879a944c3afa1ae6e217679a37cf6dc7cd218ec850d4c17d2c5,sha256,unknown-artifact,medium,30,active,2026-09-29,2026-09-29,1,,,,
1bc4a8104d764d427334eb4087c721e37be6412469793baf11d40a118f6328ef,sha256,unknown-artifact,medium,30,active,2026-09-27,2026-09-27,1,,,,
1bc76b14944770d13477139e38c3989ddd4b37d72a33929b5e4b3b70c8a41d93,sha256,unknown-artifact,medium,30,active,2026-09-15,2026-09-15,1,,,,
1bd8b090f8a73d784629265b09e1d27bf72ef941090331445a1005bf8e09ec90,sha256,unknown-artifact,medium,30,active,2026-09-15,2026-09-15,1,,,,
1bebbd19577b9cf3e3c3ef544875764633f5db0973a602e6531cb8d66907ef48,sha256,unknown-artifact,medium,30,active,2026-09-16,2026-09-16,1,,,,
1bf55b7f8f1cc6431918fbe347079987cdca643547e7a6ac981c2e0052ec3cf3,sha256,unknown-artifact,medium,30,active,2026-10-04,2026-10-04,1,,,,
1bf90891968e3559cd9fac4e880e3c0cf0b0ee93709d81b9a964dc05c196d05d,sha256,unknown-artifact,medium,30,active,2026-10-10,2026-10-10,1,,,,
1c051c069da29b9401234d03351fa099df3e215826fdaafcdb0b7e5141186da2,sha256,unknown-artifact,medium,30,active,2026-10-04,2026-10-04,1,,,,
1c10f8decd4297c8668386ce3b4454f5248114b4e564119536c2ef94764bbc81,sha256,unknown-artifact,medium,30,active,2026-10-03,2026-10-03,1,,,,
1c16613a9876be15f869cb77a09096b69822aae7809ef6db956c426d0aec5aa9,sha256,unknown-artifact,medium,30,active,2026-10-07,2026-10-07,1,,,,
1c17f38d8e752a169722ead8605d4d8f9c8cf32c27471e7ab50dfc74a30635d2,sha256,unknown-artifact,medium,30,active,2026-09-25,2026-09-25,1,,,,
1c1bfbd08b1659e55347191ee8311984b2e60d75d9a029f430e179fe6d96a7eb,sha256,unknown-artifact,medium,30,active,2026-09-15,2026-09-15,1,,,,
1c1efb0bd42138db25470acf91b7cabdd04016cb42c326e3e5f00abf9a92d531,sha256,unknown-artifact,medium,30,active,2026-10-04,2026-10-04,1,,,,
1c243188be8d9f79bab5ab0c9f357d44a1b777e7af409b3deb6fb4b23a478e9e,sha256,unknown-artifact,medium,30,active,2026-09-27,2026-09-27,1,,,,
1c2de7ba7db216e36436246e288ab730ffc8ce4e42a86347c67da7974fa8ce7d,sha256,unknown-artifact,medium,30,active,2026-09-30,2026-09-30,1,,,,
1c59e385e687a72562a1fbfdae5167f9739c66243cc93b87654c5715c7cde5ca,sha256,unknown-artifact,medium,30,active,2026-10-04,2026-10-04,1,,,,
1c5d26c0fb07369e862b7c9c50036393d0903265e48c7daf1f3f0f1ba616bd2e,sha256,unknown-artifact,medium,30,active,2026-09-15,2026-09-15,1,,,,
1c728838d31f454e8bc8663cfb5fc5522d9df051810453b58427ad065d0259a1,sha256,unknown-artifact,medium,30,active,2026-09-15,2026-09-15,1,,,,
1c78edcda6cdae3cd95730218e44f9ddd47a0392f9c371428d534b3b356b1b85,sha256,unknown-artifact,medium,30,active,2026-09-15,2026-09-15,1,,,,
1c7bf8b34aa1e612fd669ddd1d67077c16cce83b3e9e5daa739af6d1bd1ae814,sha256,unknown-artifact,medium,30,active,2026-10-04,2026-10-04,1,,,,
1c90d5e7d5b3746d8d3ef537e390e8c70c8a38ba84e03b63bd2beeb4b5b6166a,sha256,unknown-artifact,medium,30,active,2026-10-03,2026-10-03,1,,,,
1c9476ce425f3ff3e05fbfd680287f88293ea2bcb2e0c67aedc7673e081b0120,sha256,unknown-artifact,medium,30,active,2026-09-25,2026-09-25,1,,,,
1cc34beb0058cd045c64a10d0da7ed8a58d44d764568b5685065b2a4f2108b6b,sha256,unknown-artifact,medium,30,active,2026-09-15,2026-09-15,1,,,,
1cd98c39ce43039c547bd226cc3942b9201d3c5a2c338ada9e7efe26c300c45a,sha256,unknown-artifact,medium,30,active,2026-09-15,2026-09-15,1,,,,
1ce2c00834a2abd01da6e8d4ba1ec98ea646c5e845ad51ec484d506231113896,sha256,unknown-artifact,medium,30,active,2026-09-15,2026-09-15,1,,,,
1ceb40b7b92fa89c3ee5f9325fbbaa8a943f36419b30cbd4a4942c3c4bcca7f6,sha256,unknown-artifact,medium,30,active,2026-09-25,2026-09-25,1,,,,
1cffab4666fdd8153d0ea49a68bf4bd1f5c747d574b1466600084d0a40b77e4d,sha256,unknown-artifact,medium,30,active,2026-09-27,2026-09-27,1,,,,
1d2cc269dd60cf3b4388e15be22a24f26e14a8b634eb8f95cd45e4a3d55a269e,sha256,unknown-artifact,medium,30,active,2026-09-25,2026-09-25,1,,,,
1d2d63064cc7edcf34173cb4780d8505e75bb9f2a69c502f3bbd567e64bb5f1c,sha256,unknown-artifact,medium,30,active,2026-10-07,2026-10-07,1,,,,
1d396a50618abd2fdc4701a41bb1428552218cc26a5fa743bd2620a6d63bbef1,sha256,unknown-artifact,medium,30,active,2026-09-22,2026-09-22,1,,,,
1d51490130be6b2314f257b8ad63d1ca42aaf58117b5e5191f4eb4712f630c52,sha256,unknown-artifact,medium,30,active,2026-10-09,2026-10-09,1,,,,
1d51e3c9a92c33e4f9d39f7c3136b07589168718f36eea1d3dea4924060af6a0,sha256,unknown-artifact,medium,30,active,2026-10-03,2026-10-03,1,,,,
1d5241b59cf08da741527dbfc694fb9133298a49a5b69b9771e001b0ae6de477,sha256,unknown-artifact,medium,30,active,2026-09-26,2026-09-26,1,,,,
1d532382a94b013644575ff1a2b7e4cd4a4ab1caa79840736b51d0e219a09a3f,sha256,unknown-artifact,medium,30,active,2026-09-27,2026-09-27,1,,,,
1d54a82a4aae3357677b55228651e939af20e4c466d46f0005c59edd68cabef0,sha256,unknown-artifact,medium,30,active,2026-09-15,2026-09-15,1,,,,
1d5b3920332713d1e7b92d27ce09f545913b8af3a941d13585db9332b9f1a5a1,sha256,unknown-artifact,medium,30,active,2026-10-10,2026-10-10,1,,,,
1d9c2ae101164adcccf6ab1be08d9afdba5ae966e8eaa0f62f4d50a50ef18ea8,sha256,unknown-artifact,medium,30,active,2026-09-23,2026-09-23,1,,,,
1d9d51699577ea6d38a7c34ebbd3ad4b7e3a5fc7dbe95bd7af3414679d958290,sha256,unknown-artifact,medium,30,active,2026-09-16,2026-09-16,1,,,,
1dc086493c46709502be7104f8aef44b4b86f3d2054898d10219986e8e05da8d,sha256,unknown-artifact,medium,30,active,2026-09-25,2026-09-25,1,,,,
1dc5385a8978f1a98d53c0b057c7c8ace355536dda952241b82afca0fad73444,sha256,unknown-artifact,medium,30,active,2026-09-30,2026-09-30,1,,,,
1dd35537cbd8327d7d9332da5db4f3d65d9055f350c0213ea11692a45846eec2,sha256,unknown-artifact,medium,30,active,2026-09-15,2026-09-15,1,,,,
1df18ef548e6b686650a8a39d5c45169e447aa3a30b8f87b2b80d34f5bc2b204,sha256,unknown-artifact,medium,30,active,2026-09-15,2026-09-15,1,,,,
1df665af68e057171a7077a17309569bd74311df28c3259dcfc6f9a5a45d9e09,sha256,unknown-artifact,medium,30,active,2026-10-03,2026-10-03,1,,,,
1df8919f1a3d5d13a5c6ebeb05f2e1d8fb82d45949c83ac982652ddadad175ec,sha256,unknown-artifact,medium,30,active,2026-10-03,2026-10-03,1,,,,
1e02bc7bfd5ac0cb3ae3323079f29e12019f92f5569c4506359c07ca4e495650,sha256,unknown-artifact,medium,30,active,2026-09-27,2026-09-27,1,,,,
1e2855d61571444c80efac2df074bb9fa0cbf66c8131a9ebb5a04120f147db8f,sha256,unknown-artifact,medium,30,active,2026-09-30,2026-09-30,1,,,,
1e3cfb78c214c9b7cdb8264488e3c2bd0b257c1f1e0430c7e4ef36ec59f1055d,sha256,unknown-artifact,medium,30,active,2026-09-26,2026-09-26,1,,,,
1e456390e694350b4922e743f84e3d6c1c634dea66a8ecad78b53fb178b80f36,sha256,unknown-artifact,medium,30,active,2026-10-09,2026-10-09,1,,,,
1e534db63466deec283cc815a27b44aa5396e7f4454e6ebef31b33060f7861df,sha256,unknown-artifact,medium,30,active,2026-09-30,2026-09-30,1,,,,
1e70b63472772e3f5092ffe9c3573470e73590e6ab6d93fdcede1d368a5fd72d,sha256,unknown-artifact,medium,30,active,2026-09-14,2026-09-14,1,,,,
1e96da0fc36e8ac78058b39056dd64ca1f9276216a20456d2f8f399303c23a3b,sha256,unknown-artifact,medium,30,active,2026-10-03,2026-10-03,1,,,,
1ec8af7e8e856f390e540d484a0515b715e0713a74b0ffe785d07a9d0a46fc0e,sha256,unknown-artifact,medium,30,active,2026-09-29,2026-09-29,1,,,,
1ecc3fdf5f9b30b2ed71f49df036243267f2bb56d9728aaa5e4ce05b1e405c66,sha256,unknown-artifact,medium,30,active,2026-10-03,2026-10-03,1,,,,
1ecfa39445ea8ac3379716bfb2726dcaf7efce9cd06dccacda253b81f79d8c7a,sha256,unknown-artifact,medium,30,active,2026-09-15,2026-09-15,1,,,,
1ee9f91af438afcc3696887c40d1d7948ebd0e99c6f98938e8740f82962b2633,sha256,unknown-artifact,medium,30,active,2026-09-15,2026-09-15,1,,,,
1f201ba5547c3934f59bbf6120aae6dd80f3c9fc3c94b6bafb9df5253c6d853d,sha256,unknown-artifact,medium,30,active,2026-10-04,2026-10-04,1,,,,
1f2e16d3fdb6524f1ab7c908530310486cc7ab423b2ba661bc5c3f6025625c20,sha256,unknown-artifact,medium,30,active,2026-10-07,2026-10-07,1,,,,
1f3b1d66dda9a1d0eb6e3d487ada144041fac61ea3e63ce18996553c265050e8,sha256,unknown-artifact,medium,30,active,2026-10-04,2026-10-04,1,,,,
1f4b4dfd77ffed7b11fac1ecf64657848818a3fb2f520525cfb3e0daf478a99f,sha256,unknown-artifact,medium,30,active,2026-10-04,2026-10-04,1,,,,
1f53b2aab967788ee9da963058df5b705f3df0860b84ccf77ebdd3ed274350ab,sha256,unknown-artifact,medium,30,active,2026-10-03,2026-10-03,1,,,,
1f5c2a20f912194c1d9c7c93319822826e22ea3344870cd486fc31abf96f8f77,sha256,unknown-artifact,medium,30,active,2026-10-09,2026-10-09,1,,,,
1f6b1e8ff9e7070850c73ed4240006ec52db09a054d321284f3f9f24d66125f9,sha256,unknown-artifact,medium,30,active,2026-09-15,2026-09-15,1,,,,
1f6d8e34256e55a57ee566b22e0c8a9b1d7d48a272ba6c11f43cf54dbe351356,sha256,unknown-artifact,medium,30,active,2026-10-09,2026-10-09,1,,,,
1f773338794035d8d4579d711f9aef3f2546beffcd4822ff4772382a128bbe26,sha256,unknown-artifact,medium,30,active,2026-09-25,2026-09-25,1,,,,
1f8d9515d53ae934c9bcd3757bbefde9ef0ceb3e5cccee48eb7c61881b4c3c2d,sha256,unknown-artifact,medium,30,active,2026-09-16,2026-09-16,1,,,,
1f8dd2d18ac98b585599a481b47edaa94810a6c5ed18306a18e304a2748ef31f,sha256,unknown-artifact,medium,30,active,2026-10-06,2026-10-06,1,,,,
1fa29985befabc26454c975082da12b11b388d18d6a69eca08872015880d4ef8,sha256,unknown-artifact,medium,30,active,2026-10-04,2026-10-04,1,,,,
1fb3a65ef02af941f81eed1c01a39c4d8e8b3482fc6fe2b48fbe9368f77d50fb,sha256,unknown-artifact,medium,30,active,2026-09-27,2026-09-27,1,,,,
1fb7a19c566b9ac50b62016500d7e659b65fe46ea823e46ff24dc5d40d671c6b,sha256,unknown-artifact,medium,30,active,2026-09-27,2026-09-27,1,,,,
1fbaec07df2506da176a4d7397394a6dc64862db92050e93ce65a16ce749bf34,sha256,unknown-artifact,medium,30,active,2026-10-09,2026-10-09,1,,,,
1fc917c7ad66487470e466c0ad40ddd45b9f7730a4b43e1b2542627f0596bbdc,sha256,unknown-artifact,medium,30,active,2026-10-04,2026-10-04,1,,,,
1fd3adcf04d1c3c77cbbbd79f59f86cc9dcc61cc85dfb18e5048164d622f7211,sha256,unknown-artifact,medium,30,active,2026-09-30,2026-09-30,1,,,,
1fd854507c755654e277a51cff584e07bb8b0a13145c9d0f27c10a6f521f2de0,sha256,unknown-artifact,medium,30,active,2026-10-03,2026-10-03,1,,,,
1fdf23fe191633b89147bbea8c81e67bb9a6b45ec6470b4281734c32023cfc29,sha256,unknown-artifact,medium,30,active,2026-10-04,2026-10-04,1,,,,
1fe9c1e257309aa4c17f39b81d56312a16bff2f4ed86e7fc91a941e966ba3b61,sha256,unknown-artifact,medium,30,active,2026-10-06,2026-10-06,1,,,,
1fee548a7c65915b6f3da93c8b9eb50e6760f82a83a089a2d84420cac0712667,sha256,unknown-artifact,medium,30,active,2026-09-25,2026-09-25,1,,,,
1fef94ae67f420952a9cb0f024e218b20a7bbe0b89e34446a248b019af72e5b3,sha256,unknown-artifact,medium,30,active,2026-09-25,2026-09-25,1,,,,
1ffd8588534e9955a58b416c4fa9227217ee5cfc42af9a3be5554e12c52d00a1,sha256,unknown-artifact,medium,30,active,2026-10-03,2026-10-03,1,,,,
20.102.109.163,ip,http-scan,low,30,expired,2026-09-14,2026-09-14,1,8075,"MICROSOFT-CORP-MSN-AS-BLOCK - Microsoft Corporation, US",US,
20.102.41.156,ip,http-scan,low,30,stale,2026-09-27,2026-09-27,1,8075,"MICROSOFT-CORP-MSN-AS-BLOCK - Microsoft Corporation, US",US,
20.106.18.245,ip,http-scan,low,30,stale,2026-09-28,2026-09-28,1,8075,"MICROSOFT-CORP-MSN-AS-BLOCK - Microsoft Corporation, US",US,
20.115.91.172,ip,http-scan,low,30,expired,2026-09-25,2026-09-25,1,8075,"MICROSOFT-CORP-MSN-AS-BLOCK - Microsoft Corporation, US",US,
20.118.204.184,ip,http-scan,low,30,active,2026-10-09,2026-10-09,1,8075,"MICROSOFT-CORP-MSN-AS-BLOCK - Microsoft Corporation, US",US,
20.118.218.153,ip,http-scan,low,30,expired,2026-09-14,2026-09-14,1,8075,"MICROSOFT-CORP-MSN-AS-BLOCK - Microsoft Corporation, US",US,
20.118.25.54,ip,http-scan,low,30,expired,2026-09-15,2026-09-15,1,8075,"MICROSOFT-CORP-MSN-AS-BLOCK - Microsoft Corporation, US",US,
20.12.242.123,ip,http-scan,low,30,stale,2026-10-03,2026-10-03,1,8075,"MICROSOFT-CORP-MSN-AS-BLOCK - Microsoft Corporation, US",US,
20.12.243.17,ip,http-scan,low,30,active,2026-10-09,2026-10-09,1,8075,"MICROSOFT-CORP-MSN-AS-BLOCK - Microsoft Corporation, US",US,
20.121.113.85,ip,http-scan,low,30,stale,2026-10-01,2026-10-01,1,8075,"MICROSOFT-CORP-MSN-AS-BLOCK - Microsoft Corporation, US",US,
20.127.149.23,ip,http-scan,low,30,active,2026-10-07,2026-10-07,1,8075,"MICROSOFT-CORP-MSN-AS-BLOCK - Microsoft Corporation, US",US,
20.14.88.130,ip,http-scan,low,30,stale,2026-09-30,2026-09-30,1,8075,"MICROSOFT-CORP-MSN-AS-BLOCK - Microsoft Corporation, US",US,
20.14.94.84,ip,http-scan,low,30,stale,2026-09-27,2026-09-27,1,8075,"MICROSOFT-CORP-MSN-AS-BLOCK - Microsoft Corporation, US",US,
20.15.203.62,ip,http-scan,low,30,expired,2026-09-14,2026-09-14,1,8075,"MICROSOFT-CORP-MSN-AS-BLOCK - Microsoft Corporation, US",US,
20.150.193.92,ip,http-scan,low,30,stale,2026-09-30,2026-09-30,1,8075,"MICROSOFT-CORP-MSN-AS-BLOCK - Microsoft Corporation, US",US,
20.163.11.72,ip,http-scan,low,30,expired,2026-09-26,2026-09-26,1,8075,"MICROSOFT-CORP-MSN-AS-BLOCK - Microsoft Corporation, US",US,
20.168.113.214,ip,http-scan,low,30,active,2026-10-08,2026-10-08,1,8075,"MICROSOFT-CORP-MSN-AS-BLOCK - Microsoft Corporation, US",US,
20.168.9.253,ip,http-scan,low,30,stale,2026-10-03,2026-10-03,1,8075,"MICROSOFT-CORP-MSN-AS-BLOCK - Microsoft Corporation, US",US,
20.169.57.234,ip,http-scan,low,30,expired,2026-09-23,2026-09-23,1,8075,"MICROSOFT-CORP-MSN-AS-BLOCK - Microsoft Corporation, US",US,
20.184.169.0,ip,ssh-probe,low,20,stale,2026-10-07,2026-10-07,1,8075,"MICROSOFT-CORP-MSN-AS-BLOCK - Microsoft Corporation, US",US,
20.245.14.69,ip,ssh-probe,low,20,expired,2026-09-27,2026-09-27,1,8075,"MICROSOFT-CORP-MSN-AS-BLOCK - Microsoft Corporation, US",US,
20.29.18.131,ip,http-scan,low,30,stale,2026-09-28,2026-09-28,1,8075,"MICROSOFT-CORP-MSN-AS-BLOCK - Microsoft Corporation, US",US,
20.46.226.34,ip,http-scan,low,30,active,2026-10-07,2026-10-07,1,8075,"MICROSOFT-CORP-MSN-AS-BLOCK - Microsoft Corporation, US",US,
20.55.44.181,ip,http-scan,low,30,expired,2026-09-26,2026-09-26,1,8075,"MICROSOFT-CORP-MSN-AS-BLOCK - Microsoft Corporation, US",US,
20.55.92.115,ip,http-scan,low,30,active,2026-10-09,2026-10-09,1,8075,"MICROSOFT-CORP-MSN-AS-BLOCK - Microsoft Corporation, US",US,
20.64.96.43,ip,http-scan,low,30,active,2026-10-06,2026-10-06,1,8075,"MICROSOFT-CORP-MSN-AS-BLOCK - Microsoft Corporation, US",US,
20.65.145.206,ip,http-scan,low,30,stale,2026-10-01,2026-10-01,1,8075,"MICROSOFT-CORP-MSN-AS-BLOCK - Microsoft Corporation, US",US,
20.65.169.105,ip,http-scan,low,30,active,2026-10-07,2026-10-07,1,8075,"MICROSOFT-CORP-MSN-AS-BLOCK - Microsoft Corporation, US",US,
20.65.169.130,ip,http-scan,low,30,active,2026-10-06,2026-10-06,1,8075,"MICROSOFT-CORP-MSN-AS-BLOCK - Microsoft Corporation, US",US,
20.65.202.18,ip,http-scan,low,30,expired,2026-09-25,2026-09-25,1,8075,"MICROSOFT-CORP-MSN-AS-BLOCK - Microsoft Corporation, US",US,
20.65.202.203,ip,http-scan,low,30,stale,2026-10-02,2026-10-02,1,8075,"MICROSOFT-CORP-MSN-AS-BLOCK - Microsoft Corporation, US",US,
20.66.19.103,ip,ssh-probe,low,20,expired,2026-09-26,2026-09-26,1,8075,"MICROSOFT-CORP-MSN-AS-BLOCK - Microsoft Corporation, US",US,
20.66.19.30,ip,ssh-probe,low,20,expired,2026-09-11,2026-09-11,1,8075,"MICROSOFT-CORP-MSN-AS-BLOCK - Microsoft Corporation, US",US,
20.80.75.59,ip,http-scan,low,30,expired,2026-09-16,2026-09-16,1,8075,"MICROSOFT-CORP-MSN-AS-BLOCK - Microsoft Corporation, US",US,
20.80.97.158,ip,http-scan,low,30,expired,2026-09-26,2026-09-26,1,8075,"MICROSOFT-CORP-MSN-AS-BLOCK - Microsoft Corporation, US",US,
20.83.164.132,ip,http-scan,low,30,expired,2026-09-24,2026-09-24,1,8075,"MICROSOFT-CORP-MSN-AS-BLOCK - Microsoft Corporation, US",US,
20.83.30.43,ip,http-scan,low,30,active,2026-10-04,2026-10-04,1,8075,"MICROSOFT-CORP-MSN-AS-BLOCK - Microsoft Corporation, US",US,
20.83.45.172,ip,http-scan,low,30,expired,2026-09-14,2026-09-14,1,8075,"MICROSOFT-CORP-MSN-AS-BLOCK - Microsoft Corporation, US",US,
20.84.124.149,ip,http-scan,low,30,expired,2026-09-15,2026-09-15,1,8075,"MICROSOFT-CORP-MSN-AS-BLOCK - Microsoft Corporation, US",US,
20.89.88.34,ip,http-scan,low,30,stale,2026-10-01,2026-10-01,1,8075,"MICROSOFT-CORP-MSN-AS-BLOCK - Microsoft Corporation, US",US,
20.94.222.192,ip,http-scan,low,30,expired,2026-09-16,2026-09-16,1,8075,"MICROSOFT-CORP-MSN-AS-BLOCK - Microsoft Corporation, US",US,
2002fed978c1fd47192bdc833e4b6a30f046fb7ae35b8113596ac8ffdb6813ed,sha256,unknown-artifact,medium,30,active,2026-09-15,2026-09-15,1,,,,
201.176.86.67,ip,ssh-probe,low,20,expired,2026-09-13,2026-09-13,1,22927,"AS22927 - Telefonica de Argentina, AR",AR,
201.79.0.176,ip,http-scan,low,30,expired,2026-09-24,2026-09-24,1,14061,"DIGITALOCEAN-ASN - DigitalOcean, LLC, US",US,
201.79.6.182,ip,http-scan,low,30,expired,2026-09-24,2026-09-24,1,14061,"DIGITALOCEAN-ASN - DigitalOcean, LLC, US",US,
202a9b2f2b7082db083aac8f3b33e3061e86b35f4704b2c7db37128d826d6597,sha256,unknown-artifact,medium,30,active,2026-10-10,2026-10-10,1,,,,
203556485c46897eca1164691f7c492a0180a66ececa1b2d40170caff0daf97b,sha256,unknown-artifact,medium,30,active,2026-09-15,2026-09-15,1,,,,
204.76.203.31,ip,http-scan,low,30,stale,2026-09-27,2026-09-27,1,51396,"PFCLOUD - Pfcloud UG (haftungsbeschrankt), DE",NL,
204.76.203.7,ip,http-scan,low,30,expired,2026-09-15,2026-09-15,1,51396,"PFCLOUD - Pfcloud UG (haftungsbeschrankt), DE",NL,
2042a7f22f9ea5f39e8919698f5241c14ab9c83351e1968b0141bd6c8f461798,sha256,unknown-artifact,medium,30,active,2026-09-30,2026-09-30,1,,,,
2045bed5dcaa7f8c798fddfdb038b96621425f8cca2e6079afc2ff5f5a1323a7,sha256,unknown-artifact,medium,30,active,2026-09-15,2026-09-15,1,,,,
205.210.31.10,ip,ssh-probe,low,20,expired,2026-09-10,2026-09-10,1,396982,"GOOGLE-CLOUD-PLATFORM - Google LLC, US",US,
205.210.31.102,ip,ssh-probe,low,20,expired,2026-09-26,2026-09-26,1,396982,"GOOGLE-CLOUD-PLATFORM - Google LLC, US",US,
205.210.31.111,ip,ssh-probe,low,20,active,2026-10-08,2026-10-08,1,396982,"GOOGLE-CLOUD-PLATFORM - Google LLC, US",US,
205.210.31.13,ip,ssh-probe,low,20,expired,2026-09-12,2026-09-12,1,396982,"GOOGLE-CLOUD-PLATFORM - Google LLC, US",US,
205.210.31.133,ip,http-scan,low,30,active,2026-10-09,2026-10-09,1,396982,"GOOGLE-CLOUD-PLATFORM - Google LLC, US",US,
205.210.31.135,ip,http-scan,low,30,active,2026-10-09,2026-10-09,1,396982,"GOOGLE-CLOUD-PLATFORM - Google LLC, US",US,
205.210.31.137,ip,ssh-probe,low,20,active,2026-10-08,2026-10-08,1,396982,"GOOGLE-CLOUD-PLATFORM - Google LLC, US",US,
205.210.31.139,ip,http-scan,low,30,active,2026-10-06,2026-10-06,1,396982,"GOOGLE-CLOUD-PLATFORM - Google LLC, US",US,
205.210.31.140,ip,http-scan,low,30,stale,2026-10-01,2026-10-01,1,396982,"GOOGLE-CLOUD-PLATFORM - Google LLC, US",US,
205.210.31.141,ip,http-scan,low,30,expired,2026-09-23,2026-09-23,1,396982,"GOOGLE-CLOUD-PLATFORM - Google LLC, US",US,
205.210.31.153,ip,http-scan,low,30,expired,2026-09-22,2026-09-22,1,396982,"GOOGLE-CLOUD-PLATFORM - Google LLC, US",US,
205.210.31.156,ip,ssh-probe,low,20,expired,2026-09-14,2026-09-14,1,396982,"GOOGLE-CLOUD-PLATFORM - Google LLC, US",US,
205.210.31.19,ip,http-scan,low,30,active,2026-10-04,2026-10-04,1,396982,"GOOGLE-CLOUD-PLATFORM - Google LLC, US",US,
205.210.31.201,ip,http-scan,low,30,stale,2026-09-29,2026-09-29,1,396982,"GOOGLE-CLOUD-PLATFORM - Google LLC, US",US,
205.210.31.205,ip,ssh-probe,low,20,expired,2026-09-13,2026-09-13,1,396982,"GOOGLE-CLOUD-PLATFORM - Google LLC, US",US,
205.210.31.207,ip,http-scan,low,30,active,2026-10-09,2026-10-09,1,396982,"GOOGLE-CLOUD-PLATFORM - Google LLC, US",US,
205.210.31.219,ip,http-scan,low,30,active,2026-10-04,2026-10-04,1,396982,"GOOGLE-CLOUD-PLATFORM - Google LLC, US",US,
205.210.31.22,ip,http-scan,low,30,expired,2026-09-23,2026-09-23,1,396982,"GOOGLE-CLOUD-PLATFORM - Google LLC, US",US,
205.210.31.226,ip,ssh-probe,low,20,expired,2026-09-12,2026-09-12,1,396982,"GOOGLE-CLOUD-PLATFORM - Google LLC, US",US,
205.210.31.254,ip,http-scan,low,30,expired,2026-09-16,2026-09-16,1,396982,"GOOGLE-CLOUD-PLATFORM - Google LLC, US",US,
205.210.31.255,ip,http-scan,low,30,active,2026-10-07,2026-10-07,1,396982,"GOOGLE-CLOUD-PLATFORM - Google LLC, US",US,
205.210.31.26,ip,ssh-probe,low,20,expired,2026-09-11,2026-09-11,1,396982,"GOOGLE-CLOUD-PLATFORM - Google LLC, US",US,
205.210.31.42,ip,http-scan,low,30,expired,2026-09-24,2026-09-24,1,396982,"GOOGLE-CLOUD-PLATFORM - Google LLC, US",US,
205.210.31.64,ip,http-scan,low,30,active,2026-10-08,2026-10-08,1,396982,"GOOGLE-CLOUD-PLATFORM - Google LLC, US",US,
205.210.31.72,ip,http-scan,low,30,expired,2026-09-22,2026-09-22,1,396982,"GOOGLE-CLOUD-PLATFORM - Google LLC, US",US,
205.210.31.84,ip,ssh-probe,low,20,active,2026-10-10,2026-10-10,1,396982,"GOOGLE-CLOUD-PLATFORM - Google LLC, US",US,
205.210.31.88,ip,ssh-probe,low,20,expired,2026-09-10,2026-09-10,1,396982,"GOOGLE-CLOUD-PLATFORM - Google LLC, US",US,
205.210.31.93,ip,http-scan,low,30,stale,2026-09-29,2026-09-29,1,396982,"GOOGLE-CLOUD-PLATFORM - Google LLC, US",US,
205.210.31.99,ip,http-scan,low,30,stale,2026-09-29,2026-09-29,1,396982,"GOOGLE-CLOUD-PLATFORM - Google LLC, US",US,
206.189.22.240,ip,http-scan,low,30,stale,2026-09-28,2026-09-28,1,14061,"DIGITALOCEAN-ASN - DigitalOcean, LLC, US",US,
206.209.210.3,ip,http-scan,low,30,stale,2026-10-02,2026-10-02,1,215674,"BROOKPLUS-LIMITED - Brookplus Limited, GB",GB,
206.81.29.133,ip,http-scan,low,30,stale,2026-09-29,2026-09-29,1,14061,"DIGITALOCEAN-ASN - DigitalOcean, LLC, US",US,
207.154.245.249,ip,http-scan,low,30,stale,2026-09-29,2026-09-29,1,14061,"DIGITALOCEAN-ASN - DigitalOcean, LLC, US",US,
207.175.181.211,ip,http-scan,low,30,expired,2026-09-14,2026-09-14,1,396982,"GOOGLE-CLOUD-PLATFORM - Google LLC, US",US,
207.175.209.59,ip,http-scan,low,30,active,2026-10-06,2026-10-06,1,396982,"GOOGLE-CLOUD-PLATFORM - Google LLC, US",US,
207.175.4.222,ip,http-scan,low,30,active,2026-10-04,2026-10-04,1,396982,"GOOGLE-CLOUD-PLATFORM - Google LLC, US",US,
207b3027b458efb08912ace1b6e3ae2f1a46a7d17e8247615aa237f0ce59f904,sha256,unknown-artifact,medium,30,active,2026-09-29,2026-09-29,1,,,,
208.98.38.173,ip,http-scan,low,30,active,2026-10-08,2026-10-08,1,46844,"SHARKTECH - Sharktech, US",US,
208.98.38.234,ip,http-scan,low,30,active,2026-10-08,2026-10-08,1,46844,"SHARKTECH - Sharktech, US",US,
208699c23e9be140af6992f6bca6e114da7ca6d982010c51aa77293010db7de9,sha256,unknown-artifact,medium,30,active,2026-10-10,2026-10-10,1,,,,
209.38.153.160,ip,http-scan,low,30,stale,2026-09-30,2026-09-30,1,14061,"DIGITALOCEAN-ASN - DigitalOcean, LLC, US",US,
209.38.165.60,ip,http-scan,low,30,expired,2026-09-22,2026-09-22,1,14061,"DIGITALOCEAN-ASN - DigitalOcean, LLC, US",US,
209.38.206.89,ip,ssh-probe,low,20,expired,2026-09-27,2026-09-27,1,14061,"DIGITALOCEAN-ASN - DigitalOcean, LLC, US",US,
209.38.215.115,ip,http-scan,low,30,stale,2026-09-29,2026-09-29,1,14061,"DIGITALOCEAN-ASN - DigitalOcean, LLC, US",US,
209.38.244.51,ip,ssh-probe,low,20,expired,2026-09-12,2026-09-12,1,14061,"DIGITALOCEAN-ASN - DigitalOcean, LLC, US",US,
209.50.164.70,ip,http-scan,low,30,stale,2026-10-01,2026-10-01,1,200373,"Drei-K-Tech-GmbH - 3xK Tech GmbH, DE",DE,
209.50.166.57,ip,http-scan,low,30,stale,2026-10-01,2026-10-01,1,200373,"Drei-K-Tech-GmbH - 3xK Tech GmbH, DE",DE,
209.99.185.60,ip,http-scan,low,30,active,2026-10-08,2026-10-08,1,402253,"SKN-NETWORK-1 - SKN Subnet & Telecom Ltd, KN",KN,
209.99.190.174,ip,ssh-probe,low,20,expired,2026-09-12,2026-09-12,1,402253,"SKN-NETWORK-1 - SKN Subnet & Telecom Ltd, KN",KN,
20a93c9cceaef193583ab1cb4f28dca15bd6b678a0c177f21a881135e498cf9e,sha256,unknown-artifact,medium,30,active,2026-09-28,2026-09-28,1,,,,
20a955a75a951e54204d0d66d75f3899b96db3b0a98f608a0d91735a61b3b194,sha256,unknown-artifact,medium,30,active,2026-09-27,2026-09-27,1,,,,
20b03ddcdb10ef24ead9231641c5e06212a5f5ce46a280befa184f50f4d639be,sha256,unknown-artifact,medium,30,active,2026-09-16,2026-09-16,1,,,,
20b6815ef2e2349a3ff84c6f15ca3c76d99e4d42a377a966b822f3c2e610d184,sha256,unknown-artifact,medium,30,active,2026-10-04,2026-10-04,1,,,,
20ba9c9de02b6355650664d658e2d56ba83b9f36123cf7e7407e6a992c938eeb,sha256,unknown-artifact,medium,30,active,2026-09-15,2026-09-15,1,,,,
20c303c4ed02e4d5d0e0d861ee58f7366d86b103f311b1df1f63fcf399347338,sha256,unknown-artifact,medium,30,active,2026-10-09,2026-10-09,1,,,,
20c41964bdd00dc4a996336fde4e7163291f44b56ddffb0c54f278bb500f8606,sha256,unknown-artifact,medium,30,active,2026-09-15,2026-09-15,1,,,,
20d1cfade1816c8e95592173a6538f0226cc8bb8479b179cf23fe7a9265f41ad,sha256,unknown-artifact,medium,30,active,2026-09-25,2026-09-25,1,,,,
20d75b0c6226aaf5c120867d86bb6d096d94942067e204fcd465824b90dcf885,sha256,unknown-artifact,medium,30,active,2026-10-03,2026-10-03,1,,,,
20fb419360f0af5a7bce6af969b9d42b58cfc2ba005732ce9f0e30c63570bb0d,sha256,unknown-artifact,medium,30,active,2026-09-24,2026-09-24,1,,,,
21049d48e8d859d5a06aa0897004be2d953247c4717d9c550a2c4639c1954223,sha256,unknown-artifact,medium,30,active,2026-09-30,2026-09-30,1,,,,
212.12.150.68,ip,ssh-probe,low,20,expired,2026-09-13,2026-09-13,1,15924,"BORUSANTELEKOM-AS - Vodafone Net Iletisim Hizmetler AS, TR",TR,
212.178.19.204,ip,ssh-probe,low,20,active,2026-10-08,2026-10-08,1,6876,"TENET-AS - TENET Scientific Production Enterprise LLC, UA",UA,
213.136.93.169,ip,http-scan,low,30,expired,2026-09-23,2026-09-23,1,51167,"CONTABO - Contabo GmbH, DE",DE,
213.209.159.9,ip,http-scan,low,30,stale,2026-10-01,2026-10-01,1,208137,"FPS12 - Feo Prest SRL, RO",DE,
213.226.72.150,ip,ssh-probe,low,20,expired,2026-09-13,2026-09-13,1,41114,"ORNETHD - Orne THD SPL, FR",FR,
21456eed2e38d99cd3b3d2cf1b1f785a979050c7529e4714fafdda33aa2beb2f,sha256,unknown-artifact,medium,30,active,2026-09-15,2026-09-15,1,,,,
214645605cd2d77a724c6d80d35e8366fca083821ab3d1988b4d65298ac73c7e,sha256,unknown-artifact,medium,30,active,2026-09-15,2026-09-15,1,,,,
214b492fe1ae2db935dd3146aa223021dfe69dda5038d6fe23b0ec0b4a82e41d,sha256,unknown-artifact,medium,30,active,2026-10-08,2026-10-08,1,,,,
215e2a3e58e524424da3b53af189eafbb13f1b2d20e9451642c665af0b8a2406,sha256,unknown-artifact,medium,30,active,2026-10-10,2026-10-10,1,,,,
216.105.130.131,ip,http-scan,low,30,stale,2026-09-30,2026-09-30,1,20081,"NET2ATLANTA - NET2ATLANTA.COM LLC, US",US,
216.180.246.173,ip,http-scan,low,30,stale,2026-09-30,2026-09-30,1,396982,"GOOGLE-CLOUD-PLATFORM - Google LLC, US",US,
216.180.246.238,ip,http-scan,low,30,stale,2026-10-03,2026-10-03,1,396982,"GOOGLE-CLOUD-PLATFORM - Google LLC, US",US,
216.218.206.66,ip,ssh-probe,low,20,expired,2026-09-13,2026-09-13,1,6939,"HURRICANE - Hurricane Electric LLC, US",US,
216.218.206.69,ip,http-scan,low,30,active,2026-10-04,2026-10-04,1,6939,"HURRICANE - Hurricane Electric LLC, US",US,
219.94.242.178,ip,ssh-probe,low,20,expired,2026-09-14,2026-09-14,1,9371,"SAKURA-C - SAKURA Internet Inc., JP",JP,
2192d2f5f9dd86234bafc637e79ce9b977ce03c1a06d155e33e9e65125848e2e,sha256,unknown-artifact,medium,30,active,2026-10-04,2026-10-04,1,,,,
21953980bf37e9ecd3ef2f1556803ef7050e909bc68331448b86833008f4a6ec,sha256,unknown-artifact,medium,30,active,2026-09-15,2026-09-15,1,,,,
21a6ee8c931e268c2fb474fdd86e4ac795246f5000265c3117dac0320906e99c,sha256,unknown-artifact,medium,30,active,2026-10-04,2026-10-04,1,,,,
21a82eb3d5a306a9f2efc0639bd3b9b10cceb3787b1bb65229d9ed931d86af20,sha256,unknown-artifact,medium,30,active,2026-10-04,2026-10-04,1,,,,
21bc9c6eeae4a9ddc3b531fbbfb05a58f1e74c8e0bdefab44af360ac2977e1a1,sha256,unknown-artifact,medium,30,active,2026-09-15,2026-09-15,1,,,,
21be1903630f069893d2d0bed2ab7945c3fd838da02dd7516f1f4f89819af857,sha256,unknown-artifact,medium,30,active,2026-10-03,2026-10-03,1,,,,
21c7981d64d9184a60dcfe6d20ab7c67bc32c6317ba62603319feaf10a9af7d7,sha256,unknown-artifact,medium,30,active,2026-09-27,2026-09-27,1,,,,
21d300eb294ffe5435890db319945ba79735570adb385591a186e0251c7ba012,sha256,unknown-artifact,medium,30,active,2026-09-28,2026-09-28,1,,,,
21deb18e7a9d1024395bc39c8e85973fea5d4710db7ad19417e119e87f2718c2,sha256,unknown-artifact,medium,30,active,2026-10-04,2026-10-04,1,,,,
21faab465c26ad2c0bd3e8fbf7840228b200c0e0665e687c43a985ff2a3ead4b,sha256,unknown-artifact,medium,30,active,2026-09-27,2026-09-27,1,,,,
21fc89b9d24772cda0f3c5ebd2ef612c6f3fc3d0b51907d9abff878e4cf08441,sha256,unknown-artifact,medium,30,active,2026-09-25,2026-09-25,1,,,,
220.202.112.52,ip,http-scan,low,30,stale,2026-10-01,2026-10-01,1,4837,"CHINA169-Backbone - CHINA UNICOM China169 Backbone, CN",CN,
220bb6d582bde3777ceaafb0f41799ceacb2ed2282004f74931a630a6ca96cdb,sha256,unknown-artifact,medium,30,active,2026-09-26,2026-09-26,1,,,,
221.15.132.37,ip,http-scan,low,30,stale,2026-09-28,2026-09-28,1,4837,"CHINA169-Backbone - CHINA UNICOM China169 Backbone, CN",CN,
221.167.192.81,ip,http-scan,low,30,stale,2026-09-28,2026-09-28,1,4766,"KIXS-AS-KR-KR - Korea Telecom, KR",KR,
221.198.83.69,ip,ssh-probe,low,20,expired,2026-09-26,2026-09-26,1,4837,"CHINA169-Backbone - CHINA UNICOM China169 Backbone, CN",CN,
222b4b597926983e2ab46c7e8fbfe2080eeaf00eef6c781d8206a7fe055b4434,sha256,unknown-artifact,medium,30,active,2026-09-26,2026-09-26,1,,,,
222bc9cfb97958774b3434fa448895025863433611c06a8106628767b5a33de3,sha256,unknown-artifact,medium,30,active,2026-09-15,2026-09-15,1,,,,
222c495fb898bf1535703ca747040e4fb49f211c126bf594ee9a5798d1a25ef5,sha256,unknown-artifact,medium,30,active,2026-09-25,2026-09-25,1,,,,
223.167.206.15,ip,ssh-probe,low,20,expired,2026-09-27,2026-09-27,1,17621,"CNCGROUP-SH - China Unicom Shanghai network, CN",CN,
22404c780906efca4916f1a6697e8ff9718af3c9a6f4745b676d9adcb06b2f65,sha256,unknown-artifact,medium,30,active,2026-09-15,2026-09-15,1,,,,
224a96d91136c022571790e0d9e114887c078ea1d63f600e94632f9e0f4ef98d,sha256,unknown-artifact,medium,30,active,2026-09-23,2026-09-23,1,,,,
22698e75ce7451f19236ac1b4f63723a7907aef37be112f282d78f08658e804b,sha256,unknown-artifact,medium,30,active,2026-10-04,2026-10-04,1,,,,
2288aeac15d3d44d9baecf32cdec01fa430965bac266571f4f28c5425c6755b1,sha256,unknown-artifact,medium,30,active,2026-10-09,2026-10-09,1,,,,
229329cd017b32a3292917e293374996d67432fc0ec3a146e2096a898cfa82f3,sha256,unknown-artifact,medium,30,active,2026-09-15,2026-09-15,1,,,,
229be1e1fb18030221c4309354bc669c17e0ef2b7dc4d53873fff19648901227,sha256,unknown-artifact,medium,30,active,2026-09-15,2026-09-15,1,,,,
22a818fb01e16dc14c10f023e2a06d604acfc46ecb12f1968e7cf5138983e397,sha256,unknown-artifact,medium,30,active,2026-10-04,2026-10-04,1,,,,
22a8eccdb191ac3143bdde8fc7513c75cb7b2834c0eeaaca020888932f9d5597,sha256,unknown-artifact,medium,30,active,2026-09-15,2026-09-15,1,,,,
22b10ed1c4e41010b71222fb4ac8153b7b83d69ddde2c7cf1948d29018bbb924,sha256,unknown-artifact,medium,30,active,2026-10-10,2026-10-10,1,,,,
22b42d3d57cdb40074f04ce6b1909401e33ea173760a61320ba8f0d51a57ea7a,sha256,unknown-artifact,medium,30,active,2026-09-27,2026-09-27,1,,,,
22c08b92b93649249f325d32a287693cb3bd28a03c99093365b4a7476dc0f581,sha256,unknown-artifact,medium,30,active,2026-09-15,2026-09-15,1,,,,
22cb87f6f9858dfed417151f83cdd149c3e0d2a58f432485f4eda6b476ba7fb1,sha256,unknown-artifact,medium,30,active,2026-09-25,2026-09-25,1,,,,
22d66ffff4c1728c2d5067e248ac5905a15add5e9a08b55f6d1639d7eca8f204,sha256,unknown-artifact,medium,30,active,2026-09-28,2026-09-28,1,,,,
22dbe6b7b70a64966e31813e597db3e863492d341bee2fb05c0e8864773387af,sha256,unknown-artifact,medium,30,active,2026-09-30,2026-09-30,1,,,,
22fae40ec718e21c568e47d70ffeea1ed77cba673b918695b1bd962c20231887,sha256,unknown-artifact,medium,30,active,2026-10-09,2026-10-09,1,,,,
22fda3558737b6b935b2845c66499fa2fde699449018a4cbb134bcfe6c07705e,sha256,unknown-artifact,medium,30,active,2026-09-28,2026-09-28,1,,,,
2308ddf2b8edfde319446e20523c28e2d81450f09aefc1fbe049972ea86e7820,sha256,unknown-artifact,medium,30,active,2026-09-27,2026-09-27,1,,,,
23130c6fdcdc88089496e75e1703d6a9b736f8a76a9d56b161f1789e9058e98f,sha256,unknown-artifact,medium,30,active,2026-09-15,2026-09-15,1,,,,
231fa35d0f7434332f855ee724bb8a70b27912fb5eda7ee8b875a2c12a1a7fce,sha256,unknown-artifact,medium,30,active,2026-10-09,2026-10-09,1,,,,
2326a2a0dc7d4f03a04aca54c923cf4bded0c9b1233b02432c04a316bf6b3778,sha256,unknown-artifact,medium,30,active,2026-09-15,2026-09-15,1,,,,
232cd09ba68fed64e8c2eeb8f568405e02fbcac96dbd006e896b16ce6b546c2b,sha256,unknown-artifact,medium,30,active,2026-10-04,2026-10-04,1,,,,
2338340bcc52630578e5643fbd1c0186279cb67b8a56a30e707403398a2c3836,sha256,unknown-artifact,medium,30,active,2026-10-06,2026-10-06,1,,,,
237d8ce19780ef86cdafa96755aacd2d89251763e3e3f54dc8159611dc459319,sha256,unknown-artifact,medium,30,active,2026-09-15,2026-09-15,1,,,,
239a2a30c8ec11d066bcab6b8e5fa8858332c9ec758d3ac7a52d924c93aebf42,sha256,unknown-artifact,medium,30,active,2026-09-30,2026-09-30,1,,,,
23a311487a078e9f805123acfa960cd0d3e6948003b81faea105e403187b4b32,sha256,unknown-artifact,medium,30,active,2026-09-15,2026-09-15,1,,,,
23bd5ed18b80dc17f1ea55dfbf0b74791fca239ca2666ddcbaf89871edd2e738,sha256,unknown-artifact,medium,30,active,2026-10-07,2026-10-07,1,,,,
23c51d4be6bb4ae85f8fd6e239bffbbf9c119ad5d21415b5389ac4d1d0387829,sha256,unknown-artifact,medium,30,active,2026-10-06,2026-10-06,1,,,,
23ff05f4cd7791f221edb92dfe22aeea8548a97d32269d33179e5a45b9f54519,sha256,unknown-artifact,medium,30,active,2026-09-15,2026-09-15,1,,,,
24.175.234.167,ip,ssh-probe,low,20,expired,2026-09-14,2026-09-14,1,11427,"TWC-11427-TEXAS - Charter Communications Inc, US",US,
24.31.35.119,ip,ssh-probe,low,20,expired,2026-09-12,2026-09-12,1,11427,"TWC-11427-TEXAS - Charter Communications Inc, US",US,
2408d8291c4a303f9d478f82ac29af4412acf0bdb32499eb8766b8bfd12f2e37,sha256,unknown-artifact,medium,30,active,2026-10-04,2026-10-04,1,,,,
242e5d21c4e48249f738fa010a8f835b4f25d866cb038d4cb6bc1c8f3690e133,sha256,unknown-artifact,medium,30,active,2026-10-04,2026-10-04,1,,,,
243069a53cc8b7c317d73695312480a823b4bb67139a313d468387743033a4f7,sha256,unknown-artifact,medium,30,active,2026-09-15,2026-09-15,1,,,,
243b0dc9b847e66c440dca985e10fe0ce9e29c379b018ddd5747ba8948f84cc8,sha256,unknown-artifact,medium,30,active,2026-09-22,2026-09-22,1,,,,
24487b85c29705f0e6704a056ecebf14134366f8cb0f504083788cf059486acb,sha256,unknown-artifact,medium,30,active,2026-09-29,2026-09-29,1,,,,
2473c3ce773064cdbf890b3dbd8d2145fa82acd0d9a5efc54451920151b2d733,sha256,unknown-artifact,medium,30,active,2026-09-25,2026-09-25,1,,,,
247bb1d9b994751fc70bcb08f58b59fee0b7326bd3e82c871f66022bc82ce991,sha256,unknown-artifact,medium,30,active,2026-09-26,2026-09-26,1,,,,
247c61d38f386e564be13006ad2146fcea57b48fecf44392e84663d6fb8634a2,sha256,unknown-artifact,medium,30,active,2026-10-03,2026-10-03,1,,,,
2489515ba948b62e1e747ed0fdbd7cf9bf6950233d2ae1fe05a807b442fe3171,sha256,unknown-artifact,medium,30,active,2026-09-26,2026-09-26,1,,,,
24dd05930612f27c330aa2baccdd98d7ef616bb8840dd1cbcbfa556f5b05ed93,sha256,unknown-artifact,medium,30,active,2026-09-25,2026-09-25,1,,,,
24ea175030e5295594074e25f9775fa9735b25404be8f4a96286086490ca68ee,sha256,unknown-artifact,medium,30,active,2026-10-04,2026-10-04,1,,,,
24ff2f25923d1e84f297c348aa1ac6fd49060beda19816a7ee7afbe80462043f,sha256,unknown-artifact,medium,30,active,2026-09-30,2026-09-30,1,,,,
252b65c9bcf09dd348e26f29c44dbb72672aa8b565f20214363ec81346336e91,sha256,unknown-artifact,medium,30,active,2026-09-27,2026-09-27,1,,,,
252fd6808e42dabe1f6dbaa6c103c7948b00e00c9f9c6775d15fca3d268f365b,sha256,unknown-artifact,medium,30,active,2026-09-15,2026-09-15,1,,,,
25365a6441c37fa9623a667e23371623a73eb4116fedcaea2786f9cf23142f63,sha256,unknown-artifact,medium,30,active,2026-09-15,2026-09-15,1,,,,
253670d4abec776018e82d7bb7b6f27034bd67f1cd7c598b80a571c2793e64c4,sha256,unknown-artifact,medium,30,active,2026-09-15,2026-09-15,1,,,,
254c0e6e4600e250eee1e11199ffe6dbd756c4a07c297d40f96f56b42d5038bd,sha256,unknown-artifact,medium,30,active,2026-09-27,2026-09-27,1,,,,
255fb73625dc06fe176098bb98fa361ad845a8f271dd390b48126685228ffc1c,sha256,unknown-artifact,medium,30,active,2026-09-15,2026-09-15,1,,,,
2584bfd1766deea3a261d46a0c30c71284922ce080cae60dff652f1a88f9f4ec,sha256,unknown-artifact,medium,30,active,2026-10-03,2026-10-03,1,,,,
25bc6f78b121a07272cc30e64fcac1bafac8b7fe6c72fdf8526caf15a4c6b7b9,sha256,unknown-artifact,medium,30,active,2026-09-30,2026-09-30,1,,,,
25d4f2a86deb5e2574bb3210b67bb24fcc4afb19f93a7b65a057daa874a9d18e,sha256,unknown-artifact,medium,30,active,2026-09-15,2026-09-15,1,,,,
25d6131b132eb150f49657854190ec15c767bad98d4be893935371479b2431d0,sha256,unknown-artifact,medium,30,active,2026-09-27,2026-09-27,1,,,,
25f0ff2ebe69c4863f80b79dafed7b0a1c3f705104bc83ba5e79a63a42cb2017,sha256,unknown-artifact,medium,30,active,2026-09-30,2026-09-30,1,,,,
26029ae13d50455aa82f7fdaf1cf26b94038ee276107dd8d812f4a411e507596,sha256,unknown-artifact,medium,30,active,2026-09-23,2026-09-23,1,,,,
2605a806927e03875e9643d8380411d85734bf757f89a63a8dc6101ec737fdcd,sha256,unknown-artifact,medium,30,active,2026-09-22,2026-09-22,1,,,,
2625bbf6c67294d0cbb3e22f88bf4eaab2a089ca7ad1b2f97fcaf82838ca34c2,sha256,unknown-artifact,medium,30,active,2026-09-26,2026-09-26,1,,,,
262a5c8733e7f896ca95130b2bb22df43b65cb28efd7c523a4daa6a84c074ea8,sha256,unknown-artifact,medium,30,active,2026-09-30,2026-09-30,1,,,,
2632e1642e26802d6f5b8cc7e71fa6dd39b64425ea76025911e33afa661cd84f,sha256,unknown-artifact,medium,30,active,2026-10-06,2026-10-06,1,,,,
263497539666d3a658fddc2e7abe7e128370b03f0f1766ead4740705704753d3,sha256,unknown-artifact,medium,30,active,2026-09-15,2026-09-15,1,,,,
2634c3097f98e36865f0c572009c4ffd73316bc8b88ccfe8d196af35f46e2394,sha256,unknown-artifact,medium,30,active,2026-09-15,2026-09-15,1,,,,
26726671c12383b029e3a4fb7d1ce76e19cf9eb5e41192d5a7fbd3ca5b77b010,sha256,unknown-artifact,medium,30,active,2026-09-22,2026-09-22,1,,,,
2672bb328a78a99959313ed6235f4e5a9e1c22246647f35fdf5bfa27d80086f9,sha256,unknown-artifact,medium,30,active,2026-09-15,2026-09-15,1,,,,
267da420142b5118ab7eebb2795810ac63c9d455068283a504ea458413abd14c,sha256,unknown-artifact,medium,30,active,2026-09-23,2026-09-23,1,,,,
26841a48b82bee68b6e0b2173cb64f5c4a9d2699774ca5ca37a8077f0a702883,sha256,unknown-artifact,medium,30,active,2026-09-28,2026-09-28,1,,,,
269d9b2d6ab8f6c92f08de18099b20d477e7fcd0cb825782fb1f819f4d7f1e03,sha256,unknown-artifact,medium,30,active,2026-09-15,2026-09-15,1,,,,
26a10575fbfd344933eb18ab2e9ea8373ee74daa674b0ae242ac6eb39bae4f2e,sha256,unknown-artifact,medium,30,active,2026-09-25,2026-09-25,1,,,,
26a1fd499ac0ae57a75b93bb9caa6c5b8e7a4422c95fb9745abb70b9c8cb8d08,sha256,unknown-artifact,medium,30,active,2026-10-06,2026-10-06,1,,,,
26b1dd02aee93bb3ceca631bc8b2085e9eb99fbac5a8317a1dc1e0156c8c71d2,sha256,unknown-artifact,medium,30,active,2026-10-04,2026-10-04,1,,,,
26b387e1aeffdda8a0dbe4da04f0c1fe86b76a330bd073aeea797915cdd52b48,sha256,unknown-artifact,medium,30,active,2026-09-15,2026-09-15,1,,,,
26b7d08b1991cc8c27df3fe4af4a3d7225f02e55a257918c0c69e9f26d3ff936,sha256,unknown-artifact,medium,30,active,2026-09-30,2026-09-30,1,,,,
26c5077c35aa954b3ef4635e5d14a369a165b5a46ab1081bd0a982f5c7fd46f3,sha256,unknown-artifact,medium,30,active,2026-10-06,2026-10-06,1,,,,
26d28cc36fd6882dea973d58bd63ee650649411d6c7be35d1379427bcd368eab,sha256,unknown-artifact,medium,30,active,2026-09-25,2026-09-25,1,,,,
26e3f3c346a29e2f71b4e5c82ad258a8e321422ab8ce282e7a537b297deb82ea,sha256,unknown-artifact,medium,30,active,2026-09-29,2026-09-29,1,,,,
26f5b525e03ab99cfcd08740316d1fad73160280e5b0893ff992b17c835cd486,sha256,unknown-artifact,medium,30,active,2026-10-03,2026-10-03,1,,,,
2716ca47a7320f0caa442d6ab3770d5b9ff1bce1da6b313e194f2b530538811e,sha256,unknown-artifact,medium,30,active,2026-09-27,2026-09-27,1,,,,
272a34df7aa8a867814c785351cc9693ff73e8f9a1e8942606e35996286ebdba,sha256,unknown-artifact,medium,30,active,2026-09-26,2026-09-26,1,,,,
27621e0e061d37d20a1d08aee63270c8c9d79efe5e54b918d96bec974d829721,sha256,unknown-artifact,medium,30,active,2026-09-15,2026-09-15,1,,,,
27625cc811586298ba99b7afe6dde61d414d2cb17375ecf2af84988b23dc5bbb,sha256,unknown-artifact,medium,30,active,2026-09-14,2026-09-14,1,,,,
27771aa788649af27beceaa0a3db7c4933496e9480f2765a6609b47e4ade817e,sha256,unknown-artifact,medium,30,active,2026-10-04,2026-10-04,1,,,,
277a2cb3b4398d536b930ca5e9b137604e924bf8c1e834b3789475ce690fc331,sha256,unknown-artifact,medium,30,active,2026-09-27,2026-09-27,1,,,,
277ae56cad2e0276e0db60561f44f01846c29ea7f770aa9807b0778201a5f7d8,sha256,unknown-artifact,medium,30,active,2026-09-15,2026-09-15,1,,,,
278d7578117925acb74f5537ac23beb24b93c3847e292baae743ef46afe59b0c,sha256,unknown-artifact,medium,30,active,2026-10-09,2026-10-09,1,,,,
27b8b684deb43cd83342988e83ed7899c0015adcfb1de24a10d695108540644a,sha256,unknown-artifact,medium,30,active,2026-09-16,2026-09-16,1,,,,
27e5ce9695313f2fd55335ec04d34062ec57c42b6fd014a38913170765e1df3f,sha256,unknown-artifact,medium,30,active,2026-10-04,2026-10-04,1,,,,
27e7c8c8dd02bd7fa8e2a6d33f14b3d8ff9e492f3e6ebcccc6ddb91b89c70393,sha256,unknown-artifact,medium,30,active,2026-09-29,2026-09-29,1,,,,
27e83cbd17f830c4de617b868da5b71e1c1e0d6544f2272fddef3c29119b1b46,sha256,unknown-artifact,medium,30,active,2026-09-22,2026-09-22,1,,,,
27ecf4a6835cb2fdf5207078d77fbe88e63c2e81c12a24c77b26c75f769ba242,sha256,unknown-artifact,medium,30,active,2026-10-04,2026-10-04,1,,,,
27fb02f04aeae2e17ef4de282b3caad68bb572e88dad834aec2c2a12ec38ebc4,sha256,unknown-artifact,medium,30,active,2026-09-22,2026-09-22,1,,,,
28044ff36d86cfdf300642bc3308c6bee999f3ed6266d22bd821a675efc2317b,sha256,unknown-artifact,medium,30,active,2026-09-15,2026-09-15,1,,,,
28047aa31847b271f958679a6f430b04bf496881ae0f9d0fd9f22069bf0fae48,sha256,unknown-artifact,medium,30,active,2026-10-09,2026-10-09,1,,,,
2807a2e71247b29d35d976b696ebbc5fcabc12a3a5c599e869c29bbf3126695f,sha256,unknown-artifact,medium,30,active,2026-09-30,2026-09-30,1,,,,
2808c7e296cf85bb254f23468189b992dd3a7396dfc643d23d32d9641be756e0,sha256,unknown-artifact,medium,30,active,2026-10-04,2026-10-04,1,,,,
280abbb9f4712378af6962a015f8a9ac79b38ebe522872bbd11a513b5932a021,sha256,unknown-artifact,medium,30,active,2026-10-03,2026-10-03,1,,,,
28136da68f7d715eb2161a912d6abfafc37ed53e398536409e956dc38e97cb27,sha256,unknown-artifact,medium,30,active,2026-09-25,2026-09-25,1,,,,
2818e65cf3329f5530759650dfb146c708576ea50edb89f506d5c045d19be439,sha256,unknown-artifact,medium,30,active,2026-10-09,2026-10-09,1,,,,
281e8bd100577f6146af744c310b513ee2df7aa0bca2db9389872525743a9e0e,sha256,unknown-artifact,medium,30,active,2026-09-15,2026-09-15,1,,,,
2838fcfabbf806e32aba657fdde99c5a24f41dd6bd6a69732a20ae532326ebe5,sha256,unknown-artifact,medium,30,active,2026-09-15,2026-09-15,1,,,,
2860e91867f46d269963cc462b97b32e819bfc6e087e0f690a65d4cad6651605,sha256,unknown-artifact,medium,30,active,2026-10-03,2026-10-03,1,,,,
28651f300e478f0e3a9ab3686764aa08221dd368e8bb2e2bad917aaba533b941,sha256,unknown-artifact,medium,30,active,2026-09-27,2026-09-27,1,,,,
286f9a56c9e031f87dc3168aa3e3682ac786f21ea4a00ce2fdc1297b94b4f6be,sha256,unknown-artifact,medium,30,active,2026-09-26,2026-09-26,1,,,,
287aba5dc04185e5e43594b89ec965226cb04e85bead47e2e24f356056bb488c,sha256,unknown-artifact,medium,30,active,2026-10-04,2026-10-04,1,,,,
288352a25cd25e1f22ce75f5be4c7962675876e6d8e12caeeee181b222ca22e7,sha256,unknown-artifact,medium,30,active,2026-09-16,2026-09-16,1,,,,
2883d4998e64a87ddb82b0784887fd1ec6fd24f730abe7059d9452902711f2eb,sha256,unknown-artifact,medium,30,active,2026-09-26,2026-09-26,1,,,,
2890b9cff5fe25893e0ee1ccddefb73debb621fd1ef6fb260d2645ca0f9c374e,sha256,unknown-artifact,medium,30,active,2026-09-15,2026-09-15,1,,,,
28957a7dfc7d8fce3b8d61737208653e1405f9aa9e1288131fcf93a87742b353,sha256,unknown-artifact,medium,30,active,2026-10-03,2026-10-03,1,,,,
28965dbbcda4bc927818336b2215f06f9b9741bfac3c836aaefb855de4c40b44,sha256,unknown-artifact,medium,30,active,2026-10-04,2026-10-04,1,,,,
289e40ff600eb8fef51604a80030d9cc6067d5559df9fc0050414a932761efb2,sha256,unknown-artifact,medium,30,active,2026-09-30,2026-09-30,1,,,,
28a5ac189eacc24d7a3ef7e4992c34aa3385c51820ac99405b6d19942aa2b957,sha256,unknown-artifact,medium,30,active,2026-10-10,2026-10-10,1,,,,
28adb8948bd09bc98db3ca49ace1f3ec48eb939b92899843460551e17d6ff064,sha256,unknown-artifact,medium,30,active,2026-09-30,2026-09-30,1,,,,
28d1321c10db0d82a6ef33e6f01da03da57ea26f8d581376f324ef6f9d694ddc,sha256,unknown-artifact,medium,30,active,2026-10-10,2026-10-10,1,,,,
28d54f7031a5c4e33287e746db51405b2754742c9a1239bf1f9452803ee7f0ca,sha256,unknown-artifact,medium,30,active,2026-09-30,2026-09-30,1,,,,
28d5f260d51bdedb950c4d2d9f42a3a6687729d3cf42446e162aa3f46650c438,sha256,unknown-artifact,medium,30,active,2026-09-23,2026-09-23,1,,,,
28da6de6c6e872f46094ad9849a482498fc6d987d502370b398e7a8f7327a9c4,sha256,unknown-artifact,medium,30,active,2026-09-25,2026-09-25,1,,,,
28e0c4d5bc6675537ba47c6529877a3194a29585fb86477f66bf13c79252d2f0,sha256,unknown-artifact,medium,30,active,2026-09-15,2026-09-15,1,,,,
28e4707c0fadfddd5f586d117edab14899b23116d5c1aec44d33921be6cdcea2,sha256,unknown-artifact,medium,30,active,2026-10-04,2026-10-04,1,,,,
28f6f9bba49058c480301c6cd70153365dc1d7ba3e991c2c31a2640a0503e412,sha256,unknown-artifact,medium,30,active,2026-10-04,2026-10-04,1,,,,
28f912a98b4e26802c50d38585b4bf2201d95804682c9c8116a31a25874ee55b,sha256,unknown-artifact,medium,30,active,2026-09-23,2026-09-23,1,,,,
290949e03fe3a7ed4459e3357b869fb229282b699fa788a51d6122d29ecae87c,sha256,unknown-artifact,medium,30,active,2026-09-15,2026-09-15,1,,,,
2911a72d3e60bc4cd8dda9624f90d10e44ec20be8edd5d7ba2e757647ec9f848,sha256,unknown-artifact,medium,30,active,2026-09-25,2026-09-25,1,,,,
291a7e3677fe540e22a632d705a3db6e967bfda9a187c567f21effc4c8e09d29,sha256,unknown-artifact,medium,30,active,2026-09-22,2026-09-22,1,,,,
2921ce9a30d480e65a074a249a50934db2a1c8e02f6fa98cd001abaa6eb2ac01,sha256,unknown-artifact,medium,30,active,2026-10-09,2026-10-09,1,,,,
29237d823fafe6f94e9975e0ad7a4fb88314284c46b0c2eff2dcaf1ca7cc1c98,sha256,unknown-artifact,medium,30,active,2026-09-22,2026-09-22,1,,,,
292fd1748e0fc6c4cdd9a0b071933b1876d73b424a76c991f5b89d48ce83467a,sha256,unknown-artifact,medium,30,active,2026-09-30,2026-09-30,1,,,,
29380370be65abf777235dff588c9524516332932d74d6367afc0d5a77cf1d48,sha256,unknown-artifact,medium,30,active,2026-09-24,2026-09-24,1,,,,
2939b3ca883306baf851cf2acea9e2b01e57692de83198e971bed85c32517edb,sha256,unknown-artifact,medium,30,active,2026-09-15,2026-09-15,1,,,,
293bc564bfbe06377721a33b0b7f0a2dd38ae4fd0975d26344a6eb201c6ad61b,sha256,unknown-artifact,medium,30,active,2026-10-04,2026-10-04,1,,,,
2942e72ebe7b326cf2bad0d536fc248c92db399ddfd97456433b1acc8f265dcf,sha256,unknown-artifact,medium,30,active,2026-10-09,2026-10-09,1,,,,
2943a4143134398c25b17bcd7fe7ff82c37cb8b4ddc58e6c6d388503c334c87b,sha256,unknown-artifact,medium,30,active,2026-10-04,2026-10-04,1,,,,
294c2b00530b84c7134cd8b3424814eac5a3bf5935065b92490d574dc45d58dd,sha256,unknown-artifact,medium,30,active,2026-09-16,2026-09-16,1,,,,
2953cd06dd12f66ce438a65102989e0a3532de715fa9c737518776d3b382fcd6,sha256,unknown-artifact,medium,30,active,2026-09-16,2026-09-16,1,,,,
296627edcf18984c9e9505ef782ef601b4d2f42194bc5c6c562ade368471410f,sha256,unknown-artifact,medium,30,active,2026-09-15,2026-09-15,1,,,,
296b520ab212c8a81f5b46047bd537e3a00fb7f298e824e85786e89555864ddd,sha256,unknown-artifact,medium,30,active,2026-10-07,2026-10-07,1,,,,
29773b137ef7cbb033345290fd1d17e7e0f2e7a0fea68832794f1053a888a37e,sha256,unknown-artifact,medium,30,active,2026-10-06,2026-10-06,1,,,,
2980244a107d9fb8527370a6bb186faa65ec9b5d617acdd0aa9312ec6db368a1,sha256,unknown-artifact,medium,30,active,2026-10-04,2026-10-04,1,,,,
298196c2f628001d15f8f0717078a737e1153f758d48b0857d3a027ea223231d,sha256,unknown-artifact,medium,30,active,2026-09-15,2026-09-15,1,,,,
2982be8d915dc3177b668555d4e0883e0d80802617299634739014e2d90a3652,sha256,unknown-artifact,medium,30,active,2026-09-25,2026-09-25,1,,,,
298c8acf7e5d5721d35918f83f625941d1fe4b0c3ed47ecf3fa2aff0775f0bab,sha256,unknown-artifact,medium,30,active,2026-10-09,2026-10-09,1,,,,
29a4cc2d6c1c2cb737fff38b63b6af4ca656e48aadc624a1df9f8a0e918ae42e,sha256,unknown-artifact,medium,30,active,2026-09-27,2026-09-27,1,,,,
29b5833584c01935d0436c2af908e624d3663e4494d5e4d09429fb3c8ed184c2,sha256,unknown-artifact,medium,30,active,2026-09-16,2026-09-16,1,,,,
29cb6a736732906d55c1dd39ab76aff72516743e0dbc4dd58f244cc09e0a48c4,sha256,unknown-artifact,medium,30,active,2026-09-15,2026-09-15,1,,,,
29e55e0e6fb78b26dd7089003ab57dc8152709a26c218bba6b7061bec773295f,sha256,unknown-artifact,medium,30,active,2026-09-16,2026-09-16,1,,,,
29e83b16a759dd31555fea2f2c3190341fe0f0fcdf4bd3ccaf83717e34c25105,sha256,unknown-artifact,medium,30,active,2026-09-27,2026-09-27,1,,,,
29efe2f7f4631007b5c0af123a7e565cd4f2defd20428b9e2a57718f1b998319,sha256,unknown-artifact,medium,30,active,2026-10-10,2026-10-10,1,,,,
2a021a1a1c49bb965083abfcb701e2845087f276e4e23ba83656cead25356efa,sha256,unknown-artifact,medium,30,active,2026-09-22,2026-09-22,1,,,,
2a033bcb37527147b0f06056a9467b1efd01b22633c8f67b0b13a62aced584d2,sha256,unknown-artifact,medium,30,active,2026-10-04,2026-10-04,1,,,,
2a0ebf759da90de17a87efbe79cc08c25f906f4cdf255d955abb01c30e856de3,sha256,unknown-artifact,medium,30,active,2026-09-26,2026-09-26,1,,,,
2a1e6340060892591a61e1901635c89e014d0334d4ff34d54af32a45cd3e4bbd,sha256,unknown-artifact,medium,30,active,2026-09-30,2026-09-30,1,,,,
2a2106ad4e55927b370cf0274a647b20435c821d4d02d1c31966c7c81f006f4a,sha256,unknown-artifact,medium,30,active,2026-09-30,2026-09-30,1,,,,
2a315cce0e22905bc8563bdc5eeac8495e9b338f320d472b4f87d3e394c3acfd,sha256,unknown-artifact,medium,30,active,2026-09-15,2026-09-15,1,,,,
2a37232728da7cd4df5090015b491dc6d826bd4821785d0a41ddc13394c9518d,sha256,unknown-artifact,medium,30,active,2026-10-04,2026-10-04,1,,,,
2a3a741f19149e5ebf9b337a5d96e290082b436a48ae4553124dc2bc0f637722,sha256,unknown-artifact,medium,30,active,2026-10-06,2026-10-06,1,,,,
2a4c7cc246469d35f148e7ea59c406514c40b38294ddad9c71ed6219a3a98771,sha256,unknown-artifact,medium,30,active,2026-09-27,2026-09-27,1,,,,
2a5338d11f8fdbd906020d353f0c8e2405e267fc668256cf7bca7f99f40afb28,sha256,unknown-artifact,medium,30,active,2026-10-04,2026-10-04,1,,,,
2a5639ba5eff14343c3c9c05425da24b6cdad4b9249a79166bf617e7d93156ec,sha256,unknown-artifact,medium,30,active,2026-09-15,2026-09-15,1,,,,
2a84676bd64f69764fb00e73f6c2db6bd21da6c469b484e531f7f288dc632569,sha256,unknown-artifact,medium,30,active,2026-10-07,2026-10-07,1,,,,
2a86bb391bb78cb15eb3e288c5d7a0c93e372af0321874d4eab2783891ff105c,sha256,unknown-artifact,medium,30,active,2026-09-16,2026-09-16,1,,,,
2a964f2b0a22eb8743aa1a4c997b7f721472b8ffad502988c27ed7c10d0999db,sha256,unknown-artifact,medium,30,active,2026-10-04,2026-10-04,1,,,,
2a96b81ff42e3a0c89502343f32d0f3791cc5de2cc466b40ef4849118303389d,sha256,unknown-artifact,medium,30,active,2026-09-30,2026-09-30,1,,,,
2a9e8101129a91c5b4203b4caf3097f4358daaae68243f92f35d043ca341e489,sha256,unknown-artifact,medium,30,active,2026-10-03,2026-10-03,1,,,,
2ab3fe48e0be235574537de757332090747cc0efab789600488bd65722f21486,sha256,unknown-artifact,medium,30,active,2026-09-15,2026-09-15,1,,,,
2ac1dadf2a903bd48925c5c5d1a12b739bfb15bbcee5bd8ae9dc83077cd9cb45,sha256,unknown-artifact,medium,30,active,2026-09-25,2026-09-25,1,,,,
2ac5fc4d62f6f6187e961cd17bec19c657ba8af7689409b9d006da77bb786a66,sha256,unknown-artifact,medium,30,active,2026-09-28,2026-09-28,1,,,,
2ae522bb97338760fc52f6da2fb90e3aaf9f613b97ab06319f259f32b81cf85c,sha256,unknown-artifact,medium,30,active,2026-09-30,2026-09-30,1,,,,
2ae5b18d6807077785eea99543454581a7edb744b4dfe9810e8390df6ee13b8a,sha256,unknown-artifact,medium,30,active,2026-10-04,2026-10-04,1,,,,
2af139ddf3f5ae1f0791f7e641a95554f84a327bdac99a6aebc98ad4a903447b,sha256,unknown-artifact,medium,30,active,2026-09-27,2026-09-27,1,,,,
2af27bbf30e31f57e48b106f3d6713fa5e88347ef66cc87ed14239aaacf0a111,sha256,unknown-artifact,medium,30,active,2026-10-04,2026-10-04,1,,,,
2af321afbbc637d55fef10cab1ba00713d7060b9c4afd51180be75c679449a9c,sha256,unknown-artifact,medium,30,active,2026-09-22,2026-09-22,1,,,,
2b17c3ab1ec46f50602f02474a810ca65bf84df1c3f03e3769d07ca23e25ed87,sha256,unknown-artifact,medium,30,active,2026-09-26,2026-09-26,1,,,,
2b328d18f51b4cb72a93cceb2c0b53a6e18e0e228c99331db8d974f452d8ee3f,sha256,unknown-artifact,medium,30,active,2026-09-16,2026-09-16,1,,,,
2b3c9b7369f21084d12821cbd91acf83c5aac52fb12f4c8ef9e537edfc24747d,sha256,unknown-artifact,medium,30,active,2026-10-04,2026-10-04,1,,,,
2b6b9b0a0425bdf86aedb0a11fe7564fd65b2f04ca768a6a121d888ce731f3ab,sha256,unknown-artifact,medium,30,active,2026-10-09,2026-10-09,1,,,,
2b8465c4f5a1d1998beb9ba46393f3e1b18fc7c9946a730df13ca2bf83369f8b,sha256,unknown-artifact,medium,30,active,2026-09-30,2026-09-30,1,,,,
2b92ddbc1461c65220b3a79539ff5ad303fc8330ca233b8bec84020e9277beda,sha256,unknown-artifact,medium,30,active,2026-09-24,2026-09-24,1,,,,
2b92ea252be0fbc26f70317cdaa7b6411ea634b50d55338cd8c495e4dbf25d1d,sha256,unknown-artifact,medium,30,active,2026-10-03,2026-10-03,1,,,,
2ba9f80129eab486e2c08a6d642630275ae564d5ba4bb81c811bce9a7fd7dfff,sha256,unknown-artifact,medium,30,active,2026-09-27,2026-09-27,1,,,,
2bb830f2e7d8b8673e37ed24fe85b3d386514d565e6d0003c6cbb009e569b682,sha256,unknown-artifact,medium,30,active,2026-10-07,2026-10-07,1,,,,
2bda4fd6cf2e8c3370b4c1ac2114ba8654797cefa4fce3a54301d1c4ddc9461a,sha256,unknown-artifact,medium,30,active,2026-10-10,2026-10-10,1,,,,
2bf3742e32bd619f9c9ca8f1c74214727f49fab4075bf2d4d06c7e7e5ced1938,sha256,unknown-artifact,medium,30,active,2026-10-03,2026-10-03,1,,,,
2c24adc5478213ac7e64cee06dc085f16b610b7881f3c2a3841f608bf62374e3,sha256,unknown-artifact,medium,30,active,2026-09-15,2026-09-15,1,,,,
2c3136fa9d9d53b68564473003ec064a0a351d9836505bbbff54ab3956db8d95,sha256,unknown-artifact,medium,30,active,2026-10-03,2026-10-03,1,,,,
2c419a6e331d69c2018f2865d4cfe03a233f163b2ed57ddd1a5705c4f3acdd74,sha256,unknown-artifact,medium,30,active,2026-10-04,2026-10-04,1,,,,
2c456591234f4d28f6c45944d7c2af1793b8be49b1b9bd8a517f19978852be64,sha256,unknown-artifact,medium,30,active,2026-09-25,2026-09-25,1,,,,
2c5fb950a3266325c42012d361fd001b61c12ece91ee5787793ecaecf0bf0f6c,sha256,unknown-artifact,medium,30,active,2026-09-30,2026-09-30,1,,,,
2c7c61a183687270b353f2d279fe3a79ff1c763be09de7ed7e29c52b1e623c67,sha256,unknown-artifact,medium,30,active,2026-09-15,2026-09-15,1,,,,
2c7d82647f721aabe686e6b50ddaf52cb6bedb34caf96e460565be80781c95db,sha256,unknown-artifact,medium,30,active,2026-09-30,2026-09-30,1,,,,
2c821967520d99548368f4d5088b84756c7306da07075d57fe04ac340f93e20d,sha256,unknown-artifact,medium,30,active,2026-09-16,2026-09-16,1,,,,
2c88212576f8839d1414ee492759bcd465c80c4b0e4f78433a3808c3585e698b,sha256,unknown-artifact,medium,30,active,2026-10-07,2026-10-07,1,,,,
2c9af3480bc67e751b82c283d157785969125ab18751c2788b606337f60cbbd8,sha256,unknown-artifact,medium,30,active,2026-09-15,2026-09-15,1,,,,
2ca59f67aec31cac68cfd3ad18ec8cb1eb4749613dad5a3686cf9a27fd578ea3,sha256,unknown-artifact,medium,30,active,2026-09-26,2026-09-26,1,,,,
2ca986bea2907b35958da53a26aa1208e7fb133c8ba61e647b95cc2a27f5fbc0,sha256,unknown-artifact,medium,30,active,2026-09-15,2026-09-15,1,,,,
2cace4d9084f17b633191fb741ca3358c1b5842bb20d7226cc287d1efc046061,sha256,unknown-artifact,medium,30,active,2026-10-09,2026-10-09,1,,,,
2cc30f1336c9fc21a2619d02c817c43a27a0d5a8f29f3329997574d88c1d3377,sha256,unknown-artifact,medium,30,active,2026-10-03,2026-10-03,1,,,,
2cc894d4945967315d3a9a05dfab2ab742c033af9fb9961dd3d790a8a86e213d,sha256,unknown-artifact,medium,30,active,2026-10-09,2026-10-09,1,,,,
2ce70506f91834c7de80ba2fee7b1e1ea3170b3b228290b44dab985af1868cca,sha256,unknown-artifact,medium,30,active,2026-09-15,2026-09-15,1,,,,
2cec4af8572ba6b74977cd5c47f25b8e03a28fcfd4e5216cb017c6bd40182d48,sha256,unknown-artifact,medium,30,active,2026-09-15,2026-09-15,1,,,,
2d12cf3ef0739821babbc496c10afb91c1ed32be33075609b3a5dd54bf996218,sha256,unknown-artifact,medium,30,active,2026-10-03,2026-10-03,1,,,,
2d1f41498ed6324f27c49cc217dc0c6cdedd29abe0d821e6a9bf46ea2352137b,sha256,unknown-artifact,medium,30,active,2026-09-15,2026-09-15,1,,,,
2d3f8ee9c85f3d6697825596b2b134e85e8f385bf94c4d93cef97e670da94061,sha256,unknown-artifact,medium,30,active,2026-09-15,2026-09-15,1,,,,
2d4a9005d09ea5f7ecfafb50d1a8e35eb433d2140efb703580ab1f71a7b761af,sha256,unknown-artifact,medium,30,active,2026-09-27,2026-09-27,1,,,,
2d4ced2b6c9cf07fb5d38933d43042c29d8dcc643823c80e3d113de99fc0e115,sha256,unknown-artifact,medium,30,active,2026-10-09,2026-10-09,1,,,,
2d52f704f63a87df94a2578def4bcc4dc245ebf1a4854a9bc8758f07cf9a2b20,sha256,unknown-artifact,medium,30,active,2026-09-27,2026-09-27,1,,,,
2d61189a6b7b05af2fc54bd20d42182fb97eb58c7b24c1d3834c78b4d176c13f,sha256,unknown-artifact,medium,30,active,2026-09-22,2026-09-22,1,,,,
2d7526db76f6da9e6ccfd7c0116fd7ee51ac007a5fccdf5bb2083e10d71c51ec,sha256,unknown-artifact,medium,30,active,2026-10-04,2026-10-04,1,,,,
2d775b0f0e7989228bf6fad03f3c5d44a4207a74244ee03e53643f5c997cc227,sha256,unknown-artifact,medium,30,active,2026-09-29,2026-09-29,1,,,,
2dace6d140a3f1c371ff244dfed1e7df73287e1053a1f5859ea85ad3c95a70f3,sha256,unknown-artifact,medium,30,active,2026-09-25,2026-09-25,1,,,,
2daedb4f5935eb5528957bed979f5ee856ccbd866e7ce4f768c7bb7164969804,sha256,unknown-artifact,medium,30,active,2026-09-27,2026-09-27,1,,,,
2dbcd871a0c0872bc4e70feed6bcd525151e03fc37d0e9e52d781df1d4449c46,sha256,unknown-artifact,medium,30,active,2026-09-30,2026-09-30,1,,,,
2dc34691bfcf47ccbd12b426d288ea388c5a6089c2af6d6ac53f9b9ae61d0ba1,sha256,unknown-artifact,medium,30,active,2026-09-26,2026-09-26,1,,,,
2dc37e683bf382d688a542b4d214f74c2ccac71a9d7e99f1aadb8d8eb4133e97,sha256,unknown-artifact,medium,30,active,2026-09-15,2026-09-15,1,,,,
2de91b02ab0407fe9ba2b3669edc171683b1ffe2a6a1fa1237112ad7b31bac04,sha256,unknown-artifact,medium,30,active,2026-10-04,2026-10-04,1,,,,
2def4c83925a3fd0fa98632cf58f2be35bb4b5cd078a0ca82f84d3288ff140ec,sha256,unknown-artifact,medium,30,active,2026-09-23,2026-09-23,1,,,,
2e09c59cc948e98109eefe8d40a264cf12337d42e46b045a261936120148014e,sha256,unknown-artifact,medium,30,active,2026-09-29,2026-09-29,1,,,,
2e0ca311d545729c5de5bdcbbf216820ba88d9c05dc9d40bc8530be4262677df,sha256,unknown-artifact,medium,30,active,2026-09-26,2026-09-26,1,,,,
2e4a55013911fda4fdd7e2a98309ff90ab7016610cd9b3ae83ec50bf51e5e7e4,sha256,unknown-artifact,medium,30,active,2026-09-15,2026-09-15,1,,,,
2e525caa1fe32ca78350d0427ec067054166ff7a20360efaa1a8d5806a4961bf,sha256,unknown-artifact,medium,30,active,2026-09-23,2026-09-23,1,,,,
2e57e48eb3bed27c63f2f8402ca10c5bdba2e47413ba98a289a1e39e9bc87f99,sha256,unknown-artifact,medium,30,active,2026-09-15,2026-09-15,1,,,,
2e5d830c3c8d7405cbbf5502c262b612e3470a6d5cdec66b3a7523d4e634f69b,sha256,unknown-artifact,medium,30,active,2026-09-15,2026-09-15,1,,,,
2e64b139ae45913f4e7747d7d6f66c0be9075e35aae7d49a9846180f088d978e,sha256,unknown-artifact,medium,30,active,2026-10-09,2026-10-09,1,,,,
2e67c6883dea51f66fecc2d83294d1e6c9df636e147d4291367de3f413ea15e9,sha256,unknown-artifact,medium,30,active,2026-10-09,2026-10-09,1,,,,
2e6c16dd60cb8d788b4d80fda3c35d7a1cd19bfa3219e4e0ef13d0914d395fed,sha256,unknown-artifact,medium,30,active,2026-09-25,2026-09-25,1,,,,
2e84a21b1fc4ef7115ab8fff9fcb986aad24e8dd86017fc3730e0fa34ea52b3a,sha256,unknown-artifact,medium,30,active,2026-09-26,2026-09-26,1,,,,
2e93bc5febf9c0c452e3b1e3720906b70e31cc7249f7c2235da1a38c7c0acc59,sha256,unknown-artifact,medium,30,active,2026-10-03,2026-10-03,1,,,,
2ebca8e4811620e8adcdf2747c823bed4f3b43dc922b9f3b018de38f776c6041,sha256,unknown-artifact,medium,30,active,2026-09-15,2026-09-15,1,,,,
2ee26b27f4a8437bc6c1b34d8ff2638b23947ff390af66ac395e7604b7bdcff3,sha256,unknown-artifact,medium,30,active,2026-10-04,2026-10-04,1,,,,
2ef550420261bfa24d5c5fc8abb3d8373c4afd362735dd88a26723a37a646469,sha256,unknown-artifact,medium,30,active,2026-09-14,2026-09-14,1,,,,
2f168c9e40560a2ef55a352dec504c42844a026c2f6221d52dfe75a14550aff6,sha256,unknown-artifact,medium,30,active,2026-09-30,2026-09-30,1,,,,
2f19ca149a0626b13a79da04304fefa6f015ede7e6293b5ffece7bd17b71cfaa,sha256,unknown-artifact,medium,30,active,2026-09-25,2026-09-25,1,,,,
2f1ab4cf0adb400efabfa05a6c1ca3791de7c1d2edadfba882dc9c8dba1992bb,sha256,unknown-artifact,medium,30,active,2026-09-30,2026-09-30,1,,,,
2f41b9397cd25ac5c1eb0b9ccf07a0318abef34bb736afda4b66beedc08f5415,sha256,unknown-artifact,medium,30,active,2026-09-23,2026-09-23,1,,,,
2f46c3b8e18edb0484b9ca0a8c260c49764f5052e5534436d781ce615ea563b6,sha256,unknown-artifact,medium,30,active,2026-09-27,2026-09-27,1,,,,
2f4e0d5c4cfbae17d6b877bf24234e817ff1606921e9c71fc27f30e9f9515af7,sha256,unknown-artifact,medium,30,active,2026-10-07,2026-10-07,1,,,,
2f5e2cdc525783f7fa2ad2b3ffba5de58b2460ba1776f44026553c70d10ffa12,sha256,unknown-artifact,medium,30,active,2026-09-15,2026-09-15,1,,,,
2f601243c468badb1bdfb7f665267d02fcbe7582a2318643300d4099966e01cb,sha256,unknown-artifact,medium,30,active,2026-09-26,2026-09-26,1,,,,
2f812abc155468cc7edd28f778fc2eb3f9b9b81f5b637f23e87e46c4fb912f3a,sha256,unknown-artifact,medium,30,active,2026-09-26,2026-09-26,1,,,,
2f82f3b10fef7b4e68a96e68d7bd393b8d7ce2a878e31a7c7836c9a1fa709ec3,sha256,unknown-artifact,medium,30,active,2026-10-07,2026-10-07,1,,,,
2f84ef38eea5bd58f835ba0497310d88d8919541733020c334239a25ac470073,sha256,unknown-artifact,medium,30,active,2026-10-07,2026-10-07,1,,,,
2f9544ccffff095ab873c4b697000ea724d7233e9709d07e2cfcc1cb340d5053,sha256,unknown-artifact,medium,30,active,2026-09-22,2026-09-22,1,,,,
2f9acaa45ff12f27cbde95eda9b1e9238f43d98569026a476cc63ba66528c80e,sha256,unknown-artifact,medium,30,active,2026-09-27,2026-09-27,1,,,,
2fa42e53cadb12b168cbac8fd51723bf50276eddbe4a1aeba07825f25e04d825,sha256,unknown-artifact,medium,30,active,2026-09-24,2026-09-24,1,,,,
2fa90ceacb24800df3d4fc97be504e30ba24a309425d4ae826040a32f88ad7c8,sha256,unknown-artifact,medium,30,active,2026-09-27,2026-09-27,1,,,,
2facc9f8fe9ab8be5ef37abbba6fda388d019b2f189f7b0ad5aae292e0ea63a5,sha256,unknown-artifact,medium,30,active,2026-09-15,2026-09-15,1,,,,
2faf0e9b170f5c194087058eb296713dfea07a10ad288ac23976f6dfafe99607,sha256,unknown-artifact,medium,30,active,2026-09-25,2026-09-25,1,,,,
2fb3d93b7746815775287e17b881a0751643de9791aa5c817fe14abb30169065,sha256,unknown-artifact,medium,30,active,2026-09-10,2026-09-10,1,,,,
2fb44af03cd831be3b2180be1df30a4317183b770ee2e8589dcfbed5b18fdc31,sha256,unknown-artifact,medium,30,active,2026-09-27,2026-09-27,1,,,,
2fc05917ff36d64114ca0274ddfe566e63a2ba07d465e5ca86ee7918aefda610,sha256,unknown-artifact,medium,30,active,2026-10-03,2026-10-03,1,,,,
2fe27c1794e03e4ea7fff263095f9f1b9a5727f2ee49d8e67ab8a56c3f38bcf9,sha256,unknown-artifact,medium,30,active,2026-09-29,2026-09-29,1,,,,
2ff15a98c5790970ffa7d473982ec6306331a6c614a9975b382d038690aab2ef,sha256,unknown-artifact,medium,30,active,2026-09-15,2026-09-15,1,,,,
2ffbdbe8e5c732b390b2a7654bd3fefbb1a69b8e7a5c6cfb58b8a99603936931,sha256,unknown-artifact,medium,30,active,2026-09-15,2026-09-15,1,,,,
3.21.171.144,ip,http-scan,low,30,stale,2026-10-01,2026-10-01,1,16509,"AMAZON-02 - Amazon.com, Inc., US",US,
3.80.146.66,ip,http-scan,low,30,expired,2026-09-15,2026-09-15,1,14618,"AMAZON-AES - Amazon.com, Inc., US",US,
3.82.139.248,ip,http-scan,low,30,expired,2026-09-14,2026-09-14,1,14618,"AMAZON-AES - Amazon.com, Inc., US",US,
3.85.57.190,ip,ssh-probe,low,20,expired,2026-09-27,2026-09-27,1,14618,"AMAZON-AES - Amazon.com, Inc., US",US,
3.86.101.5,ip,http-scan,low,30,expired,2026-09-23,2026-09-23,1,14618,"AMAZON-AES - Amazon.com, Inc., US",US,
3.86.191.37,ip,http-scan,low,30,stale,2026-10-02,2026-10-02,1,14618,"AMAZON-AES - Amazon.com, Inc., US",US,
3.86.230.159,ip,ssh-probe,low,20,expired,2026-09-14,2026-09-14,1,14618,"AMAZON-AES - Amazon.com, Inc., US",US,
3.87.186.57,ip,http-scan,low,30,stale,2026-10-02,2026-10-02,1,14618,"AMAZON-AES - Amazon.com, Inc., US",US,
3.87.196.69,ip,http-scan,low,30,expired,2026-09-14,2026-09-14,1,14618,"AMAZON-AES - Amazon.com, Inc., US",US,
3.93.81.46,ip,http-scan,low,30,active,2026-10-08,2026-10-08,1,14618,"AMAZON-AES - Amazon.com, Inc., US",US,
3.95.176.169,ip,http-scan,low,30,stale,2026-09-30,2026-09-30,1,14618,"AMAZON-AES - Amazon.com, Inc., US",US,
3017a67484b4b8f4ca30ac4d56c982eca2362bf8de7de9d5569e628055138ef7,sha256,unknown-artifact,medium,30,active,2026-09-29,2026-09-29,1,,,,
30190176e5c47568d204e3dbbfe8e0cd20e5108c0937382eb5cdd5462ef06c21,sha256,unknown-artifact,medium,30,active,2026-09-15,2026-09-15,1,,,,
30388941082ab309734809a07d4aca899163ab515e3a523e05e683579d526789,sha256,unknown-artifact,medium,30,active,2026-09-15,2026-09-15,1,,,,
3044026d67fd3b5384ee398b7eef08d19588222a0582ee4e87c863ba8ab3c1b5,sha256,unknown-artifact,medium,30,active,2026-10-03,2026-10-03,1,,,,
304fae1acfde9be563ede35615e762b9ab9495e4391110b99ad16b8862ca8028,sha256,unknown-artifact,medium,30,active,2026-09-29,2026-09-29,1,,,,
305caa237e617b2c970b2c0db05ed833fedcaf5a3588c7eec8fd327f4ebccd87,sha256,unknown-artifact,medium,30,active,2026-09-27,2026-09-27,1,,,,
305fada8a7c6a55a09b63bcd634143691dab4871132c9fbae8d60125d71ea4e1,sha256,unknown-artifact,medium,30,active,2026-10-07,2026-10-07,1,,,,
307d7e72eca873c18499e1b491c9fcf35144dc602b0a23ae87c8925766c0d5bd,sha256,unknown-artifact,medium,30,active,2026-10-04,2026-10-04,1,,,,
30851f8196df599070118b111992531bd2c33e55822462c25ce5a0e8ef8604ca,sha256,unknown-artifact,medium,30,active,2026-09-15,2026-09-15,1,,,,
308e03fd9e947b53882b3d319507b22d5bbe7189c10095bd5248dec3861f685f,sha256,unknown-artifact,medium,30,active,2026-09-30,2026-09-30,1,,,,
30965826015d6d1736c28402781e2f33a4f7dedaf4d539a412145c9ece87fc7e,sha256,unknown-artifact,medium,30,active,2026-10-04,2026-10-04,1,,,,
30adc7bcedb0cdd0f1cf071b994786517e49fa83ad7d22797f182d5763195b61,sha256,unknown-artifact,medium,30,active,2026-09-27,2026-09-27,1,,,,
30b1e1a330a1f774885693d6aeafa0805e883cbc94dd871c79f1b7e94e3169fb,sha256,unknown-artifact,medium,30,active,2026-10-09,2026-10-09,1,,,,
30b6c92a3a02372ab6c85bc39707d9fb96388730ec60d8584800e0ac90ad6404,sha256,unknown-artifact,medium,30,active,2026-10-03,2026-10-03,1,,,,
30c9c03a2bf9b195c02d55f36ca9edcb96e7ed3e83c7364071e7c1532fe541d6,sha256,unknown-artifact,medium,30,active,2026-09-23,2026-09-23,1,,,,
30da2826a39aee42b1ecc8c8f5ad1f503e430566b03e3b13655a94915f012b00,sha256,unknown-artifact,medium,30,active,2026-09-30,2026-09-30,1,,,,
30dc72c54c5784b186c3f6cab1809ac5643e9e2aa6ce1044fd0bdb0c362a7a8a,sha256,unknown-artifact,medium,30,active,2026-09-27,2026-09-27,1,,,,
30df7ca329ec0132bc8c09eae2cd0e4c1e083583cf65394e9938f584a935e95c,sha256,unknown-artifact,medium,30,active,2026-09-30,2026-09-30,1,,,,
30eb73e0e5b947e2fdc57c29f7314b23b29da67c994293b84660973a9ae552e8,sha256,unknown-artifact,medium,30,active,2026-09-27,2026-09-27,1,,,,
30f63c68bb1f96ea5d30239ad202c43855e48ef1b99b046c1e8067bcdeffef7c,sha256,unknown-artifact,medium,30,active,2026-09-25,2026-09-25,1,,,,
310b7ecbff2844afc1024280d0b8d5b7c36e3a691106ade720ab0c884d1a1bf8,sha256,unknown-artifact,medium,30,active,2026-09-30,2026-09-30,1,,,,
311242d568f492a6c90f8e10090289aaba0cf8e7412f5082da4780e170d86cd1,sha256,unknown-artifact,medium,30,active,2026-10-03,2026-10-03,1,,,,
31159e76c6302e55043288f8048ab18a3ab627cf868f8d90b2c062e2b99fb9ca,sha256,unknown-artifact,medium,30,active,2026-10-04,2026-10-04,1,,,,
3115a5597f6a6a815aff223944ca712835eb8287e39c672bb1c3d8dd6ef2ccb1,sha256,unknown-artifact,medium,30,active,2026-09-27,2026-09-27,1,,,,
3119cf862f745eaf07f523737cd0e71e85c031ab1787da7748d09c517d04a85f,sha256,unknown-artifact,medium,30,active,2026-10-10,2026-10-10,1,,,,
311da0d9a745f5ba2d757a51e3f98c0e41fa79e0afe2777c5517839146428b83,sha256,unknown-artifact,medium,30,active,2026-10-09,2026-10-09,1,,,,
31484bcfc21affe09f9656f306b64529877dd9aa84d1957447effe49abea0a44,sha256,unknown-artifact,medium,30,active,2026-10-03,2026-10-03,1,,,,
316bf041d47c7a19757eed2323a47d125c2a4a47aaa06af48ed508454d1ee4d5,sha256,unknown-artifact,medium,30,active,2026-09-23,2026-09-23,1,,,,
316cad8750209182e9437e69c0f95708e868a83c1ad02486ce2aafba07206f6e,sha256,unknown-artifact,medium,30,active,2026-09-30,2026-09-30,1,,,,
3180660fa7fa2606639246a0cb325f5adca94021be08d29eff0a2d3be54fdc79,sha256,unknown-artifact,medium,30,active,2026-09-16,2026-09-16,1,,,,
319ab0779d5b864f4ea2b7cfe10d932332550a68f1fc8bdbc5b678f727be14b7,sha256,unknown-artifact,medium,30,active,2026-10-03,2026-10-03,1,,,,
31a35d7aca4cbb3d3d38a7c492df53a10e629af62e6e9ae93ddd36893c13d40a,sha256,unknown-artifact,medium,30,active,2026-09-25,2026-09-25,1,,,,
31a6d8ae886dbdc5625fbc3063486e04c327ecb3c5c3c9fe05b9d3c7abb8085a,sha256,unknown-artifact,medium,30,active,2026-10-06,2026-10-06,1,,,,
31aaaa00940a8b5364c3f11f0556d0046c6bd44f30ccf4683b442b28dbbc8cc1,sha256,unknown-artifact,medium,30,active,2026-09-16,2026-09-16,1,,,,
31b21d9401d09b38a60897838b618d5279c9a9dd90d52954da855c8b426b041e,sha256,unknown-artifact,medium,30,active,2026-10-07,2026-10-07,1,,,,
31b55415b41ac8b16c8c17e9da7753d8ccaa2a622f322e42d93273a95b20ec99,sha256,unknown-artifact,medium,30,active,2026-10-03,2026-10-03,1,,,,
31bd691e046dcca828c39020c5b4a53952796d1c9f8ae817c39fa177617e46d2,sha256,unknown-artifact,medium,30,active,2026-09-15,2026-09-15,1,,,,
31cea9c659cc8c77273474e8df35891ae9673cec1a5d44699954d18e74a203ff,sha256,unknown-artifact,medium,30,active,2026-09-25,2026-09-25,1,,,,
31ed01361bd471948270a1f47077dea2e4c6f0d8820b5947a844bb518bd16d85,sha256,unknown-artifact,medium,30,active,2026-09-27,2026-09-27,1,,,,
320dafa69e890a234b3aa68e39d5de91029cf0a53f1485e1acde93a140cd1256,sha256,unknown-artifact,medium,30,active,2026-10-10,2026-10-10,1,,,,
3227f5ddf21656788d2832af0a5f25baccd7452dab52d9a13fd8e9fc47b1b15c,sha256,unknown-artifact,medium,30,active,2026-10-09,2026-10-09,1,,,,
322d486359af9e3f13a12e6fad4a4eafc3f381ab47ef9043246ba9d075e0d70b,sha256,unknown-artifact,medium,30,active,2026-09-15,2026-09-15,1,,,,
322dc651c9ce6ebd2b287abc795e8307694b3d952a18c6a0e87d0f5956e9589b,sha256,unknown-artifact,medium,30,active,2026-09-26,2026-09-26,1,,,,
323d2e0c8dc5ad6925ae6f235c1f0dc2bf5dc3dbf0b7f351fe816ea848d68f9c,sha256,unknown-artifact,medium,30,active,2026-09-15,2026-09-15,1,,,,
323ea28bc73af6e223a29164beb5133785b698a9b969c3e808339116ca89f35c,sha256,unknown-artifact,medium,30,active,2026-09-29,2026-09-29,1,,,,
324e67e677415b7b5d7f8f7fc040478479085b55ce7fe8a654320cc5084361b8,sha256,unknown-artifact,medium,30,active,2026-10-09,2026-10-09,1,,,,
32567d5f98e87730cb5e8c5b5f47f3cbc3cca37d2cab4239eae9c5ce1bcb7aa1,sha256,unknown-artifact,medium,30,active,2026-09-25,2026-09-25,1,,,,
3283481595d238899c63c439309c4eea5924757b66325d598fafeb7ed63aef27,sha256,unknown-artifact,medium,30,active,2026-09-29,2026-09-29,1,,,,
3284757febef84f4dcb5e9bd71dacf850e6dbf218a0fea0b1b0b298e0189947a,sha256,unknown-artifact,medium,30,active,2026-09-14,2026-09-14,1,,,,
328d23afde8a7b51a707941afd4f674aeffbc91496b2ee5dbcf264f11162c11c,sha256,unknown-artifact,medium,30,active,2026-10-03,2026-10-03,1,,,,
329594211a0b817b297495763f88bbae3f80acd99a3f32e7b116249e0a7a0524,sha256,unknown-artifact,medium,30,active,2026-09-30,2026-09-30,1,,,,
32a4f777fb215f44e5a6f1cb546ff8126f9392bc551a217a65f4ec44a6837de2,sha256,unknown-artifact,medium,30,active,2026-09-22,2026-09-22,1,,,,
32b16424530d6c50ef6d76902aebb80f02a8f43baef91dc406e74ab5ba072f47,sha256,unknown-artifact,medium,30,active,2026-09-27,2026-09-27,1,,,,
32bca466b7194608ebf488b1cbc77a38d52fb441a0d10c2dd5057931e25b97e8,sha256,unknown-artifact,medium,30,active,2026-09-24,2026-09-24,1,,,,
32c66107f0f4f2053128e519681fc8e88806d0d2b17607ce9f2362aff66ad6c7,sha256,unknown-artifact,medium,30,active,2026-10-03,2026-10-03,1,,,,
32e7a823c21f148095022fdb86d025fc2b688a5e1f4e492935cd8bc74e332bfa,sha256,unknown-artifact,medium,30,active,2026-09-29,2026-09-29,1,,,,
32f21a3fca7f39a7f880efe15e61e45fee72d9d7872e9d697bab49477ba443aa,sha256,unknown-artifact,medium,30,active,2026-09-15,2026-09-15,1,,,,
32f862f07c6c2b9e40685cef6526752d327a928b6411bbc7700b7ac8643cce69,sha256,unknown-artifact,medium,30,active,2026-09-15,2026-09-15,1,,,,
330319f469aef1a9bb1157a1b433d9313aa779b7acdeef5a2ac91621ddc2c728,sha256,unknown-artifact,medium,30,active,2026-10-04,2026-10-04,1,,,,
330c6e1055133d82e156066f1e4e3a9c74f1d9e8653ead4d7d274d6970bedf1c,sha256,unknown-artifact,medium,30,active,2026-10-03,2026-10-03,1,,,,
331b334e747757551ac9493162484a4a7b50cbc7564f3bb1462687c47efb986e,sha256,unknown-artifact,medium,30,active,2026-10-09,2026-10-09,1,,,,
3327a839932381e90bf3b227f7a9e987998d4ce848cb2e505a9264f8b418c911,sha256,unknown-artifact,medium,30,active,2026-09-29,2026-09-29,1,,,,
3329d24faa33ab4c58ed7438c287cb90a43ac5f08db3ac73b5c67e42f873df26,sha256,unknown-artifact,medium,30,active,2026-09-15,2026-09-15,1,,,,
33341898b00b29d609967a515fc3169efd3876cc3a9941993690161eafa9dae5,sha256,unknown-artifact,medium,30,active,2026-09-25,2026-09-25,1,,,,
333b79fffecc6785d3ac0a76ca84dc65be9843ddc63a289c28b979e045024680,sha256,unknown-artifact,medium,30,active,2026-09-30,2026-09-30,1,,,,
334d190a6183eaaddfbb73a24e58270fd637384993ad5215afd3253bdaeb402c,sha256,unknown-artifact,medium,30,active,2026-10-04,2026-10-04,1,,,,
3354efebc2e00faa551e18177ab78f55f7a48a9749420dbdcb68a4582a45c3b3,sha256,unknown-artifact,medium,30,active,2026-09-15,2026-09-15,1,,,,
338634c6a65c36c9b73f0e8eef3a216ac9e7e0721d9ca8bd88d7975a46b7ad54,sha256,unknown-artifact,medium,30,active,2026-09-15,2026-09-15,1,,,,
3396cd945956e47e76d737c9bc8a7ffda75b5b4917d3926c9179545a72609bf5,sha256,unknown-artifact,medium,30,active,2026-10-04,2026-10-04,1,,,,
3396fad6af05801899af6484a87d9eeec27fdefe3d490e41da3351ae5c3b9b58,sha256,unknown-artifact,medium,30,active,2026-09-30,2026-09-30,1,,,,
33972e3f0842737e4db09d9d8dcb18a5a273a8372f17794a92a5f41b6f11cf20,sha256,unknown-artifact,medium,30,active,2026-09-15,2026-09-15,1,,,,
33bc3d5b5e3bd592ac4c7c39de665f9462230e7bdbd232865532e9c51db59572,sha256,unknown-artifact,medium,30,active,2026-10-04,2026-10-04,1,,,,
33bf02f0562d80d886789e33bee189cb845415ed3f595f813e141838957e93ca,sha256,unknown-artifact,medium,30,active,2026-10-10,2026-10-10,1,,,,
33c2945d920231d87f22a553ab62a5af61262456e7bd61da2a5ad914fb31bedf,sha256,unknown-artifact,medium,30,active,2026-09-16,2026-09-16,1,,,,
33c6bc74b3f9c5e8c57362f2d80b9d5ffa12b8a016849b0aebfd1e785a9728f5,sha256,unknown-artifact,medium,30,active,2026-10-03,2026-10-03,1,,,,
33c71ddb992211924bb3f9402eefa460858091edb29fe23328119a231815dfec,sha256,unknown-artifact,medium,30,active,2026-09-16,2026-09-16,1,,,,
33daf29d99964663ff09c89c5b5cf51a99200c14e741b8a8800dc5c7613c7fe2,sha256,unknown-artifact,medium,30,active,2026-09-15,2026-09-15,1,,,,
34.132.56.138,ip,http-scan,low,30,stale,2026-09-30,2026-09-30,1,396982,"GOOGLE-CLOUD-PLATFORM - Google LLC, US",US,
34.140.146.112,ip,http-scan,low,30,expired,2026-09-16,2026-09-16,1,396982,"GOOGLE-CLOUD-PLATFORM - Google LLC, US",US,
34.201.71.24,ip,http-scan,low,30,stale,2026-09-28,2026-09-28,1,14618,"AMAZON-AES - Amazon.com, Inc., US",US,
34.204.52.48,ip,http-scan,low,30,active,2026-10-04,2026-10-04,1,14618,"AMAZON-AES - Amazon.com, Inc., US",US,
34.205.154.127,ip,http-scan,low,30,stale,2026-09-30,2026-09-30,1,14618,"AMAZON-AES - Amazon.com, Inc., US",US,
34.22.127.240,ip,http-scan,low,30,active,2026-10-08,2026-10-08,1,396982,"GOOGLE-CLOUD-PLATFORM - Google LLC, US",US,
34.229.166.45,ip,ssh-probe,low,20,expired,2026-09-26,2026-09-26,1,14618,"AMAZON-AES - Amazon.com, Inc., US",US,
34.34.148.37,ip,http-scan,low,30,active,2026-10-09,2026-10-09,1,396982,"GOOGLE-CLOUD-PLATFORM - Google LLC, US",US,
34.34.177.236,ip,http-scan,low,30,stale,2026-10-02,2026-10-02,1,396982,"GOOGLE-CLOUD-PLATFORM - Google LLC, US",US,
34.38.190.31,ip,http-scan,low,30,active,2026-10-04,2026-10-04,1,396982,"GOOGLE-CLOUD-PLATFORM - Google LLC, US",US,
34.38.70.60,ip,http-scan,low,30,stale,2026-10-01,2026-10-01,1,396982,"GOOGLE-CLOUD-PLATFORM - Google LLC, US",US,
34.40.140.230,ip,http-scan,low,30,stale,2026-09-28,2026-09-28,1,396982,"GOOGLE-CLOUD-PLATFORM - Google LLC, US",US,
34.47.57.115,ip,http-scan,low,30,expired,2026-09-14,2026-09-14,1,396982,"GOOGLE-CLOUD-PLATFORM - Google LLC, US",US,
34.62.17.249,ip,http-scan,low,30,active,2026-10-08,2026-10-08,1,396982,"GOOGLE-CLOUD-PLATFORM - Google LLC, US",US,
34.62.230.174,ip,http-scan,low,30,active,2026-10-07,2026-10-07,1,396982,"GOOGLE-CLOUD-PLATFORM - Google LLC, US",US,
34.62.41.110,ip,http-scan,low,30,expired,2026-09-23,2026-09-23,1,396982,"GOOGLE-CLOUD-PLATFORM - Google LLC, US",US,
34.76.199.251,ip,http-scan,low,30,expired,2026-09-26,2026-09-26,1,396982,"GOOGLE-CLOUD-PLATFORM - Google LLC, US",US,
34.76.207.155,ip,http-scan,low,30,active,2026-10-09,2026-10-09,1,396982,"GOOGLE-CLOUD-PLATFORM - Google LLC, US",US,
34.78.2.103,ip,http-scan,low,30,expired,2026-09-16,2026-09-16,1,396982,"GOOGLE-CLOUD-PLATFORM - Google LLC, US",US,
34.79.161.87,ip,http-scan,low,30,active,2026-10-09,2026-10-09,1,396982,"GOOGLE-CLOUD-PLATFORM - Google LLC, US",US,
34.79.2.246,ip,http-scan,low,30,stale,2026-09-28,2026-09-28,1,396982,"GOOGLE-CLOUD-PLATFORM - Google LLC, US",US,
34.79.203.208,ip,http-scan,low,30,active,2026-10-06,2026-10-06,1,396982,"GOOGLE-CLOUD-PLATFORM - Google LLC, US",US,
34.79.243.239,ip,http-scan,low,30,stale,2026-09-28,2026-09-28,1,396982,"GOOGLE-CLOUD-PLATFORM - Google LLC, US",US,
34022e9672ebdb8e50dc20a53981205bf63a3568cd5182f84e3517d9dfadb706,sha256,unknown-artifact,medium,30,active,2026-10-06,2026-10-06,1,,,,
3414a550d081223fe0905cca15b83c393926747f5f116f7d8552d7ac2e15610d,sha256,unknown-artifact,medium,30,active,2026-09-15,2026-09-15,1,,,,
3419352c4e3cda5ecad3ee491a20871dd3ff53919155857b63349d3ebaa67f27,sha256,unknown-artifact,medium,30,active,2026-09-27,2026-09-27,1,,,,
341d1f01201e2993d85fd6e9697103906518598a65b54a70bc38ff7655811c3a,sha256,unknown-artifact,medium,30,active,2026-09-15,2026-09-15,1,,,,
3421c5b01d29ee6d9607b87b24d2eed97db6ad0fbb4df12818304dc56e3df29e,sha256,unknown-artifact,medium,30,active,2026-09-27,2026-09-27,1,,,,
34289e40013cb563c00e7a5b273066e101cfcbc2576a774e143dd75f8cc72272,sha256,unknown-artifact,medium,30,active,2026-09-27,2026-09-27,1,,,,
344350a3fb103cd1933054b57f1a696b077ff9a2df4800cb94efb98bdb45c711,sha256,unknown-artifact,medium,30,active,2026-09-16,2026-09-16,1,,,,
34612760887075769c13d4b6e2ae2bee85e5e2a6da46128b75ee81b3dfdf8571,sha256,unknown-artifact,medium,30,active,2026-10-09,2026-10-09,1,,,,
346548098f9945425dd55be82053e8ce38ecc0c8562c06025462da7ce74d1e20,sha256,unknown-artifact,medium,30,active,2026-09-27,2026-09-27,1,,,,
347a8c8ab685a43ef711e3919ed317e5dd058b7a92adfb3d591385661616339f,sha256,unknown-artifact,medium,30,active,2026-09-16,2026-09-16,1,,,,
347a9420cde286ad2e3401d43f3abe5486244e3be710aa2ff938d7c3fdf4b54d,sha256,unknown-artifact,medium,30,active,2026-09-29,2026-09-29,1,,,,
348df4eb47f9230bfe89637afe7409bec883424d822257b6cbbce93ee780d992,sha256,unknown-artifact,medium,30,active,2026-10-04,2026-10-04,1,,,,
349abe1272178917136372f667b13753e2c775bbe39112118420b7697749c97b,sha256,unknown-artifact,medium,30,active,2026-10-04,2026-10-04,1,,,,
349cee5dc6d1bb1eedc250e31f3e51f6023c9a5362177c7e649aee6280b3aaea,sha256,unknown-artifact,medium,30,active,2026-09-30,2026-09-30,1,,,,
34af83c03c880a668cd65fdf3721126184c8bc6c1d5697d52679803d4672e05d,sha256,unknown-artifact,medium,30,active,2026-10-04,2026-10-04,1,,,,
34b265602077b0ea9ee8d9c80734c7c24dadfca0ab9374f374cc10097667befd,sha256,unknown-artifact,medium,30,active,2026-09-15,2026-09-15,1,,,,
34b3d9631cc184786b0ef6e9ad2c98b87845cdf10705b2f075ed13468abdfa6a,sha256,unknown-artifact,medium,30,active,2026-09-23,2026-09-23,1,,,,
34dce39f7838c051c92c635f1ca6e48e4d7c7ac81533ec620ff6bcf568b1937f,sha256,unknown-artifact,medium,30,active,2026-09-23,2026-09-23,1,,,,
34df6bc0ac59e2aca93e3e9281cea6cd998b4399c2b87ab7ba3fd6926fae4676,sha256,unknown-artifact,medium,30,active,2026-09-27,2026-09-27,1,,,,
34fca86452283a2014c61ab3b56767301e322975a65759ec08e6221c2bd3dfa4,sha256,unknown-artifact,medium,30,active,2026-09-30,2026-09-30,1,,,,
35.195.11.198,ip,http-scan,low,30,stale,2026-10-03,2026-10-03,1,396982,"GOOGLE-CLOUD-PLATFORM - Google LLC, US",US,
35.195.113.126,ip,http-scan,low,30,expired,2026-09-14,2026-09-14,1,396982,"GOOGLE-CLOUD-PLATFORM - Google LLC, US",US,
35006fe51c5f0cb0e096a84dc62857ff47ed8c790db9940dc80696f4c95fbbd1,sha256,unknown-artifact,medium,30,active,2026-09-30,2026-09-30,1,,,,
350fb8516a58306e3cb4cc5aa866f8db9ddf70dad2d26abb413aea2bf181cba2,sha256,unknown-artifact,medium,30,active,2026-09-15,2026-09-15,1,,,,
351905fba17d4f8317d6c7d9997ac514e8df0aa1d40f82c27ea7752536a67d6d,sha256,unknown-artifact,medium,30,active,2026-09-15,2026-09-15,1,,,,
351c3c60cf69f87dbf603557112ed0be0a6087bde64c8aaa34732bb8f7a09713,sha256,unknown-artifact,medium,30,active,2026-10-07,2026-10-07,1,,,,
355af8f83965a2fbd7cd07f3c6d107a732039c743a26b937821e909dac5c256c,sha256,unknown-artifact,medium,30,active,2026-10-09,2026-10-09,1,,,,
35652c876f2f215689fc089cbf886e5c5226479982c6d29cd2fde67890fc46b1,sha256,unknown-artifact,medium,30,active,2026-10-09,2026-10-09,1,,,,
35754c92f2ae16fb611dc4de25d6a08c632b44f7af69a3e7e738015c0f98cfca,sha256,unknown-artifact,medium,30,active,2026-09-30,2026-09-30,1,,,,
357904a12a737fcab07b60cecc50dfa238d78775f5b51b6448be15c68824ddbc,sha256,unknown-artifact,medium,30,active,2026-09-30,2026-09-30,1,,,,
357e9ff1009dd8dc9554f52d05b98ff2ddf27df0644aecc71655620a073026f9,sha256,unknown-artifact,medium,30,active,2026-09-29,2026-09-29,1,,,,
357ee3fad7b8d6684fc85bb723e4d35d275a0c49c9ecd0018809ce6d3ab202ae,sha256,unknown-artifact,medium,30,active,2026-09-30,2026-09-30,1,,,,
3582eb099f313a2ebab34fc85ee26e3cefdab6cc98ca520462f9e632b226f0dd,sha256,unknown-artifact,medium,30,active,2026-09-30,2026-09-30,1,,,,
358e24dcad3c3751c6432bca6108fb8bcb6dda4f63e7da19bde1153467792f6d,sha256,unknown-artifact,medium,30,active,2026-09-30,2026-09-30,1,,,,
3598b70f382c16bac40abac7513a59d5681462e9e63624c8cc5e6189d1a648d1,sha256,unknown-artifact,medium,30,active,2026-09-28,2026-09-28,1,,,,
35ad3083cb00efb4724b33e87d3425f3c6bdd8e05ecbe166b89302f5d29379be,sha256,unknown-artifact,medium,30,active,2026-10-09,2026-10-09,1,,,,
35c22f902a87b13c404af567a45952a6c2a8e3fb4474157801ed4006defd0d2c,sha256,unknown-artifact,medium,30,active,2026-09-30,2026-09-30,1,,,,
35c59a2cb8eb314c176ddb3cf8982d10a95722c5c21168ff087c6276bc0b00f5,sha256,unknown-artifact,medium,30,active,2026-09-15,2026-09-15,1,,,,
35cb6dd8226579e227e3ed18583520da20173e46b5c223d5a2612a6163681d73,sha256,unknown-artifact,medium,30,active,2026-10-10,2026-10-10,1,,,,
35e41359045932555bf3271cdec80e67ebdbfe2d5b3e454fa41e609922b9557b,sha256,unknown-artifact,medium,30,active,2026-10-07,2026-10-07,1,,,,
35ea852bc73cba486adbb62f4f4f85f565cc440702d25e847fb490f98c9d329d,sha256,unknown-artifact,medium,30,active,2026-10-09,2026-10-09,1,,,,
35ebbb4bdf0486ab3c56269fa68f8123cec429219d16dde055575018237b346f,sha256,unknown-artifact,medium,30,active,2026-10-09,2026-10-09,1,,,,
35efeafe95f28c17d5685043cb5b7cecfea1bdeaa2c62bce242163f1dfd4c944,sha256,unknown-artifact,medium,30,active,2026-09-15,2026-09-15,1,,,,
35f14c80dc79dad659cbb78ebd0dc7d8e297f97684ee4534b94207d5b3998e56,sha256,unknown-artifact,medium,30,active,2026-10-04,2026-10-04,1,,,,
36.103.222.120,ip,ssh-probe,low,20,active,2026-10-08,2026-10-08,1,134761,"CHINANET-NINGXIA-ZHONGWEI-IDC - CHINANET NINGXIA province ZHONGWEI IDC network, CN",CN,
36.103.243.179,ip,ssh-probe,low,20,stale,2026-10-07,2026-10-07,1,134761,"CHINANET-NINGXIA-ZHONGWEI-IDC - CHINANET NINGXIA province ZHONGWEI IDC network, CN",CN,
36.150.231.91,ip,ssh-probe,low,20,expired,2026-09-13,2026-09-13,1,56046,"CMNET-Jiangsu-AP - China Mobile communications corporation, CN",CN,
3606cb7a1d93d7c2873aa7de5c19b21dbc481e700cb159472a6078f58c75b607,sha256,unknown-artifact,medium,30,active,2026-10-10,2026-10-10,1,,,,
360cbb0b4f682901e5b7fc4879587973d1476988d13414d037a058ce39e74c8b,sha256,unknown-artifact,medium,30,active,2026-09-15,2026-09-15,1,,,,
36187d29e100917ef3a2678d42de49fb3fe763c27bfe6a31484b0d41f386858b,sha256,unknown-artifact,medium,30,active,2026-09-30,2026-09-30,1,,,,
362bc72f49878bb1b8629635760ee99da50fbb09dee96b4c6e2bacbb1041025a,sha256,unknown-artifact,medium,30,active,2026-10-10,2026-10-10,1,,,,
362caa846b1f552481d9e936c10b0349843467614547a29341938d286169214c,sha256,unknown-artifact,medium,30,active,2026-09-27,2026-09-27,1,,,,
362e8cb1265afc94fc4259d1e50868b564917b51a5b407b970fc916f6d1db5ea,sha256,unknown-artifact,medium,30,active,2026-09-25,2026-09-25,1,,,,
3637bb833734dd8f82ae7fa8252aa0d308665b3d5962c0cc55f77c0754cb4dd9,sha256,unknown-artifact,medium,30,active,2026-09-29,2026-09-29,1,,,,
3642ec895a260d2a046eabba3b48dbf8375c039b5435543ffb2532ec1b9d06d9,sha256,unknown-artifact,medium,30,active,2026-09-15,2026-09-15,1,,,,
364c8b17dfab75b71522b33389902dea464b7e201705591ee91c47ea5978f6e8,sha256,unknown-artifact,medium,30,active,2026-09-15,2026-09-15,1,,,,
3653c9e81ce6569d5caa957b51ffc8bbee6650e311a57cb2fd17aa316b81fc09,sha256,unknown-artifact,medium,30,active,2026-10-04,2026-10-04,1,,,,
366fe4c03e930651a1cc9d8b829ef4ce5186154f87a4706469aeec0ab86be418,sha256,unknown-artifact,medium,30,active,2026-09-30,2026-09-30,1,,,,
36767030e79073783c8e9b299d9f8f1d4cd66baa82cd8869caad8dbb55204099,sha256,unknown-artifact,medium,30,active,2026-09-15,2026-09-15,1,,,,
367740f6ee3f85cdf23e735d3ac587a0c8817c72ecddab0821858ac1c65eee99,sha256,unknown-artifact,medium,30,active,2026-09-26,2026-09-26,1,,,,
367a5d2e938cc851f802da2332568aae62c4a4b744bbbb80fe73d9d148d03344,sha256,unknown-artifact,medium,30,active,2026-10-09,2026-10-09,1,,,,
3695442e34ef6a00f69889e879b276fcbd85a04bfc666ba443f1ffbf060472c2,sha256,unknown-artifact,medium,30,active,2026-09-26,2026-09-26,1,,,,
36a58adaa92b708ff8ef56561715305dfaa1da2d41aa7336bd33ef2448edf67f,sha256,unknown-artifact,medium,30,active,2026-10-10,2026-10-10,1,,,,
36c45fbe10d69cfa22c5825b37ff5e6d963e50f1279d4032e8a71da1d2f8b934,sha256,unknown-artifact,medium,30,active,2026-10-10,2026-10-10,1,,,,
36ccfc65fc98a606700e0ff4b25506b587d9aac77c19ba3e02723770174236c5,sha256,unknown-artifact,medium,30,active,2026-09-15,2026-09-15,1,,,,
36cd9095fc4ff3a678b8fc79e53ba8084b3a94e7367917c0904ee2776d663fb6,sha256,unknown-artifact,medium,30,active,2026-09-22,2026-09-22,1,,,,
36d4822a1b45817a96df4bca91a1c9bb2a7e4d1e28e9c80c4e13950d9d13036e,sha256,unknown-artifact,medium,30,active,2026-10-04,2026-10-04,1,,,,
36d95659452bde865a09e0089479b64ccad7e9e1ae60029a7b8ae539bcaa1176,sha256,unknown-artifact,medium,30,active,2026-09-15,2026-09-15,1,,,,
36dc89540e68c34cc84d3b6ecc1bda4818721d6676778889767c66e15ab04bde,sha256,unknown-artifact,medium,30,active,2026-09-25,2026-09-25,1,,,,
37040e2d59993bdf28ffb66a62ab6bbbfdcf5af98fd9c5a4bca8b1c37a4a13e6,sha256,unknown-artifact,medium,30,active,2026-09-27,2026-09-27,1,,,,
37071d427d65e2f6458540f637c98b512a7ba6e209e5a87ac5638d52322f5d38,sha256,unknown-artifact,medium,30,active,2026-09-16,2026-09-16,1,,,,
373b7d3b2ab90d75daf94ca16d61339d088c12020ad43b65d1b34ea80b0c0818,sha256,unknown-artifact,medium,30,active,2026-09-15,2026-09-15,1,,,,
375c52b21afdb12fc47f12eaafc5d3cd8d9ab796db0fd647c32e303e480ab4d4,sha256,unknown-artifact,medium,30,active,2026-09-15,2026-09-15,1,,,,
375ed193c90537682f0e761d34a91d2271c359e954e6353951923da0a2725997,sha256,unknown-artifact,medium,30,active,2026-10-04,2026-10-04,1,,,,
3761b5f755685e0920693ad6eb3c74a8d5a9aa31f6f7700ac8fbcb99b3f37861,sha256,unknown-artifact,medium,30,active,2026-09-15,2026-09-15,1,,,,
376f860a518ca337daecf64840c04e87b9f15e3510fb2a99a57f6e904b7d6457,sha256,unknown-artifact,medium,30,active,2026-09-15,2026-09-15,1,,,,
377c114cb2f053e9d2aa28185f750f3127ade5c12bc3312359c8cc4d06b05429,sha256,unknown-artifact,medium,30,active,2026-09-23,2026-09-23,1,,,,
3782cb4513e8a5e4f983ab9d43b85dec62ba0a1c516b068701b3b234b496ddc3,sha256,unknown-artifact,medium,30,active,2026-09-15,2026-09-15,1,,,,
378341c9b2e6f6323d8303a5f3d340dd0a112e2af7695afaeac8636ccdedfca2,sha256,unknown-artifact,medium,30,active,2026-09-15,2026-09-15,1,,,,
37915933962f40ab7488514c23e21ac53a9843f5bf159184cb7d007eef045625,sha256,unknown-artifact,medium,30,active,2026-09-15,2026-09-15,1,,,,
37a195e20630b1debfcdb7fa05d46e5990203fd30923520735573c388925c291,sha256,unknown-artifact,medium,30,active,2026-09-15,2026-09-15,1,,,,
37a5ca32097de887cb48381ef5e0c79e754cabb0736d9bc14fa09b5445daa6b0,sha256,unknown-artifact,medium,30,active,2026-10-07,2026-10-07,1,,,,
37b1f8395c8d85c6aef2cfc2a93791fe3404e16f67f12088ce2adee9a1695765,sha256,unknown-artifact,medium,30,active,2026-09-15,2026-09-15,1,,,,
37b71d9a726372deffd5532103a69b4d0c096de2d9f80da30ba21010c0565c8b,sha256,unknown-artifact,medium,30,active,2026-10-04,2026-10-04,1,,,,
37ef3965b31d8150a4070f18694f595afc0624e322e603b3138a33c3062705f3,sha256,unknown-artifact,medium,30,active,2026-09-15,2026-09-15,1,,,,
37f8370f53b606be0c4f512c742618d8940d86838def5d1e8cabb87b048b0b81,sha256,unknown-artifact,medium,30,active,2026-09-15,2026-09-15,1,,,,
38.84.24.77,ip,http-scan,low,30,stale,2026-09-30,2026-09-30,1,209553,"NETVAZ - NETVAZ LIMITED, GB",US,
3816be27e07e8db6210c38d17412d4a701cd9f73eb4f8fcada1fd6c466cdab50,sha256,unknown-artifact,medium,30,active,2026-10-04,2026-10-04,1,,,,
381db208ff63a4456b02fb9915eb666182207552d9483177a2568b1f0dec8893,sha256,unknown-artifact,medium,30,active,2026-10-07,2026-10-07,1,,,,
381f88ec6dd3b007232461e235ab8da6ad26a1bfc33485b91b5ee83b27056fcc,sha256,unknown-artifact,medium,30,active,2026-10-04,2026-10-04,1,,,,
382a0cc9f9b988f64b4170443417e4703de9e2f074546f2734f078012a8769db,sha256,unknown-artifact,medium,30,active,2026-10-09,2026-10-09,1,,,,
382abfc3a7391665497f3a691ee2880b778f5699d3a0ceb04356083aad53b0e3,sha256,unknown-artifact,medium,30,active,2026-09-30,2026-09-30,1,,,,
3850e1fdfe50d67edeed7201a02ea7367065b5bee0e2d622683155ee5519c71e,sha256,unknown-artifact,medium,30,active,2026-10-03,2026-10-03,1,,,,
3862b6159186191c71ed9ceb929deca482570e522d22d911365dcd43a652859d,sha256,unknown-artifact,medium,30,active,2026-09-15,2026-09-15,1,,,,
3871d3e52601543a5e8a668877e63db628ffb27e8eac2344d5d86e3e8ce6e979,sha256,unknown-artifact,medium,30,active,2026-10-03,2026-10-03,1,,,,
387d6d1bc5b00c60c64528c6b0ceb34fa7c4a83f6b8cf95f0526adb5cc57389d,sha256,unknown-artifact,medium,30,active,2026-09-30,2026-09-30,1,,,,
3883b4d7447955832eab9e4197d1bae339370c1571cd80d29e0f54a40f928baf,sha256,unknown-artifact,medium,30,active,2026-10-04,2026-10-04,1,,,,
38882cae7c39f5857daa49b3bb9c7328052560ccf58e41437bb3f40db05c0cf3,sha256,unknown-artifact,medium,30,active,2026-09-30,2026-09-30,1,,,,
389b46f0445738f6b517def165c3e490efa2eb8825c695b8ac8221565e78e4fa,sha256,unknown-artifact,medium,30,active,2026-09-25,2026-09-25,1,,,,
38a354fa79dcbe74e68ac7c9f46ee3855a2ad03c4fa793d869f18ffcd195510d,sha256,unknown-artifact,medium,30,active,2026-09-29,2026-09-29,1,,,,
38c01e7ecce575ee99a0eb65337e405b3a5122bc2d72a00c1c69518adfb0dbee,sha256,unknown-artifact,medium,30,active,2026-09-30,2026-09-30,1,,,,
38e0b9de817f645c4bec37c0d4a3e58baecccb040f5718dc069a72c7385a0bed,sha256,unknown-artifact,medium,30,active,2026-10-03,2026-10-03,1,,,,
38e9eb53b4843242d21c53cf6438c54e95fbf53f63e52b7d741d181b3598ffe6,sha256,unknown-artifact,medium,30,active,2026-09-16,2026-09-16,1,,,,
39036082d8ecf67c760651190340180602c692ab1fd2c519b7a45af49a720f1b,sha256,unknown-artifact,medium,30,active,2026-09-25,2026-09-25,1,,,,
3917e82a480ad1c18d141bd2344e380143cf3c56ebd448ec1ed74fb3f803dbab,sha256,unknown-artifact,medium,30,active,2026-09-26,2026-09-26,1,,,,
3919d887ae62e9dd283e9443472ab81d4e13733910f27efede98afe350f96e14,sha256,unknown-artifact,medium,30,active,2026-10-04,2026-10-04,1,,,,
39226f315fb0f9d09caa083d45f992b6d8f0a0475a8578d935a87599d7779c85,sha256,unknown-artifact,medium,30,active,2026-10-03,2026-10-03,1,,,,
392817182cd52a8aa3152ca89838ff511ecd6534118cb33e107367f417586936,sha256,unknown-artifact,medium,30,active,2026-10-04,2026-10-04,1,,,,
3935b607a4c3af05cd472ed3be3aa782867b9357a12a45b2d9f824902ebea9fe,sha256,unknown-artifact,medium,30,active,2026-09-15,2026-09-15,1,,,,
393cf6dd2b88adfedb89a7fe37a92a5451a3590b106d56c46fbc4e3c4622c5fe,sha256,unknown-artifact,medium,30,active,2026-10-04,2026-10-04,1,,,,
3940074dfbe869e2dc15cbe5f605f41c693f5c3a858159607f36439ce55fa03a,sha256,unknown-artifact,medium,30,active,2026-09-15,2026-09-15,1,,,,
396af9ab0339cd74e027329099867ef66f4f72c6e30b0790f9bb222f563a93e1,sha256,unknown-artifact,medium,30,active,2026-09-30,2026-09-30,1,,,,
397df0639b5f1fc2e94e7290f07f5752c7be48968af150801371840c10bfb8c8,sha256,unknown-artifact,medium,30,active,2026-10-08,2026-10-08,1,,,,
398252bd638d09e8b7b7aabc181be238198fe2f7b7a8e4fff3723899ba43b4fc,sha256,unknown-artifact,medium,30,active,2026-10-09,2026-10-09,1,,,,
3990c11d1bde829a9e14ced57ce7bf6ccbc12b725d47d46e5b3be351b4ee5b49,sha256,unknown-artifact,medium,30,active,2026-10-03,2026-10-03,1,,,,
39943fcdc05dc3f5fa1b31054684d49bc38777adfb5b007873f2e0ad8ebe737e,sha256,unknown-artifact,medium,30,active,2026-10-09,2026-10-09,1,,,,
399b3ee138b8d086600b9f17ed068e1382fc4a3af6dfcf37852ff277603ba740,sha256,unknown-artifact,medium,30,active,2026-09-15,2026-09-15,1,,,,
39a6020c89b93542b30ad89f56daac5cff787a2bf91c7053eaed197f7e0b618a,sha256,unknown-artifact,medium,30,active,2026-09-15,2026-09-15,1,,,,
39b6e9aa48491c361917b0ef33046413dbafdfc23f1b5727cafcdc420d873e80,sha256,unknown-artifact,medium,30,active,2026-09-15,2026-09-15,1,,,,
39cad78eb5305666ee29f9f936df2f6e365fa05c954554a2150fb26007932c5a,sha256,unknown-artifact,medium,30,active,2026-10-07,2026-10-07,1,,,,
39cdc8c8af4c01f414e7bf298445f641ba5f09e35a49832bf76746d12d8f51e4,sha256,unknown-artifact,medium,30,active,2026-10-04,2026-10-04,1,,,,
39d84ba0fd251eeaf0eb29c8c5ab7b80425b6d83f98d1b627374a90c4bceffc9,sha256,unknown-artifact,medium,30,active,2026-09-15,2026-09-15,1,,,,
39e116014ced50788caed951a70866dab8d8a0b4d72f7a1b8b32a2fdc9c05fe7,sha256,unknown-artifact,medium,30,active,2026-09-30,2026-09-30,1,,,,
39e3151f999dedfaf64105a99d9a0e596c563bed161f520fef49694d5c28a4f8,sha256,unknown-artifact,medium,30,active,2026-09-15,2026-09-15,1,,,,
39eaa8e1c1c0559d2dd6435368b83fb51ba484c368bfeceb8ffc1c3148bfc054,sha256,unknown-artifact,medium,30,active,2026-10-06,2026-10-06,1,,,,
39f786f06974701a78fe2888b843cdf653c1f9f730600fb5d2409594d52ae791,sha256,unknown-artifact,medium,30,active,2026-09-30,2026-09-30,1,,,,
3a13cab65355753da8c473c46eac770d389e1c35f00924c7bffa430737be9df3,sha256,unknown-artifact,medium,30,active,2026-09-28,2026-09-28,1,,,,
3a185fd50991edccbc4aaf0f9bc2f1666dc7d52242edf532ae5d5ef9e02a1b57,sha256,unknown-artifact,medium,30,active,2026-09-25,2026-09-25,1,,,,
3a1d53b917ff5532009375ef6aba80310b66f1d9a8ed23531e4a2b393cd27382,sha256,unknown-artifact,medium,30,active,2026-10-09,2026-10-09,1,,,,
3a20dcfe4ba4addaa7e76fcecd356ba6e338a878f8dca94b40550df1bae83650,sha256,unknown-artifact,medium,30,active,2026-09-30,2026-09-30,1,,,,
3a228f0fe6407ba7b6ad3d9467b49252c035540288d6665937bdaa9ea0d8e2d8,sha256,unknown-artifact,medium,30,active,2026-09-15,2026-09-15,1,,,,
3a285facb6595838ced96e3e62317797ea101544ffc03dd1a2e77b6a78340221,sha256,unknown-artifact,medium,30,active,2026-09-15,2026-09-15,1,,,,
3a5298a4d9d9b522fd16d9331c591ec5caefe1728467e7010d1f5816c01d2e81,sha256,unknown-artifact,medium,30,active,2026-09-29,2026-09-29,1,,,,
3a631f0353c3dcadb7d3dc27e1b206268ac4e3ba608449e9025f0f610ae77093,sha256,unknown-artifact,medium,30,active,2026-09-15,2026-09-15,1,,,,
3a6e1484076cdea637380381f0d7836a847c0adb3f22da65a81151feb3058f41,sha256,unknown-artifact,medium,30,active,2026-10-03,2026-10-03,1,,,,
3a9f80d714ca0b6072170a13954004904a4dc634a3f93edcc04f4f70b90ed2d2,sha256,unknown-artifact,medium,30,active,2026-09-29,2026-09-29,1,,,,
3ab5d797bafed171c2ec2a16b0e87600834f3ca0a8f65be8c1baf08801ee6cab,sha256,unknown-artifact,medium,30,active,2026-09-29,2026-09-29,1,,,,
3ab7a8676178479adc018834dd32d56c9103f68ec2a32942c59684c8d51de767,sha256,unknown-artifact,medium,30,active,2026-09-15,2026-09-15,1,,,,
3ac2c1bd1ab077d59dfad0602b9c6b9264addbf80aed684fb22adf8055a6932f,sha256,unknown-artifact,medium,30,active,2026-09-29,2026-09-29,1,,,,
3ac81b33a24ec227f097f3c198107f3533c32c8c33ef48664097ff2412103dc8,sha256,unknown-artifact,medium,30,active,2026-09-15,2026-09-15,1,,,,
3ad521f7410268d327b2cfe07524758e7ae86705636d3c79ec947ae3cd453df5,sha256,unknown-artifact,medium,30,active,2026-09-28,2026-09-28,1,,,,
3adc148dd97790c4200dc3c229d8db385fcdb1c636824ed9b18cf2a17c214f5c,sha256,unknown-artifact,medium,30,active,2026-09-26,2026-09-26,1,,,,
3ae7730b0dc436b1906388c8028cc71a207ad1b01be32646dc9bc38406af00e8,sha256,unknown-artifact,medium,30,active,2026-09-22,2026-09-22,1,,,,
3af4e74acf9596c768f8c9e5737c2ef8e0d3bdaafef1dcd994e4a3baa4003720,sha256,unknown-artifact,medium,30,active,2026-09-25,2026-09-25,1,,,,
3b1ea3750e8cce27ecc839077c49cbfff6e96c0fcc3ebcdf8329c8feadbec8d4,sha256,unknown-artifact,medium,30,active,2026-10-09,2026-10-09,1,,,,
3b23e13fe85bef828370c3462c061802c2a4b82dfbcaf04fae01bd633a8fdfb0,sha256,unknown-artifact,medium,30,active,2026-09-30,2026-09-30,1,,,,
3b2ccadb1a020e61b66b7bbc44671cf291e5052599a0d404abdacc810b4bcc7d,sha256,unknown-artifact,medium,30,active,2026-09-26,2026-09-26,1,,,,
3b372e6cd56157012c417d4000ce86eaa714ca2e80d1c04b334dd91a0570c9f9,sha256,unknown-artifact,medium,30,active,2026-09-30,2026-09-30,1,,,,
3b3f47dda47ffc07d13e3543f2d34891704bd9a2d84754905c6891acddf3f2d6,sha256,unknown-artifact,medium,30,active,2026-09-29,2026-09-29,1,,,,
3b5485dd0909db36922ecd8578f18da11954810e63582f302c10881ac5c47534,sha256,unknown-artifact,medium,30,active,2026-09-25,2026-09-25,1,,,,
3b5e572713f14fe6d14c87c0b743312ba8b5ffacaaea313875d317e050e4a2e4,sha256,unknown-artifact,medium,30,active,2026-09-30,2026-09-30,1,,,,
3b7a7f2d32682d8296feeb2e0d7e2c88791ff8b5513f5a362b43e11944ab36e1,sha256,unknown-artifact,medium,30,active,2026-10-04,2026-10-04,1,,,,
3b80650cc711c53e1c38b16560225fc4d629847f68159749315aa7b5cf13d9a1,sha256,unknown-artifact,medium,30,active,2026-09-25,2026-09-25,1,,,,
3b893b3e6874bbba1e9643b835ca0bb68345208c529445d806a5855501ed603e,sha256,unknown-artifact,medium,30,active,2026-09-25,2026-09-25,1,,,,
3b9d1228c30bf20b52811287d23e53ee39d911ba139f092aef48313391d4d0a5,sha256,unknown-artifact,medium,30,active,2026-09-30,2026-09-30,1,,,,
3ba8296257265de6350a57953b4125a3e22dbb873a96caca3634a5ed10fca33a,sha256,unknown-artifact,medium,30,active,2026-09-26,2026-09-26,1,,,,
3bc64462bc89732ac7da437635630eeadf27586f65b2bf33224a46cd226ccaef,sha256,unknown-artifact,medium,30,active,2026-09-16,2026-09-16,1,,,,
3bcec62adde1ce998d28d06211030af422762fc3df5cde617022e0ccc72e8e3e,sha256,unknown-artifact,medium,30,active,2026-10-09,2026-10-09,1,,,,
3bd6d1e162aabda5896d8e5632faceab546e6c055ef622dcbcab2717578b8d9c,sha256,unknown-artifact,medium,30,active,2026-09-23,2026-09-23,1,,,,
3bdd05ce73a4357f07f04cc620266db2cfb793ded5eda88350a0b59712990f5e,sha256,unknown-artifact,medium,30,active,2026-10-03,2026-10-03,1,,,,
3be9b013b9097a3ab95f6e011ae87f8fc7882ddb4705f1fe553109f6ed16fa31,sha256,unknown-artifact,medium,30,active,2026-09-15,2026-09-15,1,,,,
3bec5636eff89f4489f4f21de8006fea21f3efd3b552de49de689a9f3813bfc4,sha256,unknown-artifact,medium,30,active,2026-09-30,2026-09-30,1,,,,
3bf0ad921873b7c23abbd114bd8c49c928777905ba7a15733d0de31c10bb036d,sha256,unknown-artifact,medium,30,active,2026-10-03,2026-10-03,1,,,,
3bfe6515ab601bbe24dbe8a5945c95bee3d6f9d01ec6df5d218ad2de2c0c7d29,sha256,unknown-artifact,medium,30,active,2026-09-26,2026-09-26,1,,,,
3c230f3b6cf3fdc14cb943a104e17e665c51100da1c1873e16e45aaaf4d53eea,sha256,unknown-artifact,medium,30,active,2026-09-26,2026-09-26,1,,,,
3c2342dd6ff749d6d788328e892c85afc170679bb017bd9559fa99b2c7aa8e0a,sha256,unknown-artifact,medium,30,active,2026-10-09,2026-10-09,1,,,,
3c2e378f25bf7df949722c0f935d04e03e4f8a5349eab8b48ea3456506726e72,sha256,unknown-artifact,medium,30,active,2026-09-24,2026-09-24,1,,,,
3c56dd5ed61af7e7b20f54288947a89a4891d181b10fe04560b55c5e82de1fa2,sha256,unknown-artifact,medium,30,active,2026-09-15,2026-09-15,1,,,,
3c68479471dcdcc49b90f604eb8936b40182d85de31225778810f58faa4f528b,sha256,unknown-artifact,medium,30,active,2026-09-15,2026-09-15,1,,,,
3c807605501763b6cdeb1b36446d4dd297773f6456cbdfc883b4c362f461d246,sha256,unknown-artifact,medium,30,active,2026-09-15,2026-09-15,1,,,,
3c8fdc7a1c522dece0b39fdaba805df78960c35527d5c23075a8a8738a858890,sha256,unknown-artifact,medium,30,active,2026-09-27,2026-09-27,1,,,,
3cadc2187cecb893f7e4bf7276f8e5c12d90da895ca7fde53dc4696287e67e93,sha256,unknown-artifact,medium,30,active,2026-09-22,2026-09-22,1,,,,
3cb02fdfdd234c55bb12da96ed5936238bf678559434fde5e6bbc895e30d33f8,sha256,unknown-artifact,medium,30,active,2026-09-28,2026-09-28,1,,,,
3cc77b3b99f6d6bb98c8082ca2dde7be46f058df3d2914e2bdcfb5e5195acc4f,sha256,unknown-artifact,medium,30,active,2026-09-15,2026-09-15,1,,,,
3ccd5f20b49edbcd6dbdf43d144cebe8e12e604f756e027cc3e31b82b0099557,sha256,unknown-artifact,medium,30,active,2026-10-07,2026-10-07,1,,,,
3cd703a7b08e4263c24c4e16d42f760a2d5740196be88275aff40f4ca2c6470d,sha256,unknown-artifact,medium,30,active,2026-09-15,2026-09-15,1,,,,
3ce785463a2bd0bbf2b7bcb3106d87fdfffd41bcc3bcab799d6fd3f2063c65d9,sha256,unknown-artifact,medium,30,active,2026-09-16,2026-09-16,1,,,,
3cf04a84d7b4af2fa58b91aa0a5fb724c43f8a6a81790b2e75580c01bc5981b0,sha256,unknown-artifact,medium,30,active,2026-09-15,2026-09-15,1,,,,
3cf83e88ecb3466feaacb07ac6b3198da007d0f4a064d69039e4e84d61aa7919,sha256,unknown-artifact,medium,30,active,2026-09-15,2026-09-15,1,,,,
3d0a5b6993120e7e0929d31d0c2fae44e565e67697ad41115a9c53c64716144a,sha256,unknown-artifact,medium,30,active,2026-10-07,2026-10-07,1,,,,
3d1c591c424875bccf29af0d96b8c1c51fba32b131b7b60e1d39e10f5b7f5a46,sha256,unknown-artifact,medium,30,active,2026-10-03,2026-10-03,1,,,,
3d1ff4331ddc8959e6f11986e405ebbc30ae5b3f470bffde7ebef5e1c18b6300,sha256,unknown-artifact,medium,30,active,2026-09-15,2026-09-15,1,,,,
3d20511d2faaecddb45fdb8c0a8c689402a61150e12946da43fdda54e3c931aa,sha256,unknown-artifact,medium,30,active,2026-09-27,2026-09-27,1,,,,
3d2144609468b9c976b69f9ef774e91b080a8e1e56ee11fab8bc7e0d3f7af060,sha256,unknown-artifact,medium,30,active,2026-09-15,2026-09-15,1,,,,
3d3d8803688a9a412d59801fd64901250e39499f1196c9d71b286f8084c28e77,sha256,unknown-artifact,medium,30,active,2026-10-03,2026-10-03,1,,,,
3d45f0eb779d08c6764e6beb50c610988f0e701ca5c9477d2e575a5ff1b22970,sha256,unknown-artifact,medium,30,active,2026-09-26,2026-09-26,1,,,,
3d47d1d692e0294e3539b1c5123c239ab4ab58228593462844a5efdaeb9f9523,sha256,unknown-artifact,medium,30,active,2026-10-04,2026-10-04,1,,,,
3d7c4388fa6e4e1285cf300609fec430c27768524f8a314bd66a77c6ce0f5757,sha256,unknown-artifact,medium,30,active,2026-09-26,2026-09-26,1,,,,
3d8a159275ca9dff7dc3f445d706c1916679300cf6c54a477109f9c27182167f,sha256,unknown-artifact,medium,30,active,2026-09-15,2026-09-15,1,,,,
3d988c090c4ba115e88216c5cb440267f34d16eb73644fb1d77cc1bab71cb706,sha256,unknown-artifact,medium,30,active,2026-09-27,2026-09-27,1,,,,
3da1c6478bfb23e60840d25b864f3bd593bbaecfffc28c633984b93489c5d4a4,sha256,unknown-artifact,medium,30,active,2026-09-25,2026-09-25,1,,,,
3da5049f7053184d6a9a21151cd1bffdc537d548f9014dc2bba50237b0efcd05,sha256,unknown-artifact,medium,30,active,2026-09-15,2026-09-15,1,,,,
3daa35ccd225e24139e642a2100b8b9c9d389ff16b6a875bf8cbc037550b9dc1,sha256,unknown-artifact,medium,30,active,2026-09-30,2026-09-30,1,,,,
3dad8e97281c1d12bcbc738b4aeb048d7be33438ae5029bad394d3f4a128c84e,sha256,unknown-artifact,medium,30,active,2026-10-10,2026-10-10,1,,,,
3db018bf85ff45bbe74db754fa335b49731b72d3d59d50c2ff3c4e3759d8db73,sha256,unknown-artifact,medium,30,active,2026-10-09,2026-10-09,1,,,,
3db55e56d68a4177ec36560782b5db8ee3214b8fc9e280dd8eddac15d50ffdd5,sha256,unknown-artifact,medium,30,active,2026-09-30,2026-09-30,1,,,,
3dcd5597ecf5dbf78d13ea13c5491f663ff1157d5865c6d20a002bc647cf0ba3,sha256,unknown-artifact,medium,30,active,2026-10-04,2026-10-04,1,,,,
3dcefcb03b8bc1ca348794ad9be2dad5e02c7f036a0e090f95cf9c575a26822a,sha256,unknown-artifact,medium,30,active,2026-10-09,2026-10-09,1,,,,
3de89a668246ba84d4f005f73bd2425a6783eee1a7c585d176c749e79149e342,sha256,unknown-artifact,medium,30,active,2026-09-23,2026-09-23,1,,,,
3dea05743ca0be51fd5ae7a44112a0622d6f0ba3248be46c04ca374e1d610959,sha256,unknown-artifact,medium,30,active,2026-09-30,2026-09-30,1,,,,
3dec01eb91b50beb8e79c87c4331eaf9adfc6107580266bc369ad0ef18845527,sha256,unknown-artifact,medium,30,active,2026-09-30,2026-09-30,1,,,,
3e037f7d339e6b1c067a830ef54ad8181ca20f55003c9b44485793c6cac794ef,sha256,unknown-artifact,medium,30,active,2026-09-30,2026-09-30,1,,,,
3e0b1d0201558d81af2177e5592565e96470813778a6656d0d49c64eef546976,sha256,unknown-artifact,medium,30,active,2026-10-09,2026-10-09,1,,,,
3e26821e3e20086297d6055732b1ae02ab1ffa764d27e36d77a05114c22cf20b,sha256,unknown-artifact,medium,30,active,2026-09-27,2026-09-27,1,,,,
3e27ed4d810b0491f845bf8468b86b9db2857ad9fac07e5bcccc3304c0b58fcf,sha256,unknown-artifact,medium,30,active,2026-10-10,2026-10-10,1,,,,
3e456c597c1da1cb22c87b4e6c86e27f192b3a54dcd76151032585bc516c447b,sha256,unknown-artifact,medium,30,active,2026-09-16,2026-09-16,1,,,,
3e4652218edc294a942dc1c52dbb34a4a304e7140a292b67b2e17552f2afd110,sha256,unknown-artifact,medium,30,active,2026-10-09,2026-10-09,1,,,,
3e5c3dd9dc405926c00cd2d3043410fd182de384cebbe9f8b185e7c48e7955ff,sha256,unknown-artifact,medium,30,active,2026-09-30,2026-09-30,1,,,,
3e6fc083f09b99d706d2d211fc2fb1c559a71e71d49fa9982b396a703d9380d7,sha256,unknown-artifact,medium,30,active,2026-09-16,2026-09-16,1,,,,
3e7ca2e59c94d3423663ca1d57858a7e3f1fd1ad529840c0c0a583f31cc397e1,sha256,unknown-artifact,medium,30,active,2026-09-26,2026-09-26,1,,,,
3e7f0dc598450d8021c6cc88e4be8842ecc05612375bfa32af774dd058843057,sha256,unknown-artifact,medium,30,active,2026-10-04,2026-10-04,1,,,,
3e983a95b13d8235fc990952137959e43d1ea354c011b710a579c9c65e9bb688,sha256,unknown-artifact,medium,30,active,2026-10-10,2026-10-10,1,,,,
3ea0647ec8d3b41fb33ecc442fba210a2e14cd4b7121fed25b76745e0f35f6b6,sha256,unknown-artifact,medium,30,active,2026-09-28,2026-09-28,1,,,,
3ea6add06d74c6bd69441675baa7a65e5032fcba371a0aa14f025475867b4ae3,sha256,unknown-artifact,medium,30,active,2026-09-23,2026-09-23,1,,,,
3eb460bd8308856fd500d785a95de4e373bc6be192efa7e34644cd6dab56698b,sha256,unknown-artifact,medium,30,active,2026-10-04,2026-10-04,1,,,,
3eb7a045cc1c483f7e4811f1b4ee5e4220ab03fe3f3f484bc4c660f811a8b44f,sha256,unknown-artifact,medium,30,active,2026-09-15,2026-09-15,1,,,,
3ec399fe5dcdadb6f9289f599c48aafe61ca5bcd57c3b41c7d630fb86c4080a7,sha256,unknown-artifact,medium,30,active,2026-10-03,2026-10-03,1,,,,
3ec73dfad59ef5434d02ffa3ee032db3cf57ed62b1a1a34451cc5a93f55a02d2,sha256,unknown-artifact,medium,30,active,2026-09-27,2026-09-27,1,,,,
3ee9393b39be0dfb25604d42d246167cc0f4b4fb11faa2e024e3bc63297cf43a,sha256,unknown-artifact,medium,30,active,2026-09-15,2026-09-15,1,,,,
3efbbb7b6631d836289187f75aa69314940c2764b0a22483e27c2e33d269baa6,sha256,unknown-artifact,medium,30,active,2026-09-30,2026-09-30,1,,,,
3efd3f411533eb4dd5c99650cc53a10caa744689682199dc073d2ad468dd0749,sha256,unknown-artifact,medium,30,active,2026-09-16,2026-09-16,1,,,,
3f033536fb04cdd9a8db51cf8483f1e51fb4833e7de4558916067ed2ecdf89fd,sha256,unknown-artifact,medium,30,active,2026-10-04,2026-10-04,1,,,,
3f06c79fc35842ba0f9f3c7d22e386f35f1db03275d7b43142860a0f05ac1f5b,sha256,unknown-artifact,medium,30,active,2026-09-15,2026-09-15,1,,,,
3f3726a93e4d41146ec3a2055c162166996532b5c596d8153f87941959be7f05,sha256,unknown-artifact,medium,30,active,2026-09-30,2026-09-30,1,,,,
3f3a11bafabb1a35db913cfe51995f2e357d049e268860175876ae5a93d23892,sha256,unknown-artifact,medium,30,active,2026-09-14,2026-09-14,1,,,,
3f3bf218089d1488617d37f8a5116bb2791eb39ce06a1b5bc9a4cdfe5e94dd39,sha256,unknown-artifact,medium,30,active,2026-09-14,2026-09-14,1,,,,
3f593fa8b72aa9bacef56ef6a6bde1ed63e44e67d5f004994348bcd3305ba133,sha256,unknown-artifact,medium,30,active,2026-09-25,2026-09-25,1,,,,
3f627dd5feab11f6b36e381bdf0f0fc4fe467ce80422f642771b392ba4a679e7,sha256,unknown-artifact,medium,30,active,2026-09-27,2026-09-27,1,,,,
3f6af154e030479ac61eadf539512f846a9c84ca15d0fc1c3abd08151d8fe96f,sha256,unknown-artifact,medium,30,active,2026-09-24,2026-09-24,1,,,,
3f6b67c69b0022fc1fdc46d3371b59d617153ee802490aa5d29c9c997d3f690f,sha256,unknown-artifact,medium,30,active,2026-09-29,2026-09-29,1,,,,
3f7cf03cf3503830c6a670ad9820ec792fb1fe20294c14124da15113bd49dc98,sha256,unknown-artifact,medium,30,active,2026-10-04,2026-10-04,1,,,,
3f86f3906b7feca715f4fe78a0d73b2becb579bacd47dfcb3490b1a28d6f02c1,sha256,unknown-artifact,medium,30,active,2026-09-14,2026-09-14,1,,,,
3f8fe4a647ca87f10716ed6a3975e98e4941ae08399dd964ed096f3aebf56c95,sha256,unknown-artifact,medium,30,active,2026-10-06,2026-10-06,1,,,,
3f98d31bd27f405ef393c7c24fc67c9f092e44af1d935031aa5e27589d400644,sha256,unknown-artifact,medium,30,active,2026-10-09,2026-10-09,1,,,,
3fa41efaa3172cf4cee4782c2caedc93170b06e7a1c0fd23c255500ee7927d67,sha256,unknown-artifact,medium,30,active,2026-10-07,2026-10-07,1,,,,
3fa47b00ba9dbeecfcfd55866fb638d67503fc108b2b4cfa3be80b920e62ec22,sha256,unknown-artifact,medium,30,active,2026-09-30,2026-09-30,1,,,,
3fa605ee18a94a1a24f7f1905930ddb74d826d009330b954029064a001a168dc,sha256,unknown-artifact,medium,30,active,2026-10-04,2026-10-04,1,,,,
3faaac2d9393c5bd3928396e6d4319b2102c6a4a07e8c8457d6687ba20c3cea9,sha256,unknown-artifact,medium,30,active,2026-09-15,2026-09-15,1,,,,
3fb175610a54bef623a661713d79e5cb74fab662aa5d12a7a85121ab6a4b0bdc,sha256,unknown-artifact,medium,30,active,2026-10-03,2026-10-03,1,,,,
3fb99fa95d9c8621e97f4a4c9c101d6513f9a0495d7878e0757238f0cafe7865,sha256,unknown-artifact,medium,30,active,2026-09-27,2026-09-27,1,,,,
3fbb95d16ecad53c7cbfa5e271ffba6300eee0d5a2db88d9e37dc225506e3f1e,sha256,unknown-artifact,medium,30,active,2026-10-09,2026-10-09,1,,,,
3fc1a95c1176afe2190fe7662c5efe52b074af76bde2ff6203f164adfe3e1a62,sha256,unknown-artifact,medium,30,active,2026-09-26,2026-09-26,1,,,,
3fd280c201811a369fdf90dcb136d7e254076c99e0bef003d56342bbff0a3123,sha256,unknown-artifact,medium,30,active,2026-09-15,2026-09-15,1,,,,
3fd871014d5960cd469ce41a82e219bcb1af9f88826f33d0788072ee288a6721,sha256,unknown-artifact,medium,30,active,2026-09-15,2026-09-15,1,,,,
3ffdd78ce5d8a60186c292c13bad39c6e7e08d06522ed81a619d55dec95edc71,sha256,unknown-artifact,medium,30,active,2026-09-30,2026-09-30,1,,,,
4.148.240.253,ip,http-scan,low,30,stale,2026-09-30,2026-09-30,1,8075,"MICROSOFT-CORP-MSN-AS-BLOCK - Microsoft Corporation, US",US,
4.150.192.14,ip,http-scan,low,30,active,2026-10-04,2026-10-04,1,8075,"MICROSOFT-CORP-MSN-AS-BLOCK - Microsoft Corporation, US",US,
40.119.35.56,ip,http-scan,low,30,expired,2026-09-14,2026-09-14,1,8075,"MICROSOFT-CORP-MSN-AS-BLOCK - Microsoft Corporation, US",US,
40.124.168.247,ip,http-scan,low,30,stale,2026-10-03,2026-10-03,1,8075,"MICROSOFT-CORP-MSN-AS-BLOCK - Microsoft Corporation, US",US,
40.124.171.151,ip,http-scan,low,30,stale,2026-09-27,2026-09-27,1,8075,"MICROSOFT-CORP-MSN-AS-BLOCK - Microsoft Corporation, US",US,
40.124.178.137,ip,http-scan,low,30,stale,2026-10-03,2026-10-03,1,8075,"MICROSOFT-CORP-MSN-AS-BLOCK - Microsoft Corporation, US",US,
40.124.179.12,ip,http-scan,low,30,expired,2026-09-14,2026-09-14,1,8075,"MICROSOFT-CORP-MSN-AS-BLOCK - Microsoft Corporation, US",US,
40.124.186.171,ip,http-scan,low,30,stale,2026-10-02,2026-10-02,1,8075,"MICROSOFT-CORP-MSN-AS-BLOCK - Microsoft Corporation, US",US,
40.124.186.184,ip,http-scan,low,30,stale,2026-09-29,2026-09-29,1,8075,"MICROSOFT-CORP-MSN-AS-BLOCK - Microsoft Corporation, US",US,
40.124.80.46,ip,http-scan,low,30,stale,2026-09-27,2026-09-27,1,8075,"MICROSOFT-CORP-MSN-AS-BLOCK - Microsoft Corporation, US",US,
40.65.59.119,ip,http-scan,low,30,stale,2026-09-30,2026-09-30,1,8075,"MICROSOFT-CORP-MSN-AS-BLOCK - Microsoft Corporation, US",US,
40.67.174.134,ip,http-scan,low,30,active,2026-10-07,2026-10-07,1,8075,"MICROSOFT-CORP-MSN-AS-BLOCK - Microsoft Corporation, US",US,
40.67.179.230,ip,http-scan,low,30,stale,2026-09-27,2026-09-27,1,8075,"MICROSOFT-CORP-MSN-AS-BLOCK - Microsoft Corporation, US",US,
40.74.212.9,ip,http-scan,low,30,stale,2026-09-29,2026-09-29,1,8075,"MICROSOFT-CORP-MSN-AS-BLOCK - Microsoft Corporation, US",US,
40.74.212.90,ip,http-scan,low,30,expired,2026-09-16,2026-09-16,1,8075,"MICROSOFT-CORP-MSN-AS-BLOCK - Microsoft Corporation, US",US,
40082b6777b8bedca0f3f1cf46b229e422206692110ebd3e7fff91c7582ba39c,sha256,unknown-artifact,medium,30,active,2026-10-09,2026-10-09,1,,,,
4010e1b504c871dd70fef563580028bf51242000dd7337ab7c4d00e36934ead2,sha256,unknown-artifact,medium,30,active,2026-09-27,2026-09-27,1,,,,
402c47eebbc6fb7762edb799e434286c551bb189cbfabe43cf552788175756c6,sha256,unknown-artifact,medium,30,active,2026-10-09,2026-10-09,1,,,,
40376ac2da67e3169828a9a3e4cdf931d0ca07d96469e303e3744e5e3599c224,sha256,unknown-artifact,medium,30,active,2026-09-15,2026-09-15,1,,,,
403f58a73b7090734e83618517ef852117451d30f02c38431834c1abb28672dc,sha256,unknown-artifact,medium,30,active,2026-10-03,2026-10-03,1,,,,
40502ac60b2604bab58812af29fdb87b0e94d3039508f8f7c8f3e98359acc483,sha256,unknown-artifact,medium,30,active,2026-09-15,2026-09-15,1,,,,
407011c9cecf8e5b19386d9f3d22d287f8481b831fa90a1a9e1e708cc287c96d,sha256,unknown-artifact,medium,30,active,2026-09-15,2026-09-15,1,,,,
4078d3703e7c3fce1b79a7d32e2defb51752f236f2d24f938763da8147abe62c,sha256,unknown-artifact,medium,30,active,2026-10-10,2026-10-10,1,,,,
407fb78f20f4510b70cab0657a997166736e5f1f73cd418cab2e2359beb923e2,sha256,unknown-artifact,medium,30,active,2026-10-09,2026-10-09,1,,,,
4081af17d2d1bf3d747543dae75c980dda1333dfb2381ec77fcc2596e149a593,sha256,unknown-artifact,medium,30,active,2026-09-15,2026-09-15,1,,,,
408383573758c44faab15de59572c736abba1781fe53b62ece4c43fdd818e144,sha256,unknown-artifact,medium,30,active,2026-09-16,2026-09-16,1,,,,
40899eccf7520ef566415f81978ca028627f968ec4a92b3c981f67ebdb693971,sha256,unknown-artifact,medium,30,active,2026-09-26,2026-09-26,1,,,,
40a12974d39583e7577b4b29a119d380635ee675d744671f1d711b622c1a7e6e,sha256,unknown-artifact,medium,30,active,2026-09-26,2026-09-26,1,,,,
40a1e93ff2ef606c6b49da7ea427e06688e2d083812f6cf331afe1d2de56d272,sha256,unknown-artifact,medium,30,active,2026-10-10,2026-10-10,1,,,,
40b02d57b0771f0497709e170a10369806e07887130b7fc2f8d9ddbf645cbf2a,sha256,unknown-artifact,medium,30,active,2026-09-15,2026-09-15,1,,,,
40c88fda589e4938d67b639956a578bcfca129d2d120fc2a1b3887feded481e5,sha256,unknown-artifact,medium,30,active,2026-09-16,2026-09-16,1,,,,
40d2179978ea3d2a46e7eeab20dc5c35430867cdf8ed9d3c8e5e4b499670048d,sha256,unknown-artifact,medium,30,active,2026-09-24,2026-09-24,1,,,,
40ded636f4eba4f69e42c8e811f70d4d8d862358791b0b8c5164859425760a18,sha256,unknown-artifact,medium,30,active,2026-09-27,2026-09-27,1,,,,
41137e123fdd010a8602d5c091af7745f9259bf74b909231e6c96acbaae31692,sha256,unknown-artifact,medium,30,active,2026-09-16,2026-09-16,1,,,,
411bea82e43d2753a513aa6d89673c461ab9afafcf0f1945ee18dc3400bd92b4,sha256,unknown-artifact,medium,30,active,2026-09-30,2026-09-30,1,,,,
412759f780e6b154266247f67002d8ccae13224fa22a32e4ed0433223f3796f2,sha256,unknown-artifact,medium,30,active,2026-09-15,2026-09-15,1,,,,
41455b748c38594c85893593540dd682bfdfaaf6b6b42568367a92f2886181a7,sha256,unknown-artifact,medium,30,active,2026-10-03,2026-10-03,1,,,,
4161b287516ae47148f01146b29d942dd4f24bc97c6c54f393a3be7b528a78de,sha256,unknown-artifact,medium,30,active,2026-09-30,2026-09-30,1,,,,
4178cbc92d90a8e9f299a4e5bdc9164cc19b1e996bbf871d45f5bfcc1f81edbd,sha256,unknown-artifact,medium,30,active,2026-10-04,2026-10-04,1,,,,
4195f0035c669469f9f700c2ce5fcb6fd7128989f308f142b5a718a061a6542e,sha256,unknown-artifact,medium,30,active,2026-10-03,2026-10-03,1,,,,
41a5f0835217b92938edfa79cc1abf663e311e8b14a76ed307029bd609211862,sha256,unknown-artifact,medium,30,active,2026-09-29,2026-09-29,1,,,,
41b4e835f19f1bc6c1ab11bb257b336f71d65115877c6a3311ebf2fb590a0061,sha256,unknown-artifact,medium,30,active,2026-09-14,2026-09-14,1,,,,
41cbb300afc9096500dd2bd9f237564eb9b917a777fd84874ee047b739be9361,sha256,unknown-artifact,medium,30,active,2026-09-15,2026-09-15,1,,,,
41d0ddeef091a075842382445259c7f9bc047096a8c2b29b09a63c058bcf583c,sha256,unknown-artifact,medium,30,active,2026-09-25,2026-09-25,1,,,,
41deb084190048709fbdf3aa3ab9cc49ac1304971dfaafd357dbe3b3363e37e8,sha256,unknown-artifact,medium,30,active,2026-09-25,2026-09-25,1,,,,
41eae7fd72fffa739a17a5f5aa2bce68e0d16dbd35d146c94bcb1b4a4869608b,sha256,unknown-artifact,medium,30,active,2026-10-04,2026-10-04,1,,,,
41edf6e61ed42a3c6848b0ae91ddc5662377c09a3ed38fcd9f9e82664294bcfd,sha256,unknown-artifact,medium,30,active,2026-10-03,2026-10-03,1,,,,
41fbe4a4f1e8760cdece1b78c237b2c5e2b9e4972d3ce18dc928cfe4e329dfd1,sha256,unknown-artifact,medium,30,active,2026-10-04,2026-10-04,1,,,,
4204507c3936082300b9472eb25ac7f2844e850a624b27991299366fa05881ef,sha256,unknown-artifact,medium,30,active,2026-09-30,2026-09-30,1,,,,
4211efe4ba3819aa090cdd2eb847fba8c361be7f5567a9f8f914edd252cf816f,sha256,unknown-artifact,medium,30,active,2026-09-25,2026-09-25,1,,,,
4213620b0e3d6077cd8a36375ea6b78dc1b716fe2346ba120c9fed806b009174,sha256,unknown-artifact,medium,30,active,2026-09-27,2026-09-27,1,,,,
422246d46ce200fe81700901ffc6c2a826491b0a4abd5a225209a8318e95f466,sha256,unknown-artifact,medium,30,active,2026-09-15,2026-09-15,1,,,,
42289e188d1525fa7a0f2d0aa8b2210970f2d5a58924dfaf168514bf49123115,sha256,unknown-artifact,medium,30,active,2026-09-15,2026-09-15,1,,,,
423917784e7ebba8894d3d20281b8a3af4e81bb15f002268bbbbef7c2438fb84,sha256,unknown-artifact,medium,30,active,2026-09-16,2026-09-16,1,,,,
424c73a2525cf207bcc3b1f80bc3063b4c8744a9471ef7a71a437e2df81e3678,sha256,unknown-artifact,medium,30,active,2026-10-10,2026-10-10,1,,,,
427e198c6b9061f75ba3f058cef9272ab672ef1eb0e2f0bf5f3753ac6cabffef,sha256,unknown-artifact,medium,30,active,2026-09-30,2026-09-30,1,,,,
427f93cafd9cc19be6eec03e590c9c6cdf9f688a5eaf21fa8d72351e2b15fd05,sha256,unknown-artifact,medium,30,active,2026-10-04,2026-10-04,1,,,,
4288e379c4ffd96df778144d828955c99f82b7bc1f0f7a79ebdee27de6913e95,sha256,unknown-artifact,medium,30,active,2026-09-15,2026-09-15,1,,,,
428fe40d0e25d3a4e4de9ac1e9bd7d37827566cf645ecadff25552aee804af56,sha256,unknown-artifact,medium,30,active,2026-10-04,2026-10-04,1,,,,
42938635e9d244f3e0b7bc0dca80cc776e430766780741595beb0f2e66b25d7a,sha256,unknown-artifact,medium,30,active,2026-10-09,2026-10-09,1,,,,
429d689512c97e13f385719aae54b050efeef8485a49a7dff5fc3e37e89e1f4b,sha256,unknown-artifact,medium,30,active,2026-09-26,2026-09-26,1,,,,
42aeb5ecbf1f70d796e0186aed2a0cafd1b5a4885ddf94b481a2380b2a35e873,sha256,unknown-artifact,medium,30,active,2026-09-30,2026-09-30,1,,,,
42b320db04d45e1474f46952ecbbf2e4377089de8e9a67138a0e4ba8c516fe04,sha256,unknown-artifact,medium,30,active,2026-10-09,2026-10-09,1,,,,
42c84d2105c1dd3bf12aaf7d991e1cfcad6b707ffc972ac2d4fb723ed7a6adbf,sha256,unknown-artifact,medium,30,active,2026-09-25,2026-09-25,1,,,,
42da99b23709e89614481fe3c3e1ff7b0cd57a6f30605a4f0880b117d4dbae1e,sha256,unknown-artifact,medium,30,active,2026-09-25,2026-09-25,1,,,,
42ddf16160235f1c66ff4bdb7b316f6c83856c05bed7e502e467271312618180,sha256,unknown-artifact,medium,30,active,2026-09-30,2026-09-30,1,,,,
42de3e013aff0ac7a658515a32d60a931160d5939216307d355dfc14e9d6f28d,sha256,unknown-artifact,medium,30,active,2026-09-15,2026-09-15,1,,,,
43.128.149.102,ip,http-scan,low,30,stale,2026-10-03,2026-10-03,1,132203,"TENCENT-NET-AP-CN - Tencent Building, Kejizhongyi Avenue, CN",SG,
43.130.14.245,ip,http-scan,low,30,active,2026-10-08,2026-10-08,1,132203,"TENCENT-NET-AP-CN - Tencent Building, Kejizhongyi Avenue, CN",SG,
43.130.15.147,ip,http-scan,low,30,active,2026-10-04,2026-10-04,1,132203,"TENCENT-NET-AP-CN - Tencent Building, Kejizhongyi Avenue, CN",SG,
43.130.57.76,ip,http-scan,low,30,active,2026-10-07,2026-10-07,1,132203,"TENCENT-NET-AP-CN - Tencent Building, Kejizhongyi Avenue, CN",SG,
43.130.60.195,ip,http-scan,low,30,active,2026-10-07,2026-10-07,1,132203,"TENCENT-NET-AP-CN - Tencent Building, Kejizhongyi Avenue, CN",SG,
43.130.67.6,ip,http-scan,low,30,stale,2026-09-30,2026-09-30,1,132203,"TENCENT-NET-AP-CN - Tencent Building, Kejizhongyi Avenue, CN",SG,
43.133.14.237,ip,http-scan,low,30,stale,2026-10-01,2026-10-01,1,132203,"TENCENT-NET-AP-CN - Tencent Building, Kejizhongyi Avenue, CN",SG,
43.133.66.51,ip,http-scan,low,30,stale,2026-10-02,2026-10-02,1,132203,"TENCENT-NET-AP-CN - Tencent Building, Kejizhongyi Avenue, CN",SG,
43.133.91.48,ip,http-scan,low,30,stale,2026-10-03,2026-10-03,1,132203,"TENCENT-NET-AP-CN - Tencent Building, Kejizhongyi Avenue, CN",SG,
43.134.163.229,ip,http-scan,low,30,stale,2026-10-03,2026-10-03,1,132203,"TENCENT-NET-AP-CN - Tencent Building, Kejizhongyi Avenue, CN",SG,
43.134.38.171,ip,http-scan,low,30,stale,2026-09-29,2026-09-29,1,132203,"TENCENT-NET-AP-CN - Tencent Building, Kejizhongyi Avenue, CN",SG,
43.135.115.233,ip,http-scan,low,30,stale,2026-09-27,2026-09-27,1,132203,"TENCENT-NET-AP-CN - Tencent Building, Kejizhongyi Avenue, CN",SG,
43.135.145.117,ip,http-scan,low,30,active,2026-10-09,2026-10-09,1,132203,"TENCENT-NET-AP-CN - Tencent Building, Kejizhongyi Avenue, CN",SG,
43.139.84.164,ip,ssh-probe,low,20,expired,2026-09-10,2026-09-10,1,45090,"TENCENT-NET-AP - Shenzhen Tencent Computer Systems Company Limited, CN",CN,
43.153.100.234,ip,http-scan,low,30,stale,2026-09-27,2026-09-27,1,132203,"TENCENT-NET-AP-CN - Tencent Building, Kejizhongyi Avenue, CN",SG,
43.154.140.188,ip,http-scan,low,30,stale,2026-10-02,2026-10-02,1,132203,"TENCENT-NET-AP-CN - Tencent Building, Kejizhongyi Avenue, CN",SG,
43.156.229.76,ip,ssh-probe,low,20,active,2026-10-08,2026-10-08,1,132203,"TENCENT-NET-AP-CN - Tencent Building, Kejizhongyi Avenue, CN",SG,
43.156.41.180,ip,http-scan,low,30,stale,2026-09-29,2026-09-29,1,132203,"TENCENT-NET-AP-CN - Tencent Building, Kejizhongyi Avenue, CN",SG,
43.156.49.104,ip,http-scan,low,30,expired,2026-09-24,2026-09-24,1,132203,"TENCENT-NET-AP-CN - Tencent Building, Kejizhongyi Avenue, CN",SG,
43.157.181.189,ip,http-scan,low,30,active,2026-10-08,2026-10-08,1,132203,"TENCENT-NET-AP-CN - Tencent Building, Kejizhongyi Avenue, CN",SG,
43.157.200.191,ip,http-scan,low,30,expired,2026-09-22,2026-09-22,1,132203,"TENCENT-NET-AP-CN - Tencent Building, Kejizhongyi Avenue, CN",SG,
43.157.22.109,ip,http-scan,low,30,active,2026-10-07,2026-10-07,1,132203,"TENCENT-NET-AP-CN - Tencent Building, Kejizhongyi Avenue, CN",SG,
43.157.82.252,ip,http-scan,low,30,active,2026-10-06,2026-10-06,1,132203,"TENCENT-NET-AP-CN - Tencent Building, Kejizhongyi Avenue, CN",SG,
43.159.128.237,ip,http-scan,low,30,active,2026-10-04,2026-10-04,1,132203,"TENCENT-NET-AP-CN - Tencent Building, Kejizhongyi Avenue, CN",SG,
43.159.152.187,ip,http-scan,low,30,active,2026-10-09,2026-10-09,1,132203,"TENCENT-NET-AP-CN - Tencent Building, Kejizhongyi Avenue, CN",SG,
43.159.35.188,ip,http-scan,low,30,stale,2026-09-29,2026-09-29,1,132203,"TENCENT-NET-AP-CN - Tencent Building, Kejizhongyi Avenue, CN",SG,
43.160.225.169,ip,http-scan,low,30,active,2026-10-04,2026-10-04,1,132203,"TENCENT-NET-AP-CN - Tencent Building, Kejizhongyi Avenue, CN",SG,
43.162.103.213,ip,http-scan,low,30,stale,2026-09-29,2026-09-29,1,132203,"TENCENT-NET-AP-CN - Tencent Building, Kejizhongyi Avenue, CN",SG,
43.163.206.70,ip,http-scan,low,30,active,2026-10-07,2026-10-07,1,132203,"TENCENT-NET-AP-CN - Tencent Building, Kejizhongyi Avenue, CN",SG,
43.163.86.65,ip,http-scan,low,30,active,2026-10-07,2026-10-07,1,132203,"TENCENT-NET-AP-CN - Tencent Building, Kejizhongyi Avenue, CN",SG,
43.164.131.148,ip,http-scan,low,30,stale,2026-09-30,2026-09-30,1,132203,"TENCENT-NET-AP-CN - Tencent Building, Kejizhongyi Avenue, CN",SG,
43.164.196.244,ip,http-scan,low,30,stale,2026-10-03,2026-10-03,1,132203,"TENCENT-NET-AP-CN - Tencent Building, Kejizhongyi Avenue, CN",SG,
43.165.126.130,ip,http-scan,low,30,stale,2026-09-30,2026-09-30,1,132203,"TENCENT-NET-AP-CN - Tencent Building, Kejizhongyi Avenue, CN",SG,
43.165.198.144,ip,http-scan,low,30,active,2026-10-08,2026-10-08,1,132203,"TENCENT-NET-AP-CN - Tencent Building, Kejizhongyi Avenue, CN",SG,
43.166.130.123,ip,http-scan,low,30,stale,2026-10-02,2026-10-02,1,132203,"TENCENT-NET-AP-CN - Tencent Building, Kejizhongyi Avenue, CN",SG,
43.166.253.94,ip,http-scan,low,30,stale,2026-10-03,2026-10-03,1,132203,"TENCENT-NET-AP-CN - Tencent Building, Kejizhongyi Avenue, CN",SG,
43011ce60212df4cf4df7028af0c0328993545caa0058c43ed16139515a8e546,sha256,unknown-artifact,medium,30,active,2026-10-04,2026-10-04,1,,,,
43014f9149bd52adb1832ec4b0ad1ee6a67591898755879b6d75f24d671e5c12,sha256,unknown-artifact,medium,30,active,2026-09-28,2026-09-28,1,,,,
432bd54cdfc68ac0e582f747a410b5570b41e247fa9d9a1d15fbe1ca0d93914d,sha256,unknown-artifact,medium,30,active,2026-09-15,2026-09-15,1,,,,
432e312e154a795df90fdb744b967774fd92bc9d9ef6ef6f9e72e8c59f20baa4,sha256,unknown-artifact,medium,30,active,2026-09-15,2026-09-15,1,,,,
433612531cce22b2887bc3eaaef6b9f5bea0ca742de1c3e6e3dc8928c28fa581,sha256,unknown-artifact,medium,30,active,2026-09-26,2026-09-26,1,,,,
43418f6d0b2c61edcdfe19c24e59dc4c3c146329165dd620b28a0c0e4b683ab0,sha256,unknown-artifact,medium,30,active,2026-09-22,2026-09-22,1,,,,
4355a46b19d348dc2f57c046f8ef63d4538ebb936000f3c9ee954a27460dd865,sha256,unknown-artifact,medium,30,active,2026-09-15,2026-09-15,1,,,,
43653b010951858aeaffb3c3b336ecc2772b99d7a25ff2d0ed7e11d53722bb4f,sha256,unknown-artifact,medium,30,active,2026-10-08,2026-10-08,1,,,,
4378b6c9251c646f19781fe68ac6ed07b0543b3d825653369a18561b938abe25,sha256,unknown-artifact,medium,30,active,2026-10-03,2026-10-03,1,,,,
437af6f7df3e60df69e5b2dfa6c33d359984a45e3595fd0d6ee994fbbe2e5124,sha256,unknown-artifact,medium,30,active,2026-09-15,2026-09-15,1,,,,
438941fbddcc061ca6610d06fb6f157be79638a45d8f48aae701b9f4e7625c99,sha256,unknown-artifact,medium,30,active,2026-10-04,2026-10-04,1,,,,
439427974b3c7747f85b2ab893edd10abc8cf7d478864312562ab53910305ecf,sha256,unknown-artifact,medium,30,active,2026-10-03,2026-10-03,1,,,,
4396aadebe8ba95acac06495ede3490ed2a594ff2c60f38c1598c0d1fbc064b2,sha256,unknown-artifact,medium,30,active,2026-10-03,2026-10-03,1,,,,
4398977152d1f076a4a392954c4c774ce50ffc3b0414adf936d834a5f0673602,sha256,unknown-artifact,medium,30,active,2026-10-04,2026-10-04,1,,,,
439e2770c7235ede3b45436259be377bf0ee080b983f3a73237e0383c229107d,sha256,unknown-artifact,medium,30,active,2026-09-30,2026-09-30,1,,,,
43a456235661730dd403ca00b92f1cbe86bde3a747085e400cc8b2d6721090a3,sha256,unknown-artifact,medium,30,active,2026-09-23,2026-09-23,1,,,,
43d1a88003021fbc076d5ea97f9603462ded643c09e502e016b7962aa5b10a2e,sha256,unknown-artifact,medium,30,active,2026-09-15,2026-09-15,1,,,,
43d2aae8648d098cba836b0d14bbfe85a0dc2a53d01c3dca65af204837f91d17,sha256,unknown-artifact,medium,30,active,2026-09-28,2026-09-28,1,,,,
43de35c9ab4c857cc279eeb21921a72dd743715456a9973e3db39e21ea2bbb31,sha256,unknown-artifact,medium,30,active,2026-09-16,2026-09-16,1,,,,
44.201.107.251,ip,http-scan,low,30,active,2026-10-07,2026-10-07,1,14618,"AMAZON-AES - Amazon.com, Inc., US",US,
44.201.218.27,ip,http-scan,low,30,expired,2026-09-26,2026-09-26,1,14618,"AMAZON-AES - Amazon.com, Inc., US",US,
44.201.252.11,ip,http-scan,low,30,expired,2026-09-25,2026-09-25,1,14618,"AMAZON-AES - Amazon.com, Inc., US",US,
44.202.18.236,ip,http-scan,low,30,expired,2026-09-22,2026-09-22,1,14618,"AMAZON-AES - Amazon.com, Inc., US",US,
44.202.7.21,ip,http-scan,low,30,expired,2026-09-16,2026-09-16,1,14618,"AMAZON-AES - Amazon.com, Inc., US",US,
44.203.114.235,ip,http-scan,low,30,active,2026-10-06,2026-10-06,1,14618,"AMAZON-AES - Amazon.com, Inc., US",US,
44.204.37.191,ip,http-scan,low,30,stale,2026-09-29,2026-09-29,1,14618,"AMAZON-AES - Amazon.com, Inc., US",US,
44.211.148.114,ip,http-scan,low,30,active,2026-10-09,2026-10-09,1,14618,"AMAZON-AES - Amazon.com, Inc., US",US,
44.220.145.170,ip,ssh-probe,low,20,expired,2026-09-10,2026-09-10,1,14618,"AMAZON-AES - Amazon.com, Inc., US",US,
44.220.185.106,ip,ssh-probe,low,20,expired,2026-09-26,2026-09-26,1,14618,"AMAZON-AES - Amazon.com, Inc., US",US,
44.220.185.84,ip,http-scan,low,30,stale,2026-10-02,2026-10-02,1,14618,"AMAZON-AES - Amazon.com, Inc., US",US,
44.220.188.93,ip,http-scan,low,30,expired,2026-09-25,2026-09-25,1,14618,"AMAZON-AES - Amazon.com, Inc., US",US,
4410ea1fc1b9e458230a0628af767d8ed639c0951c46b1f603147d7ab1abf99c,sha256,unknown-artifact,medium,30,active,2026-10-07,2026-10-07,1,,,,
442024d143c2f2507c1313b9a806f088aaaf73f0a5945b293ed3478ac3f3b588,sha256,unknown-artifact,medium,30,active,2026-09-15,2026-09-15,1,,,,
443aa198df75e2068a10b31325a4b3257d16b2dc700a4da3de481b03f7638135,sha256,unknown-artifact,medium,30,active,2026-09-23,2026-09-23,1,,,,
443c631b666b05a5c0ac8b20c7eb87e0943b865d03cc7047967eb2dc3978f31c,sha256,unknown-artifact,medium,30,active,2026-09-27,2026-09-27,1,,,,
4444f979c2d7c804efed9fb4dad4791d0ee7cf0be0123aae189070a7d2ad4c78,sha256,unknown-artifact,medium,30,active,2026-10-07,2026-10-07,1,,,,
444e74f5fb962ad17e8c268f7f39d0553851714dda00e59680f6c891a06af2a7,sha256,unknown-artifact,medium,30,active,2026-10-04,2026-10-04,1,,,,
444fa921a2b7d48554db6438b33a0d0b38699936a1fa1a83d6fbee3bb21fa7f5,sha256,unknown-artifact,medium,30,active,2026-09-29,2026-09-29,1,,,,
4462fbff761fc5af9bbc1cd72044ee8e872424b4a1e3c54f463e9913bda66bb2,sha256,unknown-artifact,medium,30,active,2026-10-04,2026-10-04,1,,,,
446c6affc45b56e34d2819e48570b6fcb8d1d01c82143961950c7a746d2741e4,sha256,unknown-artifact,medium,30,active,2026-09-30,2026-09-30,1,,,,
44780985f5bd497dee7a4b6354cd6c7719f01be3f676750de5ebc855cf97474b,sha256,unknown-artifact,medium,30,active,2026-10-04,2026-10-04,1,,,,
4485e539db6afb005a3a0c07323bda4d9cf3d9c8353a22b40542fd70488f8fa4,sha256,unknown-artifact,medium,30,active,2026-09-23,2026-09-23,1,,,,
448eca047c29af0deddab75f3b9913ff976e101d12ff32ee6d0c5bf784dce10c,sha256,unknown-artifact,medium,30,active,2026-10-03,2026-10-03,1,,,,
448f13f9dfdc105c0e0e33abe2ca9f69ceea3615cc9559837afca2262eb0e171,sha256,unknown-artifact,medium,30,active,2026-10-07,2026-10-07,1,,,,
44b6b13c2989d7452841863dbd4cd44d3f7fc263338f2fe9ce0d3931e7c11b45,sha256,unknown-artifact,medium,30,active,2026-09-30,2026-09-30,1,,,,
44d845e08015cd9af5189112b90db493e26e5cd83a49bd325c86ac3b59bdea9d,sha256,unknown-artifact,medium,30,active,2026-09-30,2026-09-30,1,,,,
44dfde12d21cee16a2a398354d8f4822a9404025e8e181dc6d4289e90492ec56,sha256,unknown-artifact,medium,30,active,2026-09-29,2026-09-29,1,,,,
44e3e7aab8c37bfbfa1c6b3a117844a632412e9a772b1240250ee1a010fde8c9,sha256,unknown-artifact,medium,30,active,2026-09-23,2026-09-23,1,,,,
44f612829182412606e30f334e1b5afd071a11bf81ce33c56a55b15e300ce826,sha256,unknown-artifact,medium,30,active,2026-10-03,2026-10-03,1,,,,
45.114.84.126,ip,http-scan,low,30,active,2026-10-09,2026-10-09,1,63969,"RACEONLINE-BD - Race Online Limited, BD",BD,
45.130.203.143,ip,http-scan,low,30,active,2026-10-08,2026-10-08,1,137409,"GSLNETWORKS-AS-AP - GSL Networks Pty LTD, AU",NL,
45.130.203.183,ip,http-scan,low,30,stale,2026-10-03,2026-10-03,1,137409,"GSLNETWORKS-AS-AP - GSL Networks Pty LTD, AU",NL,
45.130.203.187,ip,http-scan,low,30,stale,2026-10-03,2026-10-03,1,137409,"GSLNETWORKS-AS-AP - GSL Networks Pty LTD, AU",NL,
45.130.203.197,ip,http-scan,low,30,active,2026-10-08,2026-10-08,1,137409,"GSLNETWORKS-AS-AP - GSL Networks Pty LTD, AU",NL,
45.130.203.203,ip,http-scan,low,30,active,2026-10-08,2026-10-08,1,137409,"GSLNETWORKS-AS-AP - GSL Networks Pty LTD, AU",NL,
45.130.203.218,ip,http-scan,low,30,active,2026-10-08,2026-10-08,1,137409,"GSLNETWORKS-AS-AP - GSL Networks Pty LTD, AU",NL,
45.130.203.232,ip,http-scan,low,30,active,2026-10-08,2026-10-08,1,137409,"GSLNETWORKS-AS-AP - GSL Networks Pty LTD, AU",NL,
45.130.203.238,ip,http-scan,low,30,active,2026-10-08,2026-10-08,1,137409,"GSLNETWORKS-AS-AP - GSL Networks Pty LTD, AU",NL,
45.134.225.16,ip,http-scan,low,30,active,2026-10-05,2026-10-05,1,213438,"colocatel-inc - ColocaTel Inc., SC",DE,
45.141.116.84,ip,http-scan,low,30,active,2026-10-04,2026-10-04,1,207695,"dataflair - Mario Kurz trading as LUME Solutions, DE",DE,
45.142.193.144,ip,http-scan,low,30,stale,2026-09-28,2026-09-28,1,213388,"IIC-AS - IIC RAIL LIMITED, GB",RO,
45.156.128.131,ip,research-scanner,info,90,active,2026-10-02,2026-10-02,1,211680,"AS-BITSIGHT - NSEC - Sistemas Informaticos, S.A., PT",PT,
45.156.128.157,ip,research-scanner,info,90,active,2026-10-08,2026-10-08,1,211680,"AS-BITSIGHT - NSEC - Sistemas Informaticos, S.A., PT",PT,
45.156.128.202,ip,research-scanner,info,90,active,2026-09-22,2026-09-22,1,211680,"AS-BITSIGHT - NSEC - Sistemas Informaticos, S.A., PT",PT,
45.156.128.43,ip,research-scanner,info,90,active,2026-10-02,2026-10-02,1,211680,"AS-BITSIGHT - NSEC - Sistemas Informaticos, S.A., PT",PT,
45.156.129.131,ip,http-scan,low,30,active,2026-10-08,2026-10-08,1,211680,"AS-BITSIGHT - NSEC - Sistemas Informaticos, S.A., PT",PT,
45.156.129.46,ip,http-scan,low,30,stale,2026-10-02,2026-10-02,1,211680,"AS-BITSIGHT - NSEC - Sistemas Informaticos, S.A., PT",PT,
45.156.129.48,ip,http-scan,low,30,expired,2026-09-22,2026-09-22,1,211680,"AS-BITSIGHT - NSEC - Sistemas Informaticos, S.A., PT",PT,
45.156.129.61,ip,http-scan,low,30,expired,2026-09-25,2026-09-25,1,211680,"AS-BITSIGHT - NSEC - Sistemas Informaticos, S.A., PT",PT,
45.156.129.63,ip,http-scan,low,30,expired,2026-09-25,2026-09-25,1,211680,"AS-BITSIGHT - NSEC - Sistemas Informaticos, S.A., PT",PT,
45.156.129.73,ip,http-scan,low,30,active,2026-10-04,2026-10-04,1,211680,"AS-BITSIGHT - NSEC - Sistemas Informaticos, S.A., PT",PT,
45.156.129.76,ip,http-scan,low,30,expired,2026-09-22,2026-09-22,1,211680,"AS-BITSIGHT - NSEC - Sistemas Informaticos, S.A., PT",PT,
45.156.129.78,ip,http-scan,low,30,expired,2026-09-22,2026-09-22,1,211680,"AS-BITSIGHT - NSEC - Sistemas Informaticos, S.A., PT",PT,
45.156.129.97,ip,ssh-probe,low,20,expired,2026-09-13,2026-09-13,1,211680,"AS-BITSIGHT - NSEC - Sistemas Informaticos, S.A., PT",PT,
45.3.37.127,ip,http-scan,low,30,stale,2026-10-01,2026-10-01,1,200373,"Drei-K-Tech-GmbH - 3xK Tech GmbH, DE",DE,
45.33.12.214,ip,ssh-probe,low,20,expired,2026-09-26,2026-09-26,1,63949,"AKAMAI-LINODE-AP - Akamai Connected Cloud, SG",US,
45.33.14.197,ip,ssh-probe,low,20,active,2026-10-08,2026-10-08,1,63949,"AKAMAI-LINODE-AP - Akamai Connected Cloud, SG",US,
45.33.16.32,ip,http-scan,low,30,stale,2026-09-29,2026-09-29,1,63949,"AKAMAI-LINODE-AP - Akamai Connected Cloud, SG",US,
45.33.17.77,ip,http-scan,low,30,expired,2026-09-26,2026-09-26,1,63949,"AKAMAI-LINODE-AP - Akamai Connected Cloud, SG",US,
45.33.90.118,ip,http-scan,low,30,active,2026-10-09,2026-10-09,1,63949,"AKAMAI-LINODE-AP - Akamai Connected Cloud, SG",US,
45.40.136.39,ip,http-scan,low,30,stale,2026-09-30,2026-09-30,1,398101,"GO-DADDY-COM-LLC - GoDaddy.com, LLC, US",US,
45.43.57.138,ip,http-scan,low,30,stale,2026-09-27,2026-09-27,1,135377,"UCLOUD-HK-AS-AP - UCLOUD INFORMATION TECHNOLOGY (HK) LIMITED, HK",US,
45.55.153.86,ip,http-scan,low,30,stale,2026-10-01,2026-10-01,1,14061,"DIGITALOCEAN-ASN - DigitalOcean, LLC, US",US,
45.55.186.92,ip,http-scan,low,30,stale,2026-09-28,2026-09-28,1,14061,"DIGITALOCEAN-ASN - DigitalOcean, LLC, US",US,
45.63.4.69,ip,ssh-probe,low,20,expired,2026-09-13,2026-09-13,1,20473,"AS-VULTR - The Constant Company, LLC, US",US,
45.74.28.13,ip,http-scan,low,30,stale,2026-09-27,2026-09-27,1,219326,"SULAVIL - SULAVI LTD, GB",US,
45.74.28.16,ip,http-scan,low,30,expired,2026-09-26,2026-09-26,1,219326,"SULAVIL - SULAVI LTD, GB",US,
45.74.28.200,ip,http-scan,low,30,stale,2026-10-01,2026-10-01,1,219326,"SULAVIL - SULAVI LTD, GB",US,
45.74.28.220,ip,http-scan,low,30,active,2026-10-07,2026-10-07,1,219326,"SULAVIL - SULAVI LTD, GB",US,
45.74.28.39,ip,http-scan,low,30,stale,2026-09-27,2026-09-27,1,219326,"SULAVIL - SULAVI LTD, GB",US,
45.79.115.59,ip,ssh-probe,low,20,active,2026-10-08,2026-10-08,1,63949,"AKAMAI-LINODE-AP - Akamai Connected Cloud, SG",US,
45.79.128.205,ip,http-scan,low,30,expired,2026-09-15,2026-09-15,1,63949,"AKAMAI-LINODE-AP - Akamai Connected Cloud, SG",US,
45.79.181.104,ip,http-scan,low,30,stale,2026-10-03,2026-10-03,1,63949,"AKAMAI-LINODE-AP - Akamai Connected Cloud, SG",US,
45.79.181.251,ip,http-scan,low,30,stale,2026-09-30,2026-09-30,1,63949,"AKAMAI-LINODE-AP - Akamai Connected Cloud, SG",US,
45.79.8.221,ip,ssh-probe,low,20,expired,2026-09-26,2026-09-26,1,63949,"AKAMAI-LINODE-AP - Akamai Connected Cloud, SG",US,
451113380f537e117e8e251021da622c124df261650645d72b125038c17fe1e9,sha256,unknown-artifact,medium,30,active,2026-10-06,2026-10-06,1,,,,
454345408f859f7db73275bc6beac51d31207b4757d03812aea42c2d530aaf2c,sha256,unknown-artifact,medium,30,active,2026-09-30,2026-09-30,1,,,,
4548b721b2f08471b3c68b535a3089a94ac86e931ba3f5a12bea25bda1ae6518,sha256,unknown-artifact,medium,30,active,2026-10-04,2026-10-04,1,,,,
456e7086a1b84595aa5d9fe478bdf6baa82e140ed232921f546f9025a35d177c,sha256,unknown-artifact,medium,30,active,2026-10-03,2026-10-03,1,,,,
45763a83feb52a80c9491754bdbb6a236f3860e062c39d610fead2f46fbcbddb,sha256,unknown-artifact,medium,30,active,2026-10-04,2026-10-04,1,,,,
45788b43270a95cdfbfb8f82eedbf7d23c7be9464661896c8283b8b65a36dadc,sha256,unknown-artifact,medium,30,active,2026-09-27,2026-09-27,1,,,,
4599eb7267bfc3ef172272c3232cb028d7db6b1374c6ec69b56130c35d910a91,sha256,unknown-artifact,medium,30,active,2026-09-24,2026-09-24,1,,,,
45bfc0441b638dd3ae2d7c3dd4266128a5c74fac59599b4ac0a2cb82a8ab3aa1,sha256,unknown-artifact,medium,30,active,2026-09-29,2026-09-29,1,,,,
45cd574a6bf5d7595783d53c2f492c90de8a0e2d18b5048751fe4b7a31ca4722,sha256,unknown-artifact,medium,30,active,2026-10-04,2026-10-04,1,,,,
45d581ba298d83e2258b4c94dc8ae9d3abb037ad5470fe3972dfbdc0fdb8fc02,sha256,unknown-artifact,medium,30,active,2026-09-15,2026-09-15,1,,,,
45d5d8f575a7d0b8038884fe68aef4a3ba092facf0e955704579e7ce62f79915,sha256,unknown-artifact,medium,30,active,2026-09-27,2026-09-27,1,,,,
45e5d0db63544fa289a07a93a4a9bacd000b780a5b30e55701b343b468144655,sha256,unknown-artifact,medium,30,active,2026-09-15,2026-09-15,1,,,,
45f4ca3c99cad905e0e47946a0e918be9d842d9c78cbb783b70530e46721b602,sha256,unknown-artifact,medium,30,active,2026-09-23,2026-09-23,1,,,,
45f7d626c39ba8b3915623f0c4c6c5d6ccddcd372287691a0144a8d06751944a,sha256,unknown-artifact,medium,30,active,2026-09-27,2026-09-27,1,,,,
45fe78e73178aea62f9067e920af9562b6e7f1cff14d941f1b7234b1e0356c20,sha256,unknown-artifact,medium,30,active,2026-09-28,2026-09-28,1,,,,
46.101.171.39,ip,http-scan,low,30,active,2026-10-07,2026-10-07,1,14061,"DIGITALOCEAN-ASN - DigitalOcean, LLC, US",US,
46.101.26.165,ip,ssh-probe,low,20,stale,2026-10-07,2026-10-07,1,14061,"DIGITALOCEAN-ASN - DigitalOcean, LLC, US",US,
46.151.178.133,ip,http-scan,low,30,expired,2026-09-24,2026-09-24,1,211443,"SINOWORLDWIDE - SINO WORLDWIDE TRADING LIMITED, HK",NL,
46.29.26.138,ip,http-scan,low,30,expired,2026-09-26,2026-09-26,1,132359,"MSROBITRADERS-AS-AP - M/S ROBI TRADERS, BD",TR,
46.33.39.222,ip,ssh-probe,low,20,expired,2026-09-11,2026-09-11,1,31593,"BLACKSEA - TV Company _Black Sea_ Ltd, UA",UA,
460c0dedf2c18d19c9eff867b5e8697e8c3a90d7ba329292805a554333244d42,sha256,unknown-artifact,medium,30,active,2026-09-15,2026-09-15,1,,,,
46210dddc66714c3d8d226711510cf8421774214016c508c72a833a05370f6b5,sha256,unknown-artifact,medium,30,active,2026-09-30,2026-09-30,1,,,,
4639fb4e173ce458fd25b37c2a6974f23dfd7c8a85739a0482ea82033c87e162,sha256,unknown-artifact,medium,30,active,2026-10-03,2026-10-03,1,,,,
4648eca4947cec13c30b5c17f1249999b7a752239ee773548d75180d2db6baa7,sha256,unknown-artifact,medium,30,active,2026-09-30,2026-09-30,1,,,,
4648fc46214e1040a86e32d039eb6ae80bedfac92ba7c4609ba7d4cf9d29183b,sha256,unknown-artifact,medium,30,active,2026-10-03,2026-10-03,1,,,,
465733d46a6dd7032cb8c897a9d43c659ad1304e6bde1a1964be27f21490892b,sha256,unknown-artifact,medium,30,active,2026-10-06,2026-10-06,1,,,,
465c06e7695a32227f694bfefbb944ff4775144edef86783635c737f2ae1d88f,sha256,unknown-artifact,medium,30,active,2026-09-30,2026-09-30,1,,,,
4661a94c99fa66324fd6d6570ee11e1492341934383715fdd43de4764f6828c5,sha256,unknown-artifact,medium,30,active,2026-09-22,2026-09-22,1,,,,
466306fe4e5611664b65d4b3eae987b384c0c08c27f90c6eef3a00ab9a671ddd,sha256,unknown-artifact,medium,30,active,2026-10-03,2026-10-03,1,,,,
46664a4ad5383496e342eec8c08b4d72527a9a544c47f33ec8725b846d400b52,sha256,unknown-artifact,medium,30,active,2026-09-30,2026-09-30,1,,,,
466a214117b3fab88d0ebbcafb8e2649413bb933cf87e5fbc49d86c37572df9a,sha256,unknown-artifact,medium,30,active,2026-09-27,2026-09-27,1,,,,
466ce225a1614f0b2ab41e644f0bff3bf696c4fef675e6fd424808fb1c47bf80,sha256,unknown-artifact,medium,30,active,2026-10-04,2026-10-04,1,,,,
466ce378f54424dd57f56431add8d7b9472d8a2d5015755bc3660970f1627079,sha256,unknown-artifact,medium,30,active,2026-09-24,2026-09-24,1,,,,
4671fd36499ffd28d4cfc3dc357ee3af6569a7efe0e812fb0ef30571cced2d97,sha256,unknown-artifact,medium,30,active,2026-09-15,2026-09-15,1,,,,
4675fc83229ba252cc9c80e2da47f8721051c420c79dc8fc5b0c123f356df6bc,sha256,unknown-artifact,medium,30,active,2026-10-10,2026-10-10,1,,,,
467dc63ac66e1b7f06f35b88a85e55abca06ea0dd39a982d7e5fb86864d85b95,sha256,unknown-artifact,medium,30,active,2026-10-03,2026-10-03,1,,,,
469718097bc036a89c23dd557b4a197711db942e7abcab9d21d4b980e4e6905a,sha256,unknown-artifact,medium,30,active,2026-10-06,2026-10-06,1,,,,
46980b151e97274b763240c17bbc9a6b9567d4b210aa326861e4f7564ead8077,sha256,unknown-artifact,medium,30,active,2026-09-30,2026-09-30,1,,,,
46a49bc8ec4e67450a0fd1d51a062a5057ca1b3865ee22a600ea459beb73f272,sha256,unknown-artifact,medium,30,active,2026-09-30,2026-09-30,1,,,,
46a4a9eedf0f456b3bd393b97c7a51ce21149a8062b86979439a8e08c2db908c,sha256,unknown-artifact,medium,30,active,2026-10-09,2026-10-09,1,,,,
46b633bb44a124f9cc63749afada6cb112badd69bed449c2f5bd69eb044d2e93,sha256,unknown-artifact,medium,30,active,2026-09-30,2026-09-30,1,,,,
46ed5db761ace1333a0355be6ea976edcc480bb01d0d24c4a971aafc7d41b1a2,sha256,unknown-artifact,medium,30,active,2026-09-30,2026-09-30,1,,,,
46fb7bb920d9674f79418aa4ea7fafd9ca6f5ed46a84176cd0f03f3d05a38344,sha256,unknown-artifact,medium,30,active,2026-09-27,2026-09-27,1,,,,
46fc672628e190cda5f0eec3bc8107d3282296be2881546c441880a7a03ca805,sha256,unknown-artifact,medium,30,active,2026-10-04,2026-10-04,1,,,,
47.112.190.24,ip,ssh-probe,low,20,expired,2026-09-26,2026-09-26,1,37963,"ALIBABA-CN-NET - Hangzhou Alibaba Advertising Co.,Ltd., CN",CN,
47.239.216.212,ip,ssh-probe,low,20,expired,2026-09-11,2026-09-11,1,45102,"ALIBABA-CN-NET - Alibaba (US) Technology Co., Ltd., CN",US,
47.245.57.72,ip,ssh-probe,low,20,expired,2026-09-13,2026-09-13,1,45102,"ALIBABA-CN-NET - Alibaba (US) Technology Co., Ltd., CN",US,
47.250.141.6,ip,http-scan,low,30,active,2026-10-09,2026-10-09,1,45102,"ALIBABA-CN-NET - Alibaba (US) Technology Co., Ltd., CN",US,
47.250.160.119,ip,http-scan,low,30,expired,2026-09-15,2026-09-15,1,45102,"ALIBABA-CN-NET - Alibaba (US) Technology Co., Ltd., CN",US,
47.251.118.89,ip,http-scan,low,30,expired,2026-09-26,2026-09-26,1,45102,"ALIBABA-CN-NET - Alibaba (US) Technology Co., Ltd., CN",US,
47.251.13.32,ip,http-scan,low,30,expired,2026-09-25,2026-09-25,1,45102,"ALIBABA-CN-NET - Alibaba (US) Technology Co., Ltd., CN",US,
47.251.69.119,ip,http-scan,low,30,expired,2026-09-26,2026-09-26,1,45102,"ALIBABA-CN-NET - Alibaba (US) Technology Co., Ltd., CN",US,
47.254.24.110,ip,http-scan,low,30,stale,2026-09-28,2026-09-28,1,45102,"ALIBABA-CN-NET - Alibaba (US) Technology Co., Ltd., CN",US,
47.254.242.200,ip,http-scan,low,30,active,2026-10-06,2026-10-06,1,45102,"ALIBABA-CN-NET - Alibaba (US) Technology Co., Ltd., CN",US,
47.254.50.151,ip,http-scan,low,30,stale,2026-10-03,2026-10-03,1,45102,"ALIBABA-CN-NET - Alibaba (US) Technology Co., Ltd., CN",US,
47.254.72.182,ip,ssh-probe,low,20,expired,2026-09-14,2026-09-14,1,45102,"ALIBABA-CN-NET - Alibaba (US) Technology Co., Ltd., CN",US,
47.254.85.182,ip,http-scan,low,30,active,2026-10-04,2026-10-04,1,45102,"ALIBABA-CN-NET - Alibaba (US) Technology Co., Ltd., CN",US,
47.74.56.223,ip,http-scan,low,30,stale,2026-09-28,2026-09-28,1,45102,"ALIBABA-CN-NET - Alibaba (US) Technology Co., Ltd., CN",US,
47.77.218.221,ip,http-scan,low,30,active,2026-10-09,2026-10-09,1,45102,"ALIBABA-CN-NET - Alibaba (US) Technology Co., Ltd., CN",US,
47.77.223.200,ip,http-scan,low,30,expired,2026-09-23,2026-09-23,1,45102,"ALIBABA-CN-NET - Alibaba (US) Technology Co., Ltd., CN",US,
47.82.68.249,ip,http-scan,low,30,stale,2026-09-30,2026-09-30,1,45102,"ALIBABA-CN-NET - Alibaba (US) Technology Co., Ltd., CN",US,
47.84.138.180,ip,http-scan,low,30,stale,2026-09-29,2026-09-29,1,45102,"ALIBABA-CN-NET - Alibaba (US) Technology Co., Ltd., CN",US,
47.84.184.157,ip,http-scan,low,30,stale,2026-10-02,2026-10-02,1,45102,"ALIBABA-CN-NET - Alibaba (US) Technology Co., Ltd., CN",US,
47.84.205.209,ip,http-scan,low,30,active,2026-10-08,2026-10-08,1,45102,"ALIBABA-CN-NET - Alibaba (US) Technology Co., Ltd., CN",US,
47.84.206.186,ip,http-scan,low,30,expired,2026-09-25,2026-09-25,1,45102,"ALIBABA-CN-NET - Alibaba (US) Technology Co., Ltd., CN",US,
47.88.101.3,ip,http-scan,low,30,active,2026-10-04,2026-10-04,1,45102,"ALIBABA-CN-NET - Alibaba (US) Technology Co., Ltd., CN",US,
47.88.77.140,ip,http-scan,low,30,stale,2026-10-01,2026-10-01,1,45102,"ALIBABA-CN-NET - Alibaba (US) Technology Co., Ltd., CN",US,
47.88.86.63,ip,http-scan,low,30,stale,2026-10-03,2026-10-03,1,45102,"ALIBABA-CN-NET - Alibaba (US) Technology Co., Ltd., CN",US,
47.88.93.234,ip,http-scan,low,30,active,2026-10-04,2026-10-04,1,45102,"ALIBABA-CN-NET - Alibaba (US) Technology Co., Ltd., CN",US,
47.88.94.28,ip,http-scan,low,30,expired,2026-09-25,2026-09-25,1,45102,"ALIBABA-CN-NET - Alibaba (US) Technology Co., Ltd., CN",US,
47.89.195.210,ip,http-scan,low,30,expired,2026-09-25,2026-09-25,1,45102,"ALIBABA-CN-NET - Alibaba (US) Technology Co., Ltd., CN",US,
47.94.83.216,ip,ssh-probe,low,20,expired,2026-09-10,2026-09-10,1,37963,"ALIBABA-CN-NET - Hangzhou Alibaba Advertising Co.,Ltd., CN",CN,
47.98.240.112,ip,ssh-probe,low,20,active,2026-10-08,2026-10-08,1,37963,"ALIBABA-CN-NET - Hangzhou Alibaba Advertising Co.,Ltd., CN",CN,
4726d575a91831356209971db8a416a409d2b522871113fe2b3666a9d947e6a9,sha256,unknown-artifact,medium,30,active,2026-09-27,2026-09-27,1,,,,
473a925122ffbe6de8e374a8401bac3ca7d09cee7a4f57994f2bcd152d5b1536,sha256,unknown-artifact,medium,30,active,2026-09-26,2026-09-26,1,,,,
474eaf0ab0c7e6dbbb41355df805f1204d5d7ad54a49c233d80ba91c8e2f795b,sha256,unknown-artifact,medium,30,active,2026-10-04,2026-10-04,1,,,,
4754617af62e96af95d6419a0153d6310459ed4792292c0c79205d7b1c20edac,sha256,unknown-artifact,medium,30,active,2026-09-15,2026-09-15,1,,,,
4765f2d84217027be6058f0b39b1d24b14a9d29283bbc4a4410a4dcd23cd2dec,sha256,unknown-artifact,medium,30,active,2026-09-30,2026-09-30,1,,,,
4768b2d586db6e6d9f39aa3af462eb74cb6b24b025b6648ff47a934706b41d97,sha256,unknown-artifact,medium,30,active,2026-09-29,2026-09-29,1,,,,
476e54af58749267969064a6eef5f41f479d6cb56da197a1065b0eefebba62be,sha256,unknown-artifact,medium,30,active,2026-10-10,2026-10-10,1,,,,
47706fdd08db87d0e80490020c555b1d7dd54e4901efb7c6227a860a0d02d95c,sha256,unknown-artifact,medium,30,active,2026-09-28,2026-09-28,1,,,,
477c2b99550dbb8795eac849326fb9428c769c79649465d8c802d3effed56609,sha256,unknown-artifact,medium,30,active,2026-10-09,2026-10-09,1,,,,
47946bdc2cb85dd132b38e8cbe8c6a995a5a54f0f639c6d444a7f7632d51ffe8,sha256,unknown-artifact,medium,30,active,2026-09-15,2026-09-15,1,,,,
4795a1c2517089e4df569afd77c04e949139cf299c87f012b894fccf91df4594,sha256,unknown-artifact,medium,30,active,2026-09-15,2026-09-15,1,,,,
47a25976c7c2155620e0110a3c544ffc0a8bbc502bf5ab7836ee5b43bcb0fde9,sha256,unknown-artifact,medium,30,active,2026-09-30,2026-09-30,1,,,,
47ae21247733a6652b286f3072f49dbc8147b972eeaee3f04e5c7d4058c1b976,sha256,unknown-artifact,medium,30,active,2026-09-15,2026-09-15,1,,,,
47c23ef331b0b2839d4e4faf3ad53fb7edcaf5bd9f8b90c15847b9d0598678aa,sha256,unknown-artifact,medium,30,active,2026-09-30,2026-09-30,1,,,,
47d448eb1533d3dd5aac4e6156cb461a00d0a470edd711aa0b8c69f273293a50,sha256,unknown-artifact,medium,30,active,2026-09-30,2026-09-30,1,,,,
47d9d50866694bfc00adf7e2940382d837fdd1a7c45e1aa8a1fff6a3a748fc23,sha256,unknown-artifact,medium,30,active,2026-10-03,2026-10-03,1,,,,
47de97e16916cd2d895d58e6406cf39c7aec6f4b29a114d53f1d1d8a652c625b,sha256,unknown-artifact,medium,30,active,2026-09-30,2026-09-30,1,,,,
47fd778021c611c775d39f24e73515f34492ec18100aa83bfd6757d13e6ab18c,sha256,unknown-artifact,medium,30,active,2026-09-22,2026-09-22,1,,,,
48.214.147.203,ip,http-scan,low,30,stale,2026-10-02,2026-10-02,1,8075,"MICROSOFT-CORP-MSN-AS-BLOCK - Microsoft Corporation, US",GB,
4802bb4b0bafc741aebc9a5d6a160beca99a0c83f5fa325e0b7b6626993afced,sha256,unknown-artifact,medium,30,active,2026-10-09,2026-10-09,1,,,,
481ed81a598b1574a79de170b2cebafb83a3cff990ac16e4d4df069c776249bc,sha256,unknown-artifact,medium,30,active,2026-09-30,2026-09-30,1,,,,
484903246200f83bee38d68dbd07f94d23b656f6c868d63ecba322150def6398,sha256,unknown-artifact,medium,30,active,2026-10-03,2026-10-03,1,,,,
485197fd5a9999d7a8086eeaf4a8e03ac12bc128a31bbbb19db1df9d8d8f0195,sha256,unknown-artifact,medium,30,active,2026-09-15,2026-09-15,1,,,,
48592a482786d9bfd8d1063f5d01158c42df0d7b6083fab6f43aa18ef1af9999,sha256,unknown-artifact,medium,30,active,2026-09-15,2026-09-15,1,,,,
485f6d7f8e02fd69eba4284e28b285afeba0bc2ffc5be1200e16c04247988c99,sha256,unknown-artifact,medium,30,active,2026-09-26,2026-09-26,1,,,,
486a0fb641f4dd0b99fba3c4f932abb33281840b840536de8c228f79e4c0d3ec,sha256,unknown-artifact,medium,30,active,2026-09-15,2026-09-15,1,,,,
487a2cb4b069c7c5eac765ab90bc5fe95c49e7381476f91550fa702e3faa1c7c,sha256,unknown-artifact,medium,30,active,2026-09-23,2026-09-23,1,,,,
488a814dd54cea9e15f908b3bd93dc9588fd35cfc5f8c26df0b1394db63ced9b,sha256,unknown-artifact,medium,30,active,2026-10-07,2026-10-07,1,,,,
488cd4b95923b20587debbd1a747d9e04b85b3ff2b274e36660401e194576626,sha256,unknown-artifact,medium,30,active,2026-09-16,2026-09-16,1,,,,
4892f2693d6e4280b3b0430a9c2c24497491ec00b144c2bc7401e058b733821c,sha256,unknown-artifact,medium,30,active,2026-09-16,2026-09-16,1,,,,
48ae761c9fff90d7ff9515858406803f535953c864921c1c4bbd925ea8486a6f,sha256,unknown-artifact,medium,30,active,2026-09-23,2026-09-23,1,,,,
48af0a576f69763d6ab18180406fca208be72ee4586467628764f65a084d74b9,sha256,unknown-artifact,medium,30,active,2026-10-10,2026-10-10,1,,,,
48af56143c14237c9bb1632ba516c0b4b6fa349dbae793add4ff6f52ae426539,sha256,unknown-artifact,medium,30,active,2026-09-15,2026-09-15,1,,,,
48bb0345edaee21fe8b7976bdb8a4e5228f6404beba45208ea967f830cd7902b,sha256,unknown-artifact,medium,30,active,2026-09-14,2026-09-14,1,,,,
48bb4f48184f1dc71746a43353ae3d92aa29619a1a9f23cb216ba491ca9165f5,sha256,unknown-artifact,medium,30,active,2026-09-16,2026-09-16,1,,,,
48cc66186dedd86f0088288c47e23e278e712080470c09978b93e2b4226a6b84,sha256,unknown-artifact,medium,30,active,2026-09-15,2026-09-15,1,,,,
48d980faf3db1b903cc90a3ab1cfe499e4f708f8bfe425c56ec657e192fb639c,sha256,unknown-artifact,medium,30,active,2026-09-25,2026-09-25,1,,,,
48db358afd0138a1e66821f820308b3d9469c3805fd77576a669a7845e0888f6,sha256,unknown-artifact,medium,30,active,2026-10-04,2026-10-04,1,,,,
48dd661276aee062b3a82bc22040d46171ef6d2b30b4e9768590cad4071bd544,sha256,unknown-artifact,medium,30,active,2026-10-07,2026-10-07,1,,,,
48f032fe47c1ae125b6318a74850c087531cebc6501b1fad6bbc372bc9db76ac,sha256,unknown-artifact,medium,30,active,2026-09-25,2026-09-25,1,,,,
48f2d4cf1a6ddcdde889c94278a0fd7b22202e28cf55ee4bf3e009fd666ef088,sha256,unknown-artifact,medium,30,active,2026-10-10,2026-10-10,1,,,,
48f31c8afdeac9f82fbd8265d83b1cbb569b4db340ba70e538f58276add2b2f6,sha256,unknown-artifact,medium,30,active,2026-09-27,2026-09-27,1,,,,
48faaad16f5c650bdd5b093944f384764121dec837df481c46895402f17b2c20,sha256,unknown-artifact,medium,30,active,2026-09-26,2026-09-26,1,,,,
49.47.199.158,ip,ssh-probe,low,20,expired,2026-09-13,2026-09-13,1,55836,"RELIANCEJIO-IN - Reliance Jio Infocomm Limited, IN",IN,
49.51.243.156,ip,http-scan,low,30,active,2026-10-09,2026-10-09,1,132203,"TENCENT-NET-AP-CN - Tencent Building, Kejizhongyi Avenue, CN",CN,
49.51.33.159,ip,http-scan,low,30,stale,2026-09-29,2026-09-29,1,132203,"TENCENT-NET-AP-CN - Tencent Building, Kejizhongyi Avenue, CN",CN,
49.51.36.179,ip,http-scan,low,30,stale,2026-09-30,2026-09-30,1,132203,"TENCENT-NET-AP-CN - Tencent Building, Kejizhongyi Avenue, CN",CN,
49.51.52.250,ip,http-scan,low,30,active,2026-10-04,2026-10-04,1,132203,"TENCENT-NET-AP-CN - Tencent Building, Kejizhongyi Avenue, CN",CN,
49.51.72.236,ip,http-scan,low,30,stale,2026-10-02,2026-10-02,1,132203,"TENCENT-NET-AP-CN - Tencent Building, Kejizhongyi Avenue, CN",CN,
49.72.212.22,ip,ssh-probe,low,20,expired,2026-09-27,2026-09-27,1,4134,"CHINANET-BACKBONE - No.31,Jin-rong Street, CN",CN,
49208008ce7ab56cbbd8c2833f11558a6704e0240b4436ac0f3f12a0aca65de1,sha256,unknown-artifact,medium,30,active,2026-09-15,2026-09-15,1,,,,
492391865b0e067855ba43a667fb80c6d8b2a814a955d9b7615aa3b8cc53139e,sha256,unknown-artifact,medium,30,active,2026-09-27,2026-09-27,1,,,,
493b970fa880ea595a69d66f793ae171b176d78b94a33926a3b53ae8c0e2e248,sha256,unknown-artifact,medium,30,active,2026-09-30,2026-09-30,1,,,,
493bd6c87079ec1a81772248fecc531cf1f7c605dd9011b2ccaaf902c82f7274,sha256,unknown-artifact,medium,30,active,2026-09-27,2026-09-27,1,,,,
495225c8155a61b3d24d94baebbb207a2e39e7b778ac5dd4b14050dcd5a78706,sha256,unknown-artifact,medium,30,active,2026-09-23,2026-09-23,1,,,,
4960afbdf21280ef248081e6e52317735bbb929a204351291b773c252afeebf4,sha256,unknown-artifact,medium,30,active,2026-09-15,2026-09-15,1,,,,
496e485c5dd1f6b27e827182d0a8580be182a136096fb2b3f5da312691b47f2f,sha256,unknown-artifact,medium,30,active,2026-10-03,2026-10-03,1,,,,
497518d1afabaa847e048c7e3e56fc6658c904edfa8e634a32cf307566a2e742,sha256,unknown-artifact,medium,30,active,2026-09-15,2026-09-15,1,,,,
4983ecf49767f62341666d85f300e38871f81db767eef66613bf168383aea3f4,sha256,unknown-artifact,medium,30,active,2026-09-22,2026-09-22,1,,,,
498ac9765cfba6a38d4bf92c0ce12338c3576feedd6721fc2e8f2f655997956a,sha256,unknown-artifact,medium,30,active,2026-09-30,2026-09-30,1,,,,
498b579636ef3e907ec2276d1e4aed4bd0ef048a08676d36d6668e7c44ec0ca3,sha256,unknown-artifact,medium,30,active,2026-09-15,2026-09-15,1,,,,
49993bbbdad46b95e681acdc69dda29df5a59e60787848dd24cbe4c083610fe0,sha256,unknown-artifact,medium,30,active,2026-10-03,2026-10-03,1,,,,
49aabdaa1b0f6c3506f54521ef81fe5b5fe835d268f1f86e1021a342b59d43bc,sha256,unknown-artifact,medium,30,active,2026-09-25,2026-09-25,1,,,,
49b05135744f2b7d483568349af93c42d804059051647e2ccd4c05e3e392a398,sha256,unknown-artifact,medium,30,active,2026-09-26,2026-09-26,1,,,,
49b49bdf55541df65d7669c5464229077360172ee854a9939d1fab6746c86fab,sha256,unknown-artifact,medium,30,active,2026-09-15,2026-09-15,1,,,,
49b6875e776ff174790c9516cd360e676349cec157727cc59c513435d544c506,sha256,unknown-artifact,medium,30,active,2026-09-15,2026-09-15,1,,,,
49bd0fa53d176ff331561f38baebf539d28230f6afe068d01642a7c39a9da3d7,sha256,unknown-artifact,medium,30,active,2026-10-09,2026-10-09,1,,,,
49c0624ed7d2474bc1590ae7e61a4cd0e4b3e1a228a67b82386c5c36dff49587,sha256,unknown-artifact,medium,30,active,2026-10-06,2026-10-06,1,,,,
49ca5d81054fdd20572294b9350b605d05e0df91da09a46fb8bde7fd6c1c172d,sha256,unknown-artifact,medium,30,active,2026-09-26,2026-09-26,1,,,,
49f1a82f548a78e2a745ac1765eddf8f06e2883bec0adf560268474de15790e3,sha256,unknown-artifact,medium,30,active,2026-09-26,2026-09-26,1,,,,
4a1554428bc5653d004a553bee9074998e3c53028714bb8db3a4527652c3976f,sha256,unknown-artifact,medium,30,active,2026-09-15,2026-09-15,1,,,,
4a218d8bfec9520c3618654108cc2d33233c9dff1fa096b65506b8eb4488f7ba,sha256,unknown-artifact,medium,30,active,2026-10-04,2026-10-04,1,,,,
4a25f15bf49698c4a7b241ab437bd1b1b9921d5762aeae2060b5e24ab9a23198,sha256,unknown-artifact,medium,30,active,2026-09-15,2026-09-15,1,,,,
4a342cc38c432ce83e2d30c24af18185fe891176518cb60c11478d82b10f0694,sha256,unknown-artifact,medium,30,active,2026-09-27,2026-09-27,1,,,,
4a3b01240de36e7440857e69e648233049dd67493e5d2bc6646bddad225f9b47,sha256,unknown-artifact,medium,30,active,2026-09-15,2026-09-15,1,,,,
4a4050aa1d7724a90099be3ff7162afd0c95956e5f39e964b8c17c862b4e7b8e,sha256,unknown-artifact,medium,30,active,2026-09-26,2026-09-26,1,,,,
4a527a04b2845dc0be6073c0bbe7d4d92f48db6b6112a2568d9232050bef70bf,sha256,unknown-artifact,medium,30,active,2026-10-04,2026-10-04,1,,,,
4a58f500ae409475fbb0a048ec61d37cafe91bbb79f40e3d34ad175b1e501862,sha256,unknown-artifact,medium,30,active,2026-10-03,2026-10-03,1,,,,
4a5b10e24f88c0624d80dcfe2b09aba6c15d07b7359068f39c36c1f7f2779b0c,sha256,unknown-artifact,medium,30,active,2026-10-04,2026-10-04,1,,,,
4a612e8fd1a2b31004b3eea605f9790f95ad3bfe5132f2ca9d1e56a15d3256a7,sha256,unknown-artifact,medium,30,active,2026-10-03,2026-10-03,1,,,,
4a659094a279fe931a5a2189233e1d905f6cb16561a948e85e64e9f8b6a91b40,sha256,unknown-artifact,medium,30,active,2026-09-27,2026-09-27,1,,,,
4a78cbeed3f3cfbf39083ecda76e38acd67f8b2b498dec09e85eac9dcebd3c33,sha256,unknown-artifact,medium,30,active,2026-09-25,2026-09-25,1,,,,
4a7a7e486557225f62c69bae91781f09b6dfbd6f49482343309fe48a3f6ef425,sha256,unknown-artifact,medium,30,active,2026-09-30,2026-09-30,1,,,,
4a7c4c5c50986aecf9e4d6356d539ac46d401db39efc2a93ad83b55cc15eeb07,sha256,unknown-artifact,medium,30,active,2026-10-07,2026-10-07,1,,,,
4a7f0b869469b5c3a0dbfd9d3be8f3467bd2bef2e3ef813312e7c6fd5122e4a8,sha256,unknown-artifact,medium,30,active,2026-10-07,2026-10-07,1,,,,
4a8f93833bac91c340e8e55c7ef25ca38bf836acf0d734cf0543a143b6077fbe,sha256,unknown-artifact,medium,30,active,2026-09-15,2026-09-15,1,,,,
4aa837f071c867a2c8b81a38753b974bface04d76806e868f9726b9cc919e2ba,sha256,unknown-artifact,medium,30,active,2026-09-22,2026-09-22,1,,,,
4ac122969d00a5e3f44f5acd1276b8dfb045590e192c23565cca5b5b568f87ea,sha256,unknown-artifact,medium,30,active,2026-09-15,2026-09-15,1,,,,
4acd807ad9a4480456bdabb8d1f74edc8f13c4498d1ef829f48cbe6f8768e50f,sha256,unknown-artifact,medium,30,active,2026-09-29,2026-09-29,1,,,,
4ad28e4a6461bd64b920f72f86c0d16edc544c4a1f26060518ebb900025d496a,sha256,unknown-artifact,medium,30,active,2026-09-23,2026-09-23,1,,,,
4ad7e12448be04fdfe6422838bf6a396311838d67cc588334bb476c0d9319f19,sha256,unknown-artifact,medium,30,active,2026-09-30,2026-09-30,1,,,,
4ad843f0db34ac307e6ec6a540b9780469144e71edb9ba72c3b1ba664a793473,sha256,unknown-artifact,medium,30,active,2026-09-30,2026-09-30,1,,,,
4adc33bd9fe74303c344be46e5916d65182fb218e248fe80452ab3f025b06c64,sha256,unknown-artifact,medium,30,active,2026-10-03,2026-10-03,1,,,,
4b0335c43b7a4ec18efd0f4328830b9e2858179126fb98a54c70349521544fb2,sha256,unknown-artifact,medium,30,active,2026-09-27,2026-09-27,1,,,,
4b40779b35c88a66cf59bf6ee1c6c4d3524cbfc25ea1d65e705ae36bc7f8ac10,sha256,unknown-artifact,medium,30,active,2026-09-15,2026-09-15,1,,,,
4b4081dec5dfcf5ced0804c0d5daec2f3e94c560862a4a992b595a9c2b9aeeb9,sha256,unknown-artifact,medium,30,active,2026-09-14,2026-09-14,1,,,,
4b5dc2a591def25a421b014f8f21abe373535999f82b42c0312debd062e5d1e4,sha256,unknown-artifact,medium,30,active,2026-09-16,2026-09-16,1,,,,
4b6594d8bd24c80968357660f6ce1379ce8f0b16a563920c999f7dd4a8e540ac,sha256,unknown-artifact,medium,30,active,2026-09-15,2026-09-15,1,,,,
4b6ec4592be6ca5743e7ba43038dcaa666c183475776ac9217e0a076cc869f4a,sha256,unknown-artifact,medium,30,active,2026-09-30,2026-09-30,1,,,,
4b77d26c8906cc3fa3f97606b9cfeacb747f79ce90716a0f16e27d84f808b1c5,sha256,unknown-artifact,medium,30,active,2026-09-26,2026-09-26,1,,,,
4b7aaa3b76ced845b1c30c112dad19baa304b648a468046e9d84ac449210e614,sha256,unknown-artifact,medium,30,active,2026-09-27,2026-09-27,1,,,,
4b8dbf495d67758e84d9ae527f0b39b125427f5e746b57e1160abefcaecbd2bd,sha256,unknown-artifact,medium,30,active,2026-10-09,2026-10-09,1,,,,
4b981042f4b3b5a682f76bc4c08e4757e99c8a160603a87f7239223471e051f0,sha256,unknown-artifact,medium,30,active,2026-10-03,2026-10-03,1,,,,
4baafbdf4f337f351fe28826938bc1d797cfb7ad737efd9ce1a1dcfc4c16aa33,sha256,unknown-artifact,medium,30,active,2026-09-30,2026-09-30,1,,,,
4bacf9d2080b79a7c9348d28f007ecec9b7a70f77e8a07bef620d53bf688e879,sha256,unknown-artifact,medium,30,active,2026-09-28,2026-09-28,1,,,,
4bad48266449d0cbeaafd571e71ab3eb983450cc43c4f26e4969583d8f64876a,sha256,unknown-artifact,medium,30,active,2026-09-29,2026-09-29,1,,,,
4bbf014ea72222f4ee2f0f1c0ee67751ae15251ae81ff851272621c2078492c4,sha256,unknown-artifact,medium,30,active,2026-09-26,2026-09-26,1,,,,
4bc32ffd2ce890784bb2854bad8a66a3ebd7454695ea6f2c5e1b9a0605e2cfe2,sha256,unknown-artifact,medium,30,active,2026-10-06,2026-10-06,1,,,,
4bcabbd24c7d4bbe01744a52348bff532ba4ad4d2531bc5e9cfd8f35e7ee9e63,sha256,unknown-artifact,medium,30,active,2026-09-15,2026-09-15,1,,,,
4bcb14123f0afe6317177bc55510c247f47f8fad7a524015bc9843430d6370af,sha256,unknown-artifact,medium,30,active,2026-09-26,2026-09-26,1,,,,
4bd4e281bf13b04c8f7ed60b102277d22c10a7c1be083d5ab8c0ca00a278d352,sha256,unknown-artifact,medium,30,active,2026-09-15,2026-09-15,1,,,,
4bec502af13dcdd33ddf16d7c876f1d7d19d123d07bee9b062b3236f9dd7f0fc,sha256,unknown-artifact,medium,30,active,2026-09-30,2026-09-30,1,,,,
4c060b7d50ab8fcb30b9dede9329e574f7f486f568ebdeea134ef484e4f5adce,sha256,unknown-artifact,medium,30,active,2026-09-30,2026-09-30,1,,,,
4c09956231aef80c4b49ca9cda029843641f0c453820d02ad1bef0f810d1a192,sha256,unknown-artifact,medium,30,active,2026-09-27,2026-09-27,1,,,,
4c0b4f2629980d56e877502cec57fc50a9a5a091298fa3b0020a757d54e33234,sha256,unknown-artifact,medium,30,active,2026-09-24,2026-09-24,1,,,,
4c2324baa2e30117cf1d2d2bd3a33ffeab2a4218f5f5135396efd7c6bd73e2c7,sha256,unknown-artifact,medium,30,active,2026-09-29,2026-09-29,1,,,,
4c2ce1966f198baa1f989e30149fd9d0b5c31a58bf125a7bc0f5d035ac76842c,sha256,unknown-artifact,medium,30,active,2026-09-28,2026-09-28,1,,,,
4c3c0463bcebb313794b2beebb1339bfae5b4f4730cd46636755399a573bd0fd,sha256,unknown-artifact,medium,30,active,2026-09-25,2026-09-25,1,,,,
4c3c9640b3e58aa22bf7cdb42c99cc248da0c51b9188269019cc89425b23f601,sha256,unknown-artifact,medium,30,active,2026-10-07,2026-10-07,1,,,,
4c3f52b397367ee97cc5242ea014fa0e1b8940653b547130804ca1449eb3cd02,sha256,unknown-artifact,medium,30,active,2026-10-03,2026-10-03,1,,,,
4c463687adab59995dc46225c0df38a12da6ffd828b1a46a162e75ba604897ad,sha256,unknown-artifact,medium,30,active,2026-09-16,2026-09-16,1,,,,
4c468d2ed849bd37a38a783a7a6eb66db7ae469e29b2e8b35709e7df98aec830,sha256,unknown-artifact,medium,30,active,2026-09-27,2026-09-27,1,,,,
4c47e34988ed8fbcfc1642544845a09275f26cb5b9990f0e215dc59c7daae5f9,sha256,unknown-artifact,medium,30,active,2026-09-26,2026-09-26,1,,,,
4c506d91e8be149ef009596e2a298df926f4c77c5566e9d170d26547b1caae98,sha256,unknown-artifact,medium,30,active,2026-09-15,2026-09-15,1,,,,
4c5d82247160e9e6f20e8a3dc444044f14aee88e480bad71fe51424b69810ca6,sha256,unknown-artifact,medium,30,active,2026-09-27,2026-09-27,1,,,,
4c60e95ba4288692371a5c3fc3278430356fbee521fd12f10b6df6257459cd26,sha256,unknown-artifact,medium,30,active,2026-10-06,2026-10-06,1,,,,
4c7a03f2c9a663a0678eef8293f7609a609c92a6b3bccb2e556301f8b290c7f2,sha256,unknown-artifact,medium,30,active,2026-09-15,2026-09-15,1,,,,
4c9029e5351f4d4ced65251ab5bca0b61b3b09646b15f9ce302b59f8321cc3a7,sha256,unknown-artifact,medium,30,active,2026-09-30,2026-09-30,1,,,,
4ca603c8aeee4923490c4baab59f824985e947bb6713767a39aa2829070d3e75,sha256,unknown-artifact,medium,30,active,2026-09-15,2026-09-15,1,,,,
4cc4e8b0d8cf33e1c209cacccff861c5cde2c739f6d6a6f0bdfa92024b8d63f8,sha256,unknown-artifact,medium,30,active,2026-10-07,2026-10-07,1,,,,
4cda2efe944308fc5d9188b6313ee608c0da7e44a0145c3a96d4548e6f4f0664,sha256,unknown-artifact,medium,30,active,2026-09-15,2026-09-15,1,,,,
4cdca08d697f32bcd2e4d55954a8f2b8188d9159774bc090407233f86e2f0357,sha256,unknown-artifact,medium,30,active,2026-09-25,2026-09-25,1,,,,
4d0b9e0cb2d6d0dc6e5d98c9b943221d6f985f9d4eb51cb3c2b2adb4bfde4d56,sha256,unknown-artifact,medium,30,active,2026-09-15,2026-09-15,1,,,,
4d0c9ade12c043c6eb52b72ddec52fdc4b644d6aed053a66993be8fe284e32a0,sha256,unknown-artifact,medium,30,active,2026-10-09,2026-10-09,1,,,,
4d2013e47303dd98a4ba630f8558f191eab23fb060c3b1c492dafc0da527f880,sha256,unknown-artifact,medium,30,active,2026-10-09,2026-10-09,1,,,,
4d2782077ea959fb63fffc3559cb01936222642ea8bffae58083f2483aa3f7a2,sha256,unknown-artifact,medium,30,active,2026-10-03,2026-10-03,1,,,,
4d371237dec893de22b793cf2c2bb9a70f1a7038a96e7743d27c5ce624ca88d3,sha256,unknown-artifact,medium,30,active,2026-10-04,2026-10-04,1,,,,
4d4fc66c7f3e8c44f7e05565b625c57dcde42ad9245beafb17c79473eafa6d31,sha256,unknown-artifact,medium,30,active,2026-09-22,2026-09-22,1,,,,
4da4a8b128d45fa60654f84df879549d34105ad7c45354f16f9e55fd406d8dfd,sha256,unknown-artifact,medium,30,active,2026-09-15,2026-09-15,1,,,,
4db1bf17d8f0448f157b93211e088ba253afdb13b222919140d0d9d41d4538df,sha256,unknown-artifact,medium,30,active,2026-09-27,2026-09-27,1,,,,
4db52c070ddda1cccb1e628c6a171772f549a1953b9a70eb49f5507a6f2c8e99,sha256,unknown-artifact,medium,30,active,2026-09-22,2026-09-22,1,,,,
4dd55c16c2a87d779cd4ff0e6efa7f3a841fdb9519005e76019d8b0ecb06b955,sha256,unknown-artifact,medium,30,active,2026-09-27,2026-09-27,1,,,,
4dd591fe9b1a9bfa23d76ca8fedeb5a42995e382a365370f9cda106abffb9f8f,sha256,unknown-artifact,medium,30,active,2026-10-04,2026-10-04,1,,,,
4ded89b3f9f03689b7032b92a091e742e1205e2a54277e52b32498d9fcdf3642,sha256,unknown-artifact,medium,30,active,2026-10-03,2026-10-03,1,,,,
4e07c7fea8edf4f681319bed22d3ad2f2bb8454b198d8e05c5d8af91ccf2b42a,sha256,unknown-artifact,medium,30,active,2026-10-04,2026-10-04,1,,,,
4e11b2af17b9bfe82958ad0b4763d1984ad7004c79d40317cc461172311f18bc,sha256,unknown-artifact,medium,30,active,2026-10-09,2026-10-09,1,,,,
4e2eef0f2df0fa4e0c1bfc1a33cdc678999e1cf895acca571195c16b2be5e914,sha256,unknown-artifact,medium,30,active,2026-10-03,2026-10-03,1,,,,
4e5f6ed8ed41f56a4888fa26c7e8d2321dacf79b7afd7c2d18c7a1741dadfa3a,sha256,unknown-artifact,medium,30,active,2026-09-15,2026-09-15,1,,,,
4e60557c53c03d326e7277d7e9538aa7eff609493acd87b285cc3e1bfc860b4f,sha256,unknown-artifact,medium,30,active,2026-10-03,2026-10-03,1,,,,
4e6153bb25dd3d21b3530bd0a82439fe97fbcf71fe500ea67df89c212ba0a51f,sha256,unknown-artifact,medium,30,active,2026-10-03,2026-10-03,1,,,,
4e665f49e1f09af1db7cbbcbbe48cc4c8eb24fa15b8452f4eb7b10b2feeef211,sha256,unknown-artifact,medium,30,active,2026-10-03,2026-10-03,1,,,,
4e8753dc718f5ed65e48e60862bd90d914f3f1146b6e55bdf9b9651d4a959ccb,sha256,unknown-artifact,medium,30,active,2026-09-15,2026-09-15,1,,,,
4e8a699622749072d3fa7bb2e25a997d9379910368391ca708fe7d9e427c9d9b,sha256,unknown-artifact,medium,30,active,2026-10-03,2026-10-03,1,,,,
4e924fb7682437b934066c9d4f7196161e225d7e5bc5c30fd2285093d1b1a16b,sha256,unknown-artifact,medium,30,active,2026-10-04,2026-10-04,1,,,,
4eaaff8352533c3680cf5bbba2fb50f08d9a653cfda06c75e78469a8ea62eeec,sha256,unknown-artifact,medium,30,active,2026-09-25,2026-09-25,1,,,,
4eb6121b2dee8b9065e60899f0ca5ae0f5c59e440d44a0733474f4be25d6d4c1,sha256,unknown-artifact,medium,30,active,2026-10-04,2026-10-04,1,,,,
4ec0c17c79df0ed28245d862da47d8c4e6427de45bf1e6724fa5b52a9fa76b43,sha256,unknown-artifact,medium,30,active,2026-10-10,2026-10-10,1,,,,
4ee941eb58c2a347332dceeb1ef2fb84815bf43930c94cab68e983a8cac07095,sha256,unknown-artifact,medium,30,active,2026-09-15,2026-09-15,1,,,,
4eed32811cb521505ea892477abd4e8fef609d9352c387bb1ecf98acf72c4ab3,sha256,unknown-artifact,medium,30,active,2026-09-27,2026-09-27,1,,,,
4eef6892591025e632ed4c9bd0061d2a0ecef654dfdd5bbfe7ee73f3fc42e68d,sha256,unknown-artifact,medium,30,active,2026-10-09,2026-10-09,1,,,,
4efca122dbb6746028e275e06d610013ab73481f6eabc1ae9303596948965635,sha256,unknown-artifact,medium,30,active,2026-09-29,2026-09-29,1,,,,
4f023c695d02fd5d00bb6ff5a2e180db9847745e7f7bbfd18e2a550d8d70d259,sha256,unknown-artifact,medium,30,active,2026-09-15,2026-09-15,1,,,,
4f135620e7d51854763ea24548f656f5367aba6fc7b5fe2ce345c970f08a03cb,sha256,unknown-artifact,medium,30,active,2026-09-24,2026-09-24,1,,,,
4f25d493d9b1da7014cba323437230df6fe53fb02b509793cbf8b88aa6d1ee66,sha256,unknown-artifact,medium,30,active,2026-09-25,2026-09-25,1,,,,
4f3c85841fe88449920bde4999b306c6710907331165f09bccb47092c8a7f308,sha256,unknown-artifact,medium,30,active,2026-09-16,2026-09-16,1,,,,
4f45f9bad6d39af32c0afa447db70ed57291027268c3106cab0b4d168487a625,sha256,unknown-artifact,medium,30,active,2026-10-04,2026-10-04,1,,,,
4f47c8605a23255480d3a30728526d69b70893e9c50f77da52689008035a10fc,sha256,unknown-artifact,medium,30,active,2026-09-15,2026-09-15,1,,,,
4f4ad013339c3a116e7e54da84e214f6699fd81d6231ed682bb3f41f3de132c1,sha256,unknown-artifact,medium,30,active,2026-09-25,2026-09-25,1,,,,
4f51c1f4bfe22cc1a66c307763085525c61317b71a4357d3fc7f11835b2ba48d,sha256,unknown-artifact,medium,30,active,2026-10-03,2026-10-03,1,,,,
4f53563dad1226807444906ade25262c58d9d4959e4952be72d5840403787a8e,sha256,unknown-artifact,medium,30,active,2026-09-22,2026-09-22,1,,,,
4f82f8185e10e3bfe34048463174444fd5e2bc67785ec08f315df1b02ef46bb8,sha256,unknown-artifact,medium,30,active,2026-10-09,2026-10-09,1,,,,
4f89ecad785c02f95b55a868c288ffa8bd930ff228639c9988914349190edd5c,sha256,unknown-artifact,medium,30,active,2026-10-07,2026-10-07,1,,,,
4f8bb368f03480939962ee1db39c8475be8374a8b5c22961cd418099e152a3ed,sha256,unknown-artifact,medium,30,active,2026-09-22,2026-09-22,1,,,,
4fac8634d328ccb4fce745e7e5226fc9ca0612bad722a1d385677ffc8a5e0b70,sha256,unknown-artifact,medium,30,active,2026-09-23,2026-09-23,1,,,,
4fae0368a43eed07e4db4c432082b26d33b64d334c408a5983acaaaedeb9667e,sha256,unknown-artifact,medium,30,active,2026-09-25,2026-09-25,1,,,,
4fb768110e6ecdaa5f3018b00f469c54ed9140b6f78cd5b060d35320f71e570d,sha256,unknown-artifact,medium,30,active,2026-09-15,2026-09-15,1,,,,
4fba0747a886a2e0272eb628df2673072a1f85c5e4aa0608fd7f28fe1f2305b0,sha256,unknown-artifact,medium,30,active,2026-10-09,2026-10-09,1,,,,
4fef2fbceb2eb151a744ae55811fb268d018f85b241de86c8cb23e6407bcbd74,sha256,unknown-artifact,medium,30,active,2026-09-16,2026-09-16,1,,,,
4ffdc4d1d4cae0d43fbcc2ef4b92f3e576755061b3007d41a2c91000d803094a,sha256,unknown-artifact,medium,30,active,2026-09-27,2026-09-27,1,,,,
4fffab3a7d38390b4952e691c1a17382dc0a011d049d01f09fa494656b87f64b,sha256,unknown-artifact,medium,30,active,2026-10-07,2026-10-07,1,,,,
5.226.140.44,ip,ssh-probe,low,20,expired,2026-09-27,2026-09-27,1,25369,"BANDWIDTH-AS - Hydra Communications Ltd, GB",GB,
50.116.49.221,ip,http-scan,low,30,stale,2026-09-28,2026-09-28,1,63949,"AKAMAI-LINODE-AP - Akamai Connected Cloud, SG",US,
50.16.43.171,ip,http-scan,low,30,active,2026-10-09,2026-10-09,1,14618,"AMAZON-AES - Amazon.com, Inc., US",US,
50.19.171.136,ip,http-scan,low,30,expired,2026-09-16,2026-09-16,1,14618,"AMAZON-AES - Amazon.com, Inc., US",US,
500e3164e2ee1cc577278def5ab7d58dc27bd66c3fe38069c0f5f71037635e07,sha256,unknown-artifact,medium,30,active,2026-09-30,2026-09-30,1,,,,
502133e57ff6b4075022ab551ae1ce95cb9fecee1d94c36a3d57bf0694412609,sha256,unknown-artifact,medium,30,active,2026-09-15,2026-09-15,1,,,,
502b011207339ca1d791ca4f37a80a70c9619b4b4807aa4672bce56161d474c5,sha256,unknown-artifact,medium,30,active,2026-09-26,2026-09-26,1,,,,
50330f81bafd6ca339d3ae94a8ba5c99d1e1895695f1334e461d2d64f8ed77f7,sha256,unknown-artifact,medium,30,active,2026-09-15,2026-09-15,1,,,,
50422aa95e5d95217bd0c75b1985281ea5fe3678ac832c9b8eb747c26f08994d,sha256,unknown-artifact,medium,30,active,2026-09-14,2026-09-14,1,,,,
5049162d08a2cb315134f7b3c3cab6cd8b686ac7d88d62e88e8581c70f679112,sha256,unknown-artifact,medium,30,active,2026-10-10,2026-10-10,1,,,,
506617c6230aea074b89e484dfe9d057dded0ff29de78a8063382b9a4e91568f,sha256,unknown-artifact,medium,30,active,2026-10-09,2026-10-09,1,,,,
50767c85733f14249df63890b059d15ed4751f32092a610d1e0582ec00f93a1a,sha256,unknown-artifact,medium,30,active,2026-10-04,2026-10-04,1,,,,
507b012d39ed8bd87191dd94ad71790c5be020b77b8807e313b3ed8c3f6d390e,sha256,unknown-artifact,medium,30,active,2026-09-25,2026-09-25,1,,,,
507db93320b0705faec5f1e09cde0d7b65544752edba49b4f414351ec078b818,sha256,unknown-artifact,medium,30,active,2026-09-26,2026-09-26,1,,,,
508de6d05fb75d0351e8ce0aa3b4b4e8bb046c99af8b3631f36e7bd3742f3a44,sha256,unknown-artifact,medium,30,active,2026-09-30,2026-09-30,1,,,,
508ea756966777b7efa46e74d742e260a04c901a7c2edc978886aa95b274fc21,sha256,unknown-artifact,medium,30,active,2026-09-29,2026-09-29,1,,,,
509791609530b6667eb3d37a1f4f01a180a59d7e10cd98c66823baba7d512c34,sha256,unknown-artifact,medium,30,active,2026-10-09,2026-10-09,1,,,,
50ab79765875356974b0a22761092a9e9e7e8ffc59353175219274d212fc8b88,sha256,unknown-artifact,medium,30,active,2026-09-15,2026-09-15,1,,,,
50c30a32f755bedd3b07546beed62fec30b1099ea150cc909cb9e22de79da257,sha256,unknown-artifact,medium,30,active,2026-10-07,2026-10-07,1,,,,
50c5f00d37da7015b25ec9bee8dba7da4bcec711d5483f66f4788827ecd06161,sha256,unknown-artifact,medium,30,active,2026-10-10,2026-10-10,1,,,,
50f2f7ca8ca17773ab81d787daf53b8d1c79dc4560e09e11b45820dfa1ad23bf,sha256,unknown-artifact,medium,30,active,2026-10-09,2026-10-09,1,,,,
50f8e4836fca2a94f8814c6b16662921e139286bb600ebbf7dcd138c0c14748a,sha256,unknown-artifact,medium,30,active,2026-09-30,2026-09-30,1,,,,
51.12.208.201,ip,http-scan,low,30,stale,2026-09-29,2026-09-29,1,8075,"MICROSOFT-CORP-MSN-AS-BLOCK - Microsoft Corporation, US",GB,
51.12.217.48,ip,http-scan,low,30,stale,2026-09-28,2026-09-28,1,8075,"MICROSOFT-CORP-MSN-AS-BLOCK - Microsoft Corporation, US",GB,
51.195.44.8,ip,http-scan,low,30,expired,2026-09-23,2026-09-23,1,16276,"OVH - OVH SAS, FR",FR,
51.195.91.161,ip,http-scan,low,30,expired,2026-09-22,2026-09-22,1,16276,"OVH - OVH SAS, FR",FR,
51.44.178.84,ip,http-scan,low,30,active,2026-10-04,2026-10-04,1,16509,"AMAZON-02 - Amazon.com, Inc., US",US,
51059809002cc120ad4a4435e22863faef8d4dbcac503e879bcaf71932b80064,sha256,unknown-artifact,medium,30,active,2026-09-15,2026-09-15,1,,,,
5108a5bba28d1f6ffab096710154b7dc69e48046e10924842d8b3c5a40ca9ac4,sha256,unknown-artifact,medium,30,active,2026-10-03,2026-10-03,1,,,,
511b4b2eb3b1c96b450a42e6d501498977d9b2b83b221853d57deaf741c6fc9b,sha256,unknown-artifact,medium,30,active,2026-09-28,2026-09-28,1,,,,
511c586ddcb3e7feaa22e3a0f82582b9c40c5b5ce2c1853bc7c59f81d385bd7c,sha256,unknown-artifact,medium,30,active,2026-10-03,2026-10-03,1,,,,
51212eccaa51df4a1cc2c6235763ad42a3fdb7ca1ac85c68cd6d9bf3d0d48dec,sha256,unknown-artifact,medium,30,active,2026-10-03,2026-10-03,1,,,,
5148b59019ab155cf66872aaec75d1ea8c3bd1c480399fc58ae0996c2115ea5c,sha256,unknown-artifact,medium,30,active,2026-09-27,2026-09-27,1,,,,
5153140c28165ca801c600928203ab1ba0a6cf2734672c0102efe419415ccb00,sha256,unknown-artifact,medium,30,active,2026-09-15,2026-09-15,1,,,,
51592ed7d0e19a28063551b4654fd9807321ada3610709df5c265cfa51f4f180,sha256,unknown-artifact,medium,30,active,2026-09-15,2026-09-15,1,,,,
5172697a037cca28a0602bb4d57fc6a2603254723e3486473c74d2cb9efe58c1,sha256,unknown-artifact,medium,30,active,2026-09-23,2026-09-23,1,,,,
517cf23f6779047c5f9291b55e0e4d5ad900a7950d5e846fbf8836d331af8d61,sha256,unknown-artifact,medium,30,active,2026-09-30,2026-09-30,1,,,,
51856686e4d24adcd32f2546fca9b5d19c1aa2860d74971448616e639a0de56e,sha256,unknown-artifact,medium,30,active,2026-10-03,2026-10-03,1,,,,
5191d3f0757a5a5a3b1a3412c6f240a0ccb134a5f811213d2d1a6df3a0ab7b84,sha256,unknown-artifact,medium,30,active,2026-10-04,2026-10-04,1,,,,
51a430055f7f091d828492ffac88b8050be6280d030e9dde3edb0658f66e4017,sha256,unknown-artifact,medium,30,active,2026-09-23,2026-09-23,1,,,,
51ae2c2e2df8fc9c259bf8281724f30220891234fd147789de0e986151c876d1,sha256,unknown-artifact,medium,30,active,2026-10-06,2026-10-06,1,,,,
51b8fc3f5e14a6bcfe2c0e10273f39c7d4bd9d0f88a18413d24c928bb8593226,sha256,unknown-artifact,medium,30,active,2026-09-30,2026-09-30,1,,,,
51e63c3dd9ca09f5098b94c8cac7ad7c44c38466506db62ad0ed5973e3eb815a,sha256,unknown-artifact,medium,30,active,2026-10-03,2026-10-03,1,,,,
51fcd18ea1cce177d90e079ae369f04c19ea1d576476a0fa03671949573817ba,sha256,unknown-artifact,medium,30,active,2026-10-09,2026-10-09,1,,,,
52.165.92.218,ip,http-scan,low,30,stale,2026-10-03,2026-10-03,1,8075,"MICROSOFT-CORP-MSN-AS-BLOCK - Microsoft Corporation, US",US,
52.165.98.131,ip,http-scan,low,30,expired,2026-09-23,2026-09-23,1,8075,"MICROSOFT-CORP-MSN-AS-BLOCK - Microsoft Corporation, US",US,
52.187.185.143,ip,http-scan,low,30,expired,2026-09-24,2026-09-24,1,8075,"MICROSOFT-CORP-MSN-AS-BLOCK - Microsoft Corporation, US",US,
52.187.54.3,ip,http-scan,low,30,active,2026-10-09,2026-10-09,1,8075,"MICROSOFT-CORP-MSN-AS-BLOCK - Microsoft Corporation, US",US,
52.205.211.20,ip,http-scan,low,30,stale,2026-10-01,2026-10-01,1,14618,"AMAZON-AES - Amazon.com, Inc., US",US,
52.233.122.108,ip,ssh-probe,low,20,expired,2026-09-14,2026-09-14,1,8075,"MICROSOFT-CORP-MSN-AS-BLOCK - Microsoft Corporation, US",US,
52.233.122.143,ip,ssh-probe,low,20,active,2026-10-10,2026-10-10,1,8075,"MICROSOFT-CORP-MSN-AS-BLOCK - Microsoft Corporation, US",US,
52.241.7.18,ip,ssh-probe,low,20,expired,2026-09-14,2026-09-14,1,8075,"MICROSOFT-CORP-MSN-AS-BLOCK - Microsoft Corporation, US",US,
52.248.42.57,ip,http-scan,low,30,stale,2026-09-30,2026-09-30,1,8075,"MICROSOFT-CORP-MSN-AS-BLOCK - Microsoft Corporation, US",US,
52.90.113.213,ip,http-scan,low,30,expired,2026-09-14,2026-09-14,1,14618,"AMAZON-AES - Amazon.com, Inc., US",US,
52.90.129.148,ip,http-scan,low,30,stale,2026-09-27,2026-09-27,1,14618,"AMAZON-AES - Amazon.com, Inc., US",US,
52.91.204.84,ip,http-scan,low,30,active,2026-10-06,2026-10-06,1,14618,"AMAZON-AES - Amazon.com, Inc., US",US,
52.91.228.25,ip,ssh-probe,low,20,expired,2026-09-11,2026-09-11,1,14618,"AMAZON-AES - Amazon.com, Inc., US",US,
521d11a60e1d70500b21aaad6e2776cbe853a0547283d615738a8a17692fb275,sha256,unknown-artifact,medium,30,active,2026-10-03,2026-10-03,1,,,,
521f579f628e2821546c8820b0e2f6eae85e7ebc0da69c095bcd8038ba8fcd1b,sha256,unknown-artifact,medium,30,active,2026-10-10,2026-10-10,1,,,,
5221e33f2cda66339c8bb924bd2ffc7ef2a3864f4f54e7f71525417f4003ef03,sha256,unknown-artifact,medium,30,active,2026-10-09,2026-10-09,1,,,,
5228978b3576ba7777cc3f9d163740702e4a79dc73ba8246c10b99a8b9b50c35,sha256,unknown-artifact,medium,30,active,2026-09-29,2026-09-29,1,,,,
522a275f43d310c1baea33d496aa8118e47d40a56ba39b0221d3bf7ce129fc70,sha256,unknown-artifact,medium,30,active,2026-09-15,2026-09-15,1,,,,
522c147c67d8045b771fb4643cdc2efad526ad036a7d691acea87f35e866eed7,sha256,unknown-artifact,medium,30,active,2026-09-26,2026-09-26,1,,,,
522fa31dda47a5190178f6e9518081bc6d07faa82884eda76a749b629f38cffb,sha256,unknown-artifact,medium,30,active,2026-10-03,2026-10-03,1,,,,
52341710bde22b875d7430019e93ac34e69cd97d822e4b3eb60e61391df99c11,sha256,unknown-artifact,medium,30,active,2026-10-04,2026-10-04,1,,,,
52429d12808d74bb4fc7f850e9e7d5e2aec0340f857f4a3137e08eff9fc43932,sha256,unknown-artifact,medium,30,active,2026-10-09,2026-10-09,1,,,,
524db336681ece73f6eb31944d3a9ef4b7e1deada3da11cf5016108337b13b19,sha256,unknown-artifact,medium,30,active,2026-10-10,2026-10-10,1,,,,
525493553a09aadb28bb86d5e0c160f2dd9454d53de86e67d181caf44175a0b2,sha256,unknown-artifact,medium,30,active,2026-09-27,2026-09-27,1,,,,
525d2dc3da986776f94e217d0d05c94b275a0cd62726c79d5f13d1b6dfa00019,sha256,unknown-artifact,medium,30,active,2026-10-03,2026-10-03,1,,,,
52619050ca13ac820e5d354146d6d88f37a8178c9b78ca22ca32bacdc097878d,sha256,unknown-artifact,medium,30,active,2026-10-03,2026-10-03,1,,,,
5263099611c024f712d548dd290d3d5fe008c6a7c53af6ca8c9f256c9073e831,sha256,unknown-artifact,medium,30,active,2026-09-30,2026-09-30,1,,,,
5271003634c42ae7ca863d51bae6cca21bb45d71dd1a855ade0ef004a5d35525,sha256,unknown-artifact,medium,30,active,2026-09-27,2026-09-27,1,,,,
5296ff1c0b2be89d744ef7339fa592432285ec9b4ce2e0ea50594ff69e769349,sha256,unknown-artifact,medium,30,active,2026-09-16,2026-09-16,1,,,,
52973504d977d289fdd8acd743e8246b2711bd58a094f1822362095807ee91ad,sha256,unknown-artifact,medium,30,active,2026-09-25,2026-09-25,1,,,,
52db29bab9126d9bd3bc5b28af68aa466f7e719c55214e6a3910280a83af968e,sha256,unknown-artifact,medium,30,active,2026-10-04,2026-10-04,1,,,,
52e572ee84088c879370996d319e66cbd4e44af31919f30682cc25713bf4d8fa,sha256,unknown-artifact,medium,30,active,2026-10-03,2026-10-03,1,,,,
52f01856098bcbefa7a695ef7330723752831cc30ed9603cb3e23dc588f32e21,sha256,unknown-artifact,medium,30,active,2026-09-30,2026-09-30,1,,,,
52fefc011c0a83e71f6bd615f8eae3f3420f0dd911ead51bf77c139e2f4da5c3,sha256,unknown-artifact,medium,30,active,2026-09-15,2026-09-15,1,,,,
530044660947a58cbf6036c0aa2922d9882734e51f7ec22a2640ee9f542ebc82,sha256,unknown-artifact,medium,30,active,2026-09-15,2026-09-15,1,,,,
53165dc8f6db87289e454561fe45c67fd529c4b579d3740612570a2167d0bf35,sha256,unknown-artifact,medium,30,active,2026-09-15,2026-09-15,1,,,,
53175bcc0524f37b47062fafdda28e3f8eb91d519ca0a184ca71bbebe72f969a,sha256,unknown-artifact,medium,30,active,2026-09-15,2026-09-15,1,,,,
5318d781b12ce55a4a21737bc6c7906db0717d0302e654670d54fe048c82b041,sha256,unknown-artifact,medium,30,active,2026-10-04,2026-10-04,1,,,,
5336d25f81273225702ba23bfbec1323dae5aa4b9ae9548109ef088c11bf6e2e,sha256,unknown-artifact,medium,30,active,2026-09-15,2026-09-15,1,,,,
533f2feffdd1c9a2d0f1c07cdb89bd49927296a66af8ea7dd2c6cdf281466726,sha256,unknown-artifact,medium,30,active,2026-10-07,2026-10-07,1,,,,
5348156fa943a111521eba26b12987cef6f58560a4926534172f08362f857f1f,sha256,unknown-artifact,medium,30,active,2026-10-09,2026-10-09,1,,,,
53662baea2533f3cc0e3d646c661e1f644e6b411f9644dddc59db1f8792b368a,sha256,unknown-artifact,medium,30,active,2026-10-04,2026-10-04,1,,,,
537b0bf17ab82b9b6396e0ad788d2e404278c050cdbcbdd5091d92b7bc268391,sha256,unknown-artifact,medium,30,active,2026-09-30,2026-09-30,1,,,,
537bfe460546ba55cfc52b034b1ae1b5cdf08c98c843466179805783b654e0e5,sha256,unknown-artifact,medium,30,active,2026-09-16,2026-09-16,1,,,,
537c48f820f09802019cdbd37d778e91934286ba9f93882ad26c9ed4d3828f89,sha256,unknown-artifact,medium,30,active,2026-10-04,2026-10-04,1,,,,
538332517e40119d5467b3d8c3225a9acf0b0086d6a866d53694eb6e07a5df55,sha256,unknown-artifact,medium,30,active,2026-10-09,2026-10-09,1,,,,
53850a4b6bc36e1aee4510aa6fd7c1cff694f051c5b4b7fe59c05be56b4b6bbd,sha256,unknown-artifact,medium,30,active,2026-09-15,2026-09-15,1,,,,
53ad2edfc7474c3122e601b9f23fca705eae85b405c7c52b9b53d400618a9bd4,sha256,unknown-artifact,medium,30,active,2026-09-22,2026-09-22,1,,,,
53c8ec2538bb9b06a9492dd8556aa7fe83a9899ec2cdd815a50d18dc1afaa334,sha256,unknown-artifact,medium,30,active,2026-09-15,2026-09-15,1,,,,
53d91f86f1c90f1482b97703afe58df3db71b52676d209ea517ad490aee6558a,sha256,unknown-artifact,medium,30,active,2026-09-27,2026-09-27,1,,,,
53ef9fc9f50c9faa6124de5fef58b653410e72e17ac37487588a6d811d621860,sha256,unknown-artifact,medium,30,active,2026-09-30,2026-09-30,1,,,,
53f4a4dcee1de9c02fc11e58a90f13c5701b1e7faa2ee7af2e243952e069a7ae,sha256,unknown-artifact,medium,30,active,2026-10-10,2026-10-10,1,,,,
53fee703997e41df1ea191b9d4b121f731af01a247a68aac731e1f9a97962671,sha256,unknown-artifact,medium,30,active,2026-09-16,2026-09-16,1,,,,
54.153.8.70,ip,http-scan,low,30,stale,2026-10-01,2026-10-01,1,16509,"AMAZON-02 - Amazon.com, Inc., US",US,
54.153.82.170,ip,http-scan,low,30,stale,2026-10-01,2026-10-01,1,16509,"AMAZON-02 - Amazon.com, Inc., US",US,
54.160.214.80,ip,http-scan,low,30,stale,2026-09-27,2026-09-27,1,14618,"AMAZON-AES - Amazon.com, Inc., US",US,
54.160.226.127,ip,http-scan,low,30,stale,2026-09-29,2026-09-29,1,14618,"AMAZON-AES - Amazon.com, Inc., US",US,
54.163.40.36,ip,http-scan,low,30,active,2026-10-07,2026-10-07,1,14618,"AMAZON-AES - Amazon.com, Inc., US",US,
54.167.71.13,ip,http-scan,low,30,expired,2026-09-16,2026-09-16,1,14618,"AMAZON-AES - Amazon.com, Inc., US",US,
54.197.86.219,ip,http-scan,low,30,stale,2026-10-03,2026-10-03,1,14618,"AMAZON-AES - Amazon.com, Inc., US",US,
54.204.71.163,ip,http-scan,low,30,expired,2026-09-24,2026-09-24,1,14618,"AMAZON-AES - Amazon.com, Inc., US",US,
54.204.76.69,ip,http-scan,low,30,stale,2026-10-02,2026-10-02,1,14618,"AMAZON-AES - Amazon.com, Inc., US",US,
54.210.172.55,ip,http-scan,low,30,active,2026-10-04,2026-10-04,1,14618,"AMAZON-AES - Amazon.com, Inc., US",US,
54.221.141.122,ip,http-scan,low,30,expired,2026-09-26,2026-09-26,1,14618,"AMAZON-AES - Amazon.com, Inc., US",US,
54.226.74.194,ip,http-scan,low,30,stale,2026-09-28,2026-09-28,1,14618,"AMAZON-AES - Amazon.com, Inc., US",US,
54.234.183.96,ip,http-scan,low,30,active,2026-10-08,2026-10-08,1,14618,"AMAZON-AES - Amazon.com, Inc., US",US,
54.242.30.216,ip,http-scan,low,30,expired,2026-09-15,2026-09-15,1,14618,"AMAZON-AES - Amazon.com, Inc., US",US,
54.67.59.126,ip,http-scan,low,30,stale,2026-09-27,2026-09-27,1,16509,"AMAZON-02 - Amazon.com, Inc., US",US,
54.87.132.92,ip,http-scan,low,30,stale,2026-10-03,2026-10-03,1,14618,"AMAZON-AES - Amazon.com, Inc., US",US,
54.90.159.174,ip,http-scan,low,30,expired,2026-09-24,2026-09-24,1,14618,"AMAZON-AES - Amazon.com, Inc., US",US,
54078057751e940986822be536f039a2777881c7c17d4d4605eec9b7077166d3,sha256,unknown-artifact,medium,30,active,2026-09-15,2026-09-15,1,,,,
54088490d8e321364dc2a76ace1603c256a57b3b4361ca1ed981f279b99f0b44,sha256,unknown-artifact,medium,30,active,2026-09-27,2026-09-27,1,,,,
5421b0b230d2187c4ea508df18bb795e4bb011be2bc2c470d319008860b791bd,sha256,unknown-artifact,medium,30,active,2026-09-30,2026-09-30,1,,,,
5445ce74ab5df89a7aa7f7441c403dc667d6ae7262169bd220a79703a07dfdf7,sha256,unknown-artifact,medium,30,active,2026-09-15,2026-09-15,1,,,,
544acf12077057dd44f64de4632980459137405813bcc0048164b39b94616929,sha256,unknown-artifact,medium,30,active,2026-10-07,2026-10-07,1,,,,
544d0d12cb61d7dba253f35f31b08965eb8d9980734de9e9132f5f194a47f7aa,sha256,unknown-artifact,medium,30,active,2026-09-27,2026-09-27,1,,,,
54573a68c9a509bebea1e656282bbb67e7cfc8963d4d118be47221e3b5552f74,sha256,unknown-artifact,medium,30,active,2026-10-09,2026-10-09,1,,,,
545a7518fc82d09e33c6d69cd474302702d0d74bdf15707f2a2eb9f8f82b43d5,sha256,unknown-artifact,medium,30,active,2026-09-25,2026-09-25,1,,,,
54675974338df9f5d177704071f85da85e35e35a89e13d7c5b6eac6699cc0add,sha256,unknown-artifact,medium,30,active,2026-09-15,2026-09-15,1,,,,
54700ec7536a63cd9cbd326ef5589441f00ec67c6beaa640aa44cbefda9d3cc3,sha256,unknown-artifact,medium,30,active,2026-09-15,2026-09-15,1,,,,
547440824f1ae047da541c85360edc49a8a69fabc7665334afa8097b847e988a,sha256,unknown-artifact,medium,30,active,2026-09-30,2026-09-30,1,,,,
548a072b4228d40247aca44f620f63e357b3e1b5193fc96203ddeb9931c48471,sha256,unknown-artifact,medium,30,active,2026-10-03,2026-10-03,1,,,,
5495f91b2c3179dce09fd1cf6f9d26bdf69a0b4c110c31a2dcc97f301e0b0a19,sha256,unknown-artifact,medium,30,active,2026-10-04,2026-10-04,1,,,,
549bcd91ba6677cdb3c1bc8c2d3219ec3a111f01c524d710df821f924e8ba5fc,sha256,unknown-artifact,medium,30,active,2026-09-30,2026-09-30,1,,,,
54cba5f77f800a43a058643b806e9d4c2fb5c539944082711beecd8c9137cf71,sha256,unknown-artifact,medium,30,active,2026-09-26,2026-09-26,1,,,,
54e874de3e6bfc802749b0c6b560250e142910cd0d87f9eaf62cc5db1d3ba28c,sha256,unknown-artifact,medium,30,active,2026-09-15,2026-09-15,1,,,,
54ec5e7484085835119343978acd9a4f4308856e0d66365614c24c07b2e01f01,sha256,unknown-artifact,medium,30,active,2026-09-27,2026-09-27,1,,,,
5503928359937d83c23384acd9878ef11a324d4c0d16be547ee6eb7bb00b1aa8,sha256,unknown-artifact,medium,30,active,2026-09-30,2026-09-30,1,,,,
550c751308b04a373b07bb1c8a3bbbbdcb82d98f56e942079cbb740f9c8ae826,sha256,unknown-artifact,medium,30,active,2026-09-15,2026-09-15,1,,,,
5519c7c39605a2875eae5710a10f2e27291d9807c6f50b5ed824505f38c2a5f6,sha256,unknown-artifact,medium,30,active,2026-09-16,2026-09-16,1,,,,
5520b423a26e1befcdcdf2149b0865ae1aab844ee915f71a0562d61970b74215,sha256,unknown-artifact,medium,30,active,2026-10-10,2026-10-10,1,,,,
55239d573fb1576b7a63e6b4ea4a060dccb020001ce15650a6cb24d4c7598e2e,sha256,unknown-artifact,medium,30,active,2026-09-30,2026-09-30,1,,,,
553279faf78335e31f0dd15fb2008258032929f3dd77abea9debf382e407fc2b,sha256,unknown-artifact,medium,30,active,2026-09-29,2026-09-29,1,,,,
553f9bda432a99e89d594a02a6693f20bcda7add16a5f0796eedaf7236acc15b,sha256,unknown-artifact,medium,30,active,2026-10-10,2026-10-10,1,,,,
555003cf822c49fe0e11c99134e714b72a85be7fc1c8b50445febb01ba7998e5,sha256,unknown-artifact,medium,30,active,2026-09-30,2026-09-30,1,,,,
557a0e64e4862838d2125a5dacd5c4ab483eb8ebcb47845238941903b6c5e82e,sha256,unknown-artifact,medium,30,active,2026-09-15,2026-09-15,1,,,,
559dc59a9592e61dac150f40810ecc15183bbe92e3eae54818815de5634b89c4,sha256,unknown-artifact,medium,30,active,2026-10-03,2026-10-03,1,,,,
55a865588a04ef5a99b7d3999ff64132a306a251d99ca0c95ff8a1542089c938,sha256,unknown-artifact,medium,30,active,2026-09-28,2026-09-28,1,,,,
55c9cdc84ebd0f8da705cf1b521a09667a8ab6994b90b4162ea2f647b04ac8aa,sha256,unknown-artifact,medium,30,active,2026-09-27,2026-09-27,1,,,,
55cfb0a9df240a663c29076cf1ba423e0ff8feb0dcac2cdb8916e6104502dd5e,sha256,unknown-artifact,medium,30,active,2026-09-15,2026-09-15,1,,,,
55dcf688faebe961d4b4812e331da1e8591ca8486ac2be2e90398a1bbade0335,sha256,unknown-artifact,medium,30,active,2026-09-15,2026-09-15,1,,,,
55df8050d2a487c471c29468dc625f4c78c204fd91420d740e8e15975302f86c,sha256,unknown-artifact,medium,30,active,2026-09-28,2026-09-28,1,,,,
55e42fdcb02038549530d72aa19573574cc671e7ea40f6102cedc79e3b6facba,sha256,unknown-artifact,medium,30,active,2026-09-30,2026-09-30,1,,,,
55ea1e2c741496e8397ec85250c66087d51675420eac4600602bbcfbaa295576,sha256,unknown-artifact,medium,30,active,2026-09-15,2026-09-15,1,,,,
55f22bcaf6f53a93f4c62e3c527efade407e6e71ac6b98852b074d896c2a4d37,sha256,unknown-artifact,medium,30,active,2026-09-26,2026-09-26,1,,,,
561dd491f0397bbfccae3d23e4f453aeffbbb1acccc76264ec540da785b104ad,sha256,unknown-artifact,medium,30,active,2026-09-30,2026-09-30,1,,,,
56245c0d93972236ad658e19d7cd1db63e5e2cb5d940ce9c53f0fbf790ca77a1,sha256,unknown-artifact,medium,30,active,2026-09-30,2026-09-30,1,,,,
56352720a669826d0976f5eef7f919da09c2d7ced775c93215a1b781a8a30e46,sha256,unknown-artifact,medium,30,active,2026-10-10,2026-10-10,1,,,,
56366bed23413dad1a22ab92a129af021264e0f67e83efa65f9a0ad4cd2916b8,sha256,unknown-artifact,medium,30,active,2026-10-03,2026-10-03,1,,,,
56379ff47fa2905160bc68e876531665ebfd3035dc1d23a4df256fda65791f04,sha256,unknown-artifact,medium,30,active,2026-09-30,2026-09-30,1,,,,
56417f1817843028f9c482235755faa66aa92cd7273d05b08c5587a5ea274663,sha256,unknown-artifact,medium,30,active,2026-10-04,2026-10-04,1,,,,
5647f05ec18958947d32874eeb788fa396a05d0bab7c1b71f112ceb7e9b31eee,sha256,unknown-artifact,medium,30,active,2026-09-22,2026-09-22,1,,,,
564d8af93d6931e72c112e3708fbc4e3d98897fc49c53d2688c60a7283460f50,sha256,unknown-artifact,medium,30,active,2026-10-10,2026-10-10,1,,,,
5659dc4c1875f416cb995fc02b211c3e555271ee94557e0d93e3e97b06846195,sha256,unknown-artifact,medium,30,active,2026-09-30,2026-09-30,1,,,,
566c04efc2adafbee85395dfcea7343e29e9de9c12a27bf55381d1fdb8da5d7a,sha256,unknown-artifact,medium,30,active,2026-09-27,2026-09-27,1,,,,
566c1286c9939fbc4046578963f8b14d27ddeee34241caca165a2191c2fb97ce,sha256,unknown-artifact,medium,30,active,2026-09-27,2026-09-27,1,,,,
568b685a3125716fffc44ace566ab9b92bf306d0489f58f518fa3b903d76d6f0,sha256,unknown-artifact,medium,30,active,2026-09-15,2026-09-15,1,,,,
56d0ee52e1e5f435e4877bf9c0d863ea864f711a47bad42be0236b77df22255a,sha256,unknown-artifact,medium,30,active,2026-09-25,2026-09-25,1,,,,
56db4e1484e033504fafc74ffc86739e5cda9cb9e239b9cf7c78e52cf2764986,sha256,unknown-artifact,medium,30,active,2026-09-29,2026-09-29,1,,,,
56ed355f6eb0c32e42d434a7c451f730b92d8011d671289f8a49a56c928e6c33,sha256,unknown-artifact,medium,30,active,2026-09-27,2026-09-27,1,,,,
56edaa7ec813cd7c11290a2b727f8a01244e028521aa178d40841ce49ee0bbc4,sha256,unknown-artifact,medium,30,active,2026-10-07,2026-10-07,1,,,,
57.129.123.152,ip,http-scan,low,30,expired,2026-09-26,2026-09-26,1,16276,"OVH - OVH SAS, FR",FR,
57.154.242.244,ip,http-scan,low,30,expired,2026-09-25,2026-09-25,1,8075,"MICROSOFT-CORP-MSN-AS-BLOCK - Microsoft Corporation, US",GB,
5700b5b016650613a31ef5b1e4be67cd6a7fc71ac1f51d9f98f0faa75b690749,sha256,unknown-artifact,medium,30,active,2026-09-16,2026-09-16,1,,,,
5704f138d9c0b993b6d35364b1f510d9a66580fb5d600f408506fc58947e87b0,sha256,unknown-artifact,medium,30,active,2026-09-22,2026-09-22,1,,,,
570d28a5b2ed8def07179dbdd2fdb786a5a747466b7eb116814247dd1fc94142,sha256,unknown-artifact,medium,30,active,2026-09-30,2026-09-30,1,,,,
57185411b0037974b51436b5299ef9a2776c3615b2f49f06d261b5ad8b22c08e,sha256,unknown-artifact,medium,30,active,2026-10-10,2026-10-10,1,,,,
57191a0cf2166383a09c707ad0879ee498fec2e018be7b9c35c43ddb65995524,sha256,unknown-artifact,medium,30,active,2026-09-16,2026-09-16,1,,,,
57337bf6c26d8bf91c593d12e191c9257774676888426bb0235b47425edc8209,sha256,unknown-artifact,medium,30,active,2026-10-04,2026-10-04,1,,,,
5751872e31b4468d9d72fa49a2e53a6172ee78dd0931bad7d81ea7175bab144c,sha256,unknown-artifact,medium,30,active,2026-09-15,2026-09-15,1,,,,
575d2553000ec50bb77049f2172b917fb8305055c3c97486a1fd6facbc6376df,sha256,unknown-artifact,medium,30,active,2026-10-03,2026-10-03,1,,,,
57612bc51e6fd881e05a4f74b5333ace6f6120b79ee792828d8ca8cbaebe67c0,sha256,unknown-artifact,medium,30,active,2026-09-23,2026-09-23,1,,,,
57617b259d7764cdc733d6dcd421aed065429aa3678bb1c3a6beef21e45cf9a3,sha256,unknown-artifact,medium,30,active,2026-09-15,2026-09-15,1,,,,
5762264656e4406531ffd813a8c3d7147c0fdadfd91d6ef1c65b6fae4df5ffed,sha256,unknown-artifact,medium,30,active,2026-10-09,2026-10-09,1,,,,
57716129b9bb1b62e7474b384b2b5abeb8c83cd221bdcb001977d81c0c2d433c,sha256,unknown-artifact,medium,30,active,2026-10-03,2026-10-03,1,,,,
57716bb65d1d0dfce09d55e388a216f06177bf91fb0b08acabfb97831e4db749,sha256,unknown-artifact,medium,30,active,2026-09-30,2026-09-30,1,,,,
57816bb6362a1c82b41162cdbcae5fabe18c9dc2a52aae860e3dd7a71a6fe7f4,sha256,unknown-artifact,medium,30,active,2026-10-03,2026-10-03,1,,,,
578f9dcda7e288bb56f805fe7108e4818945fc003f20f03834020c55bb80c83b,sha256,unknown-artifact,medium,30,active,2026-09-15,2026-09-15,1,,,,
579062bd270d1482f607d610ab115419635995a5d94f9a3cfcb39dea2a70395c,sha256,unknown-artifact,medium,30,active,2026-10-07,2026-10-07,1,,,,
579740b8e410f00608dc09bed564624d1f5740b9884f39a6db6df1783e75421c,sha256,unknown-artifact,medium,30,active,2026-09-30,2026-09-30,1,,,,
579c335631398cd2d5c8208b2049ee1c7037e8413fe60b343a71573595a5b168,sha256,unknown-artifact,medium,30,active,2026-09-27,2026-09-27,1,,,,
57a0467585de9e54b24b1287e9f77c2e731a8f27278d779a9de93f7a16294346,sha256,unknown-artifact,medium,30,active,2026-09-16,2026-09-16,1,,,,
57a0c2dc3a5478c26ba8b8ca4c14d369269332a1acf821881538ae719e99cc3c,sha256,unknown-artifact,medium,30,active,2026-10-03,2026-10-03,1,,,,
57b6b652052263482d59915e86bc5de88f1bd6ad4f2acc7f51e8ad8cc85f236c,sha256,unknown-artifact,medium,30,active,2026-10-03,2026-10-03,1,,,,
57d4ae27624d896a338dff2454ae7c3712fb0f41af1fb0ad8a37b20d14f14cca,sha256,unknown-artifact,medium,30,active,2026-09-27,2026-09-27,1,,,,
57d8167c89f523fe72737bf7736443d1868db657a6fd9e2b2c841ffe4974bc7c,sha256,unknown-artifact,medium,30,active,2026-09-16,2026-09-16,1,,,,
57db1253b68b6802b59a969f750fa32b60cb5cc8a3cb19b87dac28f541dc4e2a,sha256,unknown-artifact,medium,30,active,2026-09-15,2026-09-15,1,,,,
57eef6c491cee54019f4dc73d3654e6865d532147cafa58743242eb74a143272,sha256,unknown-artifact,medium,30,active,2026-09-27,2026-09-27,1,,,,
57ef3fe2fd34b4ea183d4956caa8bb5714a73d7b7020b45eb849334c0fd388fa,sha256,unknown-artifact,medium,30,active,2026-10-06,2026-10-06,1,,,,
57fa9313b299165e8c2c31d69fd790c728c624f1cdc6569ae1d2f66fc4ec193f,sha256,unknown-artifact,medium,30,active,2026-10-06,2026-10-06,1,,,,
57fcc9f723e03f373196a6e0a33e5ca6989d5d84132e79c2e9f691b016af2b64,sha256,unknown-artifact,medium,30,active,2026-09-27,2026-09-27,1,,,,
58.208.84.103,ip,ssh-probe,low,20,stale,2026-10-07,2026-10-07,1,4134,"CHINANET-BACKBONE - No.31,Jin-rong Street, CN",CN,
58.56.200.238,ip,ssh-probe,low,20,expired,2026-09-27,2026-09-27,1,4134,"CHINANET-BACKBONE - No.31,Jin-rong Street, CN",CN,
5801d090ac574c4083dd874e0eb59e0e10e97f81ddf796c3bf0e24085a4aff4c,sha256,unknown-artifact,medium,30,active,2026-10-09,2026-10-09,1,,,,
580628fdb7a9d5105b410b1b475e710d5427228bf0bb50d79289802c8d008483,sha256,unknown-artifact,medium,30,active,2026-09-30,2026-09-30,1,,,,
5809203e91d404102bb6623f5da6d5ba33e570338e780973b4b58d3582933c4f,sha256,unknown-artifact,medium,30,active,2026-09-30,2026-09-30,1,,,,
580a57fe91f213bbd020412a5a8fbb42558b64ba1af333eae797c99e710e9dff,sha256,unknown-artifact,medium,30,active,2026-09-25,2026-09-25,1,,,,
580c315cf87307f70079e9b928b7f3ab7caad5ff35a500411f1407613160374a,sha256,unknown-artifact,medium,30,active,2026-09-25,2026-09-25,1,,,,
581ef8d8cb7de8fe8febdda55aa91500d60ffe44b6506234ba605a5d4d4eb1dd,sha256,unknown-artifact,medium,30,active,2026-10-03,2026-10-03,1,,,,
58305d716184f97601c82cfc4cdbd914e0a9d8f9171b565eb495353278f387de,sha256,unknown-artifact,medium,30,active,2026-10-04,2026-10-04,1,,,,
5833d0c7718d14483b7f9a46ef4c5381c8b82ea12e7b394fa50c18e5f76e2b4e,sha256,unknown-artifact,medium,30,active,2026-09-25,2026-09-25,1,,,,
584bb326929f37c2117bd04f643514f0837a984518f410b64b12286e056e2cce,sha256,unknown-artifact,medium,30,active,2026-09-22,2026-09-22,1,,,,
58523215b3213d7b062e383a09834e95eea8d06aa121dda2c0964a3148b2450f,sha256,unknown-artifact,medium,30,active,2026-09-16,2026-09-16,1,,,,
58535f11abdcb710e16a7b68e60d2d3d0d68ff8143b33c33a9745f7deea970ee,sha256,unknown-artifact,medium,30,active,2026-10-10,2026-10-10,1,,,,
586137a895474f65f8349eea3ab2a20fdb3b5c945b78c892a8b807160b57e43d,sha256,unknown-artifact,medium,30,active,2026-09-27,2026-09-27,1,,,,
586960df8bf559ffbba600f11917a99baed4a875cb7faa5eabc060bcde67277b,sha256,unknown-artifact,medium,30,active,2026-09-16,2026-09-16,1,,,,
586e1679a1d58fc5960a8cae508cb81dba6368cebae14985a8de099b28bb4a7d,sha256,unknown-artifact,medium,30,active,2026-09-27,2026-09-27,1,,,,
58740b0ad475f413a1f690014caa1563fa7cdf3842f40211215e45068d7319ba,sha256,unknown-artifact,medium,30,active,2026-09-15,2026-09-15,1,,,,
587a974a72f09e9a5e7ae9f1fb82db6b7c97be1080302fa5cbd35b34ee566fba,sha256,unknown-artifact,medium,30,active,2026-09-26,2026-09-26,1,,,,
5891b5b522d5df086d0ff0b110fbd9d21bb4fc7163af34d08286a2e846f6be03,sha256,unknown-artifact,medium,30,active,2026-09-30,2026-09-30,1,,,,
589a7745a26f4f724c960ec9083059baf6eeea19a4fe6a4e57d183682182a1ea,sha256,unknown-artifact,medium,30,active,2026-09-15,2026-09-15,1,,,,
58b7f2dbe327a39289520ad19aa91cb84604a78cd3520cf6a77ca004f3bda563,sha256,unknown-artifact,medium,30,active,2026-09-30,2026-09-30,1,,,,
58b97147ff38068c2b6b86f52742dc8d85e675bf9e1f76b043888c289433409d,sha256,unknown-artifact,medium,30,active,2026-09-27,2026-09-27,1,,,,
58bc6cba1ab9336acb77266f57c650ef4914f2d38eb77357ad3fc3490368dd34,sha256,unknown-artifact,medium,30,active,2026-09-15,2026-09-15,1,,,,
58d4caf8d36773731ab6ddad85683257cb0929204dc921259607cdcb36c3aad2,sha256,unknown-artifact,medium,30,active,2026-10-07,2026-10-07,1,,,,
58e55d811348e250027c9ce59106733e1bcdce83119b7c5d935ef9ecc4bf3cc0,sha256,unknown-artifact,medium,30,active,2026-09-15,2026-09-15,1,,,,
58e921194dc1377a2890ae259006b737627374d5f941ce919b1e0c4ba155780f,sha256,unknown-artifact,medium,30,active,2026-09-16,2026-09-16,1,,,,
5908c33f2934edd1056dd757a07f6d93ef6679f75928da82312a32f55837e515,sha256,unknown-artifact,medium,30,active,2026-10-10,2026-10-10,1,,,,
590cd064d1d3dabb11699dd752863b0c5868eec60b7fcba0f1cda92b89382ac1,sha256,unknown-artifact,medium,30,active,2026-10-03,2026-10-03,1,,,,
590e78174ab54582c5af365a90ed7cbb9ffe25561f4a0cc924f5a37a0231a05f,sha256,unknown-artifact,medium,30,active,2026-09-15,2026-09-15,1,,,,
590e797980e5062eb92ec41de8b5641a51f2a740326a0665045ee979dc3d2060,sha256,unknown-artifact,medium,30,active,2026-10-04,2026-10-04,1,,,,
591ac923838807109e5669d5357e231c10d6b80e0e28974138c18ac2e017e90d,sha256,unknown-artifact,medium,30,active,2026-10-03,2026-10-03,1,,,,
5921a7b2d52f748427c964294e26367a28540cf2f1751528fa94a45ebb32d7dd,sha256,unknown-artifact,medium,30,active,2026-10-09,2026-10-09,1,,,,
5937cb7a34901688b8e36a8e4a924a8b11969853255bd952972bb9e68f9d6c6e,sha256,unknown-artifact,medium,30,active,2026-09-23,2026-09-23,1,,,,
594eb25b6ad9f97a4b5cd31c5b7a6229e2949f0bad7fc410911de58699788ded,sha256,unknown-artifact,medium,30,active,2026-10-03,2026-10-03,1,,,,
5969bdead7403591458f68ffbb01e5e8469571b38a87e0fef77abd6a68bc7726,sha256,unknown-artifact,medium,30,active,2026-09-26,2026-09-26,1,,,,
596ebd80c0f2902189278fed4957a77817f7c1e20d8331796d18687641d9127c,sha256,unknown-artifact,medium,30,active,2026-09-28,2026-09-28,1,,,,
597e236ce1605f2f9cc0bd8e5bfc85009f2bea17ecc24c35e1179ff1fae12af4,sha256,unknown-artifact,medium,30,active,2026-09-25,2026-09-25,1,,,,
597fbea6dbebce46a8d5256446d95c235dfa08a8ec335773331e7646808d8c88,sha256,unknown-artifact,medium,30,active,2026-10-04,2026-10-04,1,,,,
5982c76fc1034bceb335b633d554256a6ef788e232b3de7ec0d745bac1e2b2ab,sha256,unknown-artifact,medium,30,active,2026-09-30,2026-09-30,1,,,,
598f7e905351a2bc11d6f15af90ae3dff1c7e3b63e762813e6e07f8073ad1ba0,sha256,unknown-artifact,medium,30,active,2026-09-25,2026-09-25,1,,,,
5998e585de0e2862f5877cbc42a0c114d7dbaff37fa21b604c7d1506f72267b5,sha256,unknown-artifact,medium,30,active,2026-09-30,2026-09-30,1,,,,
59a841716d219d7d43bf274c33052360dac5845cf4eb94d74173962d8200f7f0,sha256,unknown-artifact,medium,30,active,2026-10-03,2026-10-03,1,,,,
59a96093969ec075b9afdc50955dc26f22e21dd2a299b74cca9d86fb96f32c49,sha256,unknown-artifact,medium,30,active,2026-09-29,2026-09-29,1,,,,
59b24e0d90b92a02e40e2580b61d6423109e99d1e2117143407cea758cc035a6,sha256,unknown-artifact,medium,30,active,2026-09-30,2026-09-30,1,,,,
59b2c0e5380248d389c3aec37202ac32b149ed5e3759e62232b997b47e9fa232,sha256,unknown-artifact,medium,30,active,2026-09-29,2026-09-29,1,,,,
59b3dfd22414452138cd2d236863d33920788ee328537d6ab6f24761bb6d77df,sha256,unknown-artifact,medium,30,active,2026-10-04,2026-10-04,1,,,,
59c515a3c2f0b0b9da78a58e64b37cf5064d9696199f7f83f12e3bbd16773f53,sha256,unknown-artifact,medium,30,active,2026-10-03,2026-10-03,1,,,,
59c5f991067af264b4e6529016891e5080f3376b8676c3d944b4b87386e55a27,sha256,unknown-artifact,medium,30,active,2026-10-03,2026-10-03,1,,,,
59dc0071f3bab7d99b15eae9f0d59a92f2d0b7c5a847747939f0d8046de52bfc,sha256,unknown-artifact,medium,30,active,2026-09-15,2026-09-15,1,,,,
5a0f1fbf839a87208837644b5b630d53acb796b2c457c0c94da38fa85ac3d6c8,sha256,unknown-artifact,medium,30,active,2026-10-08,2026-10-08,1,,,,
5a16b6eb4391c12dfe0faf6a302647aef75d0de4b1e9593b3875fd5e96629e73,sha256,unknown-artifact,medium,30,active,2026-09-26,2026-09-26,1,,,,
5a20f7c9e732a9c037dbd979b0698d975ec0eefcf7d6604927c3672ff465b19a,sha256,unknown-artifact,medium,30,active,2026-09-25,2026-09-25,1,,,,
5a26129a61c70166d214d2c875f06071ff677a8e974bf4521d88408f9d1c8b04,sha256,unknown-artifact,medium,30,active,2026-10-03,2026-10-03,1,,,,
5a32ff39a18c19df3cbfdef59cd5f332bbc5cf0bb35df880955a89d96d712afb,sha256,unknown-artifact,medium,30,active,2026-09-28,2026-09-28,1,,,,
5a4ce8fbc1f5c49e29f367b100a0ff3d1a32f3970b64673f54e49d5e86ee7c92,sha256,unknown-artifact,medium,30,active,2026-09-27,2026-09-27,1,,,,
5a5272ab468563fd0a740f07ea02a8db3004cc27f40d3c00863af5cf7f89e845,sha256,unknown-artifact,medium,30,active,2026-09-26,2026-09-26,1,,,,
5a8652b48772ecd566a8bba95019f881664db494d701e68c35e75527955fb238,sha256,unknown-artifact,medium,30,active,2026-09-15,2026-09-15,1,,,,
5a93e45d6d15399b867238479232cc8d1320551081a08ca81a2aaf7a13ecbe6c,sha256,unknown-artifact,medium,30,active,2026-10-04,2026-10-04,1,,,,
5aa32903607f8cf9c71bfc15dc232e0925b6ad74bab2f3624e19363ed403a5c4,sha256,unknown-artifact,medium,30,active,2026-10-03,2026-10-03,1,,,,
5aaa5aed6eb8c8a4b2d5f43f67f38b7446582035501d805ac9a84dca94bda90e,sha256,unknown-artifact,medium,30,active,2026-09-27,2026-09-27,1,,,,
5ab4a0518709a244db3d7361b7cbed88adda94c8c04038e124de52c383931791,sha256,unknown-artifact,medium,30,active,2026-10-04,2026-10-04,1,,,,
5ad58638bf40191d80a5899dd9f08820f0e2c8c4632a9d39a4a216bf6aeb3bc2,sha256,unknown-artifact,medium,30,active,2026-10-04,2026-10-04,1,,,,
5af0655e714b3957efb8032cc33f565963782692b77fcff36fa854f7656e20f3,sha256,unknown-artifact,medium,30,active,2026-09-16,2026-09-16,1,,,,
5af9784483ea6df5792751dce3aab559e795ba97516bc23a46aa9a2e940c6370,sha256,unknown-artifact,medium,30,active,2026-09-23,2026-09-23,1,,,,
5b06ea6123b63f912f14d6d97bfb80679be694779f9774e9a8adc37220707802,sha256,unknown-artifact,medium,30,active,2026-10-03,2026-10-03,1,,,,
5b50cfe540cb648996f6216b12e36793b4ebbeee9d7f8f994d1eb6279c7fa428,sha256,unknown-artifact,medium,30,active,2026-10-03,2026-10-03,1,,,,
5b519d4c4135e57a5c5d9bc6bf8b12f0484a6563287d8915929a23738a92282d,sha256,unknown-artifact,medium,30,active,2026-09-24,2026-09-24,1,,,,
5b71190ba498f67dc1be90790ec02983eb937345a73ea537b77aba07d36a8809,sha256,unknown-artifact,medium,30,active,2026-09-25,2026-09-25,1,,,,
5b8e440c0af8f27a9654c6dc09577dbc14b278cfd99eb03ff170ab490fdddb7a,sha256,unknown-artifact,medium,30,active,2026-10-04,2026-10-04,1,,,,
5b9d3a3bed5d86759791c0504939716c3029016446850775daf6f27c6b59a32e,sha256,unknown-artifact,medium,30,active,2026-09-27,2026-09-27,1,,,,
5bc51f228ad62a43c2f26164477225c5cfff6909b1e2e9568c0c41c089d85902,sha256,unknown-artifact,medium,30,active,2026-09-30,2026-09-30,1,,,,
5bc88ca077e6514345ef7dca640a296202b641ab71a878cfea3ebeb44bd3f84e,sha256,unknown-artifact,medium,30,active,2026-10-07,2026-10-07,1,,,,
5bc88fb35e25eecaf17eca1e67c19e47ca43c203736b426ff254cf7558a706b7,sha256,unknown-artifact,medium,30,active,2026-09-30,2026-09-30,1,,,,
5bd0fb70f0b710092df88ce8b2031b538382758ae276a1185b84155c1bd1c361,sha256,unknown-artifact,medium,30,active,2026-10-03,2026-10-03,1,,,,
5beb67cd74a2f0919591e586798953aef05f9f9ae49dd8b1f1b3114aab195f0f,sha256,unknown-artifact,medium,30,active,2026-09-27,2026-09-27,1,,,,
5c0afa7a38c4d0809c7cb2145dee8ce41691ae383392cf9605d4e14bec828cbf,sha256,unknown-artifact,medium,30,active,2026-09-25,2026-09-25,1,,,,
5c152a9d258cf4f303979978f049251fbbb14bb3092a4bcdc6fd7a5efb216686,sha256,unknown-artifact,medium,30,active,2026-09-15,2026-09-15,1,,,,
5c18587da865e3149a6ee8cb78144680e84906ec88b6ab700325ff39a70daaa3,sha256,unknown-artifact,medium,30,active,2026-10-04,2026-10-04,1,,,,
5c1b30a028ea1e089960ba3c0f1327cd3e5c3aa1a3a68ab26cf5fe62172834fd,sha256,unknown-artifact,medium,30,active,2026-10-10,2026-10-10,1,,,,
5c1f28d448711875c54bf8dc653755588e2029b3244569ce58b611f1b2b8856f,sha256,unknown-artifact,medium,30,active,2026-09-25,2026-09-25,1,,,,
5c2f9f885f6397fbb391e6d2583297c153771a3f463a91518dba976a13592abd,sha256,unknown-artifact,medium,30,active,2026-09-29,2026-09-29,1,,,,
5c3772df7d483656f9bba4b4def27909705c7f73ea5f5e0881285ffc986744f3,sha256,unknown-artifact,medium,30,active,2026-09-29,2026-09-29,1,,,,
5c407e34642a25b26f1630431dfef0f982839d74ac1e0ad63a4fb4b06f58ef09,sha256,unknown-artifact,medium,30,active,2026-10-03,2026-10-03,1,,,,
5c5450cd282bd753bcafb66c1369f09430c0e0d0d57599df94d24e43f8ebf0c4,sha256,unknown-artifact,medium,30,active,2026-09-27,2026-09-27,1,,,,
5c7f7b6441f0188808db0591dd76ff80e4e7dd81b1690c7360b08212795c9baa,sha256,unknown-artifact,medium,30,active,2026-10-04,2026-10-04,1,,,,
5c8406ef321063f29545c22d7e193105c8bc5f2b0b765dfce47981640cb9aa8d,sha256,unknown-artifact,medium,30,active,2026-10-04,2026-10-04,1,,,,
5c97612b95cc82ed9d7770aa20733e3b203ea1bd740493e8d4183366537b9bc0,sha256,unknown-artifact,medium,30,active,2026-10-09,2026-10-09,1,,,,
5c984cc4009ffe701df1a63d4f10775e8b4043e4145dcf388cc5ed7133864554,sha256,unknown-artifact,medium,30,active,2026-10-09,2026-10-09,1,,,,
5c9d9b0a7c831d94257b1f3296f7f69fdea5829daa4f884c7c272d90d707025e,sha256,unknown-artifact,medium,30,active,2026-09-22,2026-09-22,1,,,,
5cac6a4582c4c505306a546ab76e2ff079fe6fab3c20d528f64eac4f12737d53,sha256,unknown-artifact,medium,30,active,2026-09-28,2026-09-28,1,,,,
5cb0084c97a8bdb014f17259f5233a6817ede4e701be8339c55bbae1e6b7ae23,sha256,unknown-artifact,medium,30,active,2026-09-27,2026-09-27,1,,,,
5cb1757198de6a093ad2ae708fdfa75092a9ac2ab59249ee7ec37ffb02c72647,sha256,unknown-artifact,medium,30,active,2026-09-15,2026-09-15,1,,,,
5cc7cfce8f367eb707b4197f2fefaefbb748ed280b59c2fcd87b3d18b38c1d48,sha256,unknown-artifact,medium,30,active,2026-09-15,2026-09-15,1,,,,
5cdbb23670f45bc9637af41485983a69ce7f1a201c82db6c0297a5cc141a3a1b,sha256,unknown-artifact,medium,30,active,2026-09-30,2026-09-30,1,,,,
5cdcf6f947db57cfe22a26c3557ce35b20aa0437c83d90d76bd3331d75945982,sha256,unknown-artifact,medium,30,active,2026-10-09,2026-10-09,1,,,,
5cde710f8d79063fe924711e624b32220285a261a3b11d9db143ddbad3eb30e3,sha256,unknown-artifact,medium,30,active,2026-09-27,2026-09-27,1,,,,
5ce0947696d53d78df7caf164a7e0c36ccfd4c21403ac93ba363a4f889f9584b,sha256,unknown-artifact,medium,30,active,2026-10-09,2026-10-09,1,,,,
5cf5dd03f113c026bef4910d315d9fb3b57bbf2566b9d851f3a320c64fa5998f,sha256,unknown-artifact,medium,30,active,2026-09-15,2026-09-15,1,,,,
5cf989e9f3f326c4dca2508bf48b377cd84d59a7d5dae6fe72250d82068dad58,sha256,unknown-artifact,medium,30,active,2026-09-15,2026-09-15,1,,,,
5d0bfa5d483a81cf1069f702bfbfa4563cce1bb59f5b95e97d30b0b725bf4ffa,sha256,unknown-artifact,medium,30,active,2026-09-30,2026-09-30,1,,,,
5d1bc1b23f77562236af66113069059279fb0df040cb8a36f25d2d3dbcfdb44c,sha256,unknown-artifact,medium,30,active,2026-10-04,2026-10-04,1,,,,
5d21e9d87d54acb08dbdde26824944e3db8525e97a8d1cf462ee7779a74f0f4c,sha256,unknown-artifact,medium,30,active,2026-09-22,2026-09-22,1,,,,
5d2394e89d1ca27d45080d197879e59562416b6ed2264f1017699c8335ed46d4,sha256,unknown-artifact,medium,30,active,2026-09-15,2026-09-15,1,,,,
5d3328b59d1454bb511a2035949991c21b2a8e02087c126106473b9d1ad05549,sha256,unknown-artifact,medium,30,active,2026-09-15,2026-09-15,1,,,,
5d45c439f153eef60b6336207fd3d3791ff445704ebfdfa03b46d13993926a50,sha256,unknown-artifact,medium,30,active,2026-09-23,2026-09-23,1,,,,
5d467bdd2fb240a3002590cc1b768aef3810d6cc01a0250923069beed582f4c9,sha256,unknown-artifact,medium,30,active,2026-09-15,2026-09-15,1,,,,
5d9e96ed043af733cb40b97a5707184510c51db19b8436d6f98c704b96eada20,sha256,unknown-artifact,medium,30,active,2026-09-30,2026-09-30,1,,,,
5dac27fceebab3d1a0653da343221a5aee7b61116d810a8ac7d75fbcee364300,sha256,unknown-artifact,medium,30,active,2026-10-03,2026-10-03,1,,,,
5dad9f4805e1bfd6b94f42fb641e0b6c6ddcf2b61a6dcaa0b759e6b3cac84bfe,sha256,unknown-artifact,medium,30,active,2026-09-30,2026-09-30,1,,,,
5dcdb3c435ea46c84510f24838ab23ae82d8fb1f9f185c150f3de5af50981669,sha256,unknown-artifact,medium,30,active,2026-09-29,2026-09-29,1,,,,
5dd1528e6e1ff95917bfad05b44c41b8b0819f03c9eb5a1cb031271d7a178d1f,sha256,unknown-artifact,medium,30,active,2026-10-04,2026-10-04,1,,,,
5ddd289a5ab22711841317af539faa624aa6b09394634337ab2e9da57c1a2286,sha256,unknown-artifact,medium,30,active,2026-10-03,2026-10-03,1,,,,
5ddf805907cb96638434a65ee6f0739d4c46e37289abde68d9357cfab80e08e4,sha256,unknown-artifact,medium,30,active,2026-10-03,2026-10-03,1,,,,
5e05ba3fa3f66a374c63ca98068a04a5f4e6e6f4900292a28498b053a6daa3f6,sha256,unknown-artifact,medium,30,active,2026-10-10,2026-10-10,1,,,,
5e2a89853f79a01330b1d4e5f3fafe0cfa1d93eaece1cb2d41857a81fc96be6e,sha256,unknown-artifact,medium,30,active,2026-09-30,2026-09-30,1,,,,
5e3abcae6eba722d8b15137cee928596174d5e053b4cd3223d3f8ca93de6b133,sha256,unknown-artifact,medium,30,active,2026-10-03,2026-10-03,1,,,,
5e4745c6d2d9cca1db02a6464ebecc911b4db11afaccf33180172b8a5a202365,sha256,unknown-artifact,medium,30,active,2026-09-30,2026-09-30,1,,,,
5e719b2dfd5525f25f71f723df9c11d028c752e1d9b874669852c11dd8ed5ad9,sha256,unknown-artifact,medium,30,active,2026-10-07,2026-10-07,1,,,,
5e8660bacd3ab071b89750cafcead739255037a1fd4231b2c33f44a55beed777,sha256,unknown-artifact,medium,30,active,2026-10-09,2026-10-09,1,,,,
5e8bb6940024cc3f2fa0a5138d47b3e3c4ea7bda75822f37bc49b47b08eaf0b3,sha256,unknown-artifact,medium,30,active,2026-10-04,2026-10-04,1,,,,
5e99a855b55442baa232167ad393558b1a049f13348d4a9935ddfc3590869381,sha256,unknown-artifact,medium,30,active,2026-09-27,2026-09-27,1,,,,
5eaad8d1d0da188e1524eb4767019f5f035d614525ce6f64b87b08106cf451d5,sha256,unknown-artifact,medium,30,active,2026-09-15,2026-09-15,1,,,,
5eb994a1d8f3669b8c35a37cae48c303e16f6de0d216f056b08415be5920b30e,sha256,unknown-artifact,medium,30,active,2026-10-03,2026-10-03,1,,,,
5ec9471ce8dbea0832c5d7446675629b197deb47ffae58f8aeabfc90684742f5,sha256,unknown-artifact,medium,30,active,2026-10-03,2026-10-03,1,,,,
5ecf8d2cc410094e8b82dd0bc178a57f3aa1e80916689beb00fe56148b1b1256,sha256,unknown-artifact,medium,30,active,2026-09-15,2026-09-15,1,,,,
5edff08c14c914c39a8b61eb78639d4a1b136ddff9a62932cf1de3588dbef015,sha256,unknown-artifact,medium,30,active,2026-09-26,2026-09-26,1,,,,
5eeec57e691d2d5612d3628f34a60176fa251e295b89456635f0e48e048dce55,sha256,unknown-artifact,medium,30,active,2026-09-23,2026-09-23,1,,,,
5eff09a840d3398aaabb042c49ffe4bb2dbcd7304a9f500a0ca02fa55c9459ce,sha256,unknown-artifact,medium,30,active,2026-10-03,2026-10-03,1,,,,
5eff1db93c0c1c16581769e7185e06f25f90e5c806df030cddaddd78655620a6,sha256,unknown-artifact,medium,30,active,2026-09-30,2026-09-30,1,,,,
5f0a69218698365d82bd8bcf8389222f95b01a1149c0d18af79d5f92b8057db9,sha256,unknown-artifact,medium,30,active,2026-09-15,2026-09-15,1,,,,
5f160552334ebb2cdd8cc3ed719905cc456957ab881ba3b16f6e848604734064,sha256,unknown-artifact,medium,30,active,2026-09-15,2026-09-15,1,,,,
5f1dcbbaf8863943a62f2db7160795871ee1448a14e11a8a894bb8165dc4c39e,sha256,unknown-artifact,medium,30,active,2026-10-04,2026-10-04,1,,,,
5f3d0b076d2e0aa064b166cba0791cf5cdb9aa48d779479f7bc114fb0fb047c5,sha256,unknown-artifact,medium,30,active,2026-09-23,2026-09-23,1,,,,
5f6455aad19c276ad7fdd2341b39852ff6addca8093ed535dcf1a18595741063,sha256,unknown-artifact,medium,30,active,2026-10-09,2026-10-09,1,,,,
5f664793547f0aaa62f10550eba338b2148cc170e72490603ed5eeeffc1172df,sha256,unknown-artifact,medium,30,active,2026-09-15,2026-09-15,1,,,,
5f70ae29b3019ec851ef6b664b59d3fd88dda0de5eb58212ddbd97c65c3f8198,sha256,unknown-artifact,medium,30,active,2026-10-03,2026-10-03,1,,,,
5f77c148aea3dff1255ffa2364903030cf7403be2c92faedc7e6cd37b9ca0a10,sha256,unknown-artifact,medium,30,active,2026-09-28,2026-09-28,1,,,,
5f8ef3a013bf51981d36dacbd4a3472ccdd6a3aef123dc35830a8058efdb2ab8,sha256,unknown-artifact,medium,30,active,2026-09-15,2026-09-15,1,,,,
5f901b67cb4df27e6ffdf3bcbb98cd72670207f8f51b2ea8405e52ec44b2e86b,sha256,unknown-artifact,medium,30,active,2026-09-22,2026-09-22,1,,,,
5fb49e4fd45335813b6fe7801f20f6d4a3758c78209fa34df98a8f7df5f96c7a,sha256,unknown-artifact,medium,30,active,2026-10-04,2026-10-04,1,,,,
5fb6aa23c65adcda2111f8fbbf78d51f8fe1d238e70099dcd2d3a174f4f94556,sha256,unknown-artifact,medium,30,active,2026-09-25,2026-09-25,1,,,,
5fb6ba28a042a66742e4e4440bc392a6d4331e7f03589c36df842b86e64a4406,sha256,unknown-artifact,medium,30,active,2026-10-09,2026-10-09,1,,,,
5feace36152155f9d071b8b21ddb763c094d01482ad4f653b5ba4f5d1d7b9fb0,sha256,unknown-artifact,medium,30,active,2026-09-27,2026-09-27,1,,,,
5ff0e7f10fb33c6b9d415dfb99104ce6e1e1c2112cbf8c7501e02e07575f125b,sha256,unknown-artifact,medium,30,active,2026-09-30,2026-09-30,1,,,,
5ffa433b8a14c5798a8d349cbf2ecc9c4f2177a632d8a74952b2460a13dd11f2,sha256,unknown-artifact,medium,30,active,2026-09-15,2026-09-15,1,,,,
60.166.82.149,ip,ssh-probe,low,20,expired,2026-09-12,2026-09-12,1,4134,"CHINANET-BACKBONE - No.31,Jin-rong Street, CN",CN,
60.214.154.254,ip,ssh-probe,low,20,active,2026-10-08,2026-10-08,1,4837,"CHINA169-Backbone - CHINA UNICOM China169 Backbone, CN",CN,
6027e31c66c914e0b9eff4d1535bfcf77c2c9d9dd851e8b0c30785425000345d,sha256,unknown-artifact,medium,30,active,2026-09-28,2026-09-28,1,,,,
602ef2f7f86b6a9c33faa77b4c275e07a09d6e56ac5a6e6784ef3230ff854c07,sha256,unknown-artifact,medium,30,active,2026-10-06,2026-10-06,1,,,,
60359dd4e3ecf7a62b02412453372eb47ff3418fe74715043bd512670e4609ba,sha256,unknown-artifact,medium,30,active,2026-09-27,2026-09-27,1,,,,
60360b174a41d957f18ab2c7206a0e43cf40df8d8975dc214ad6cda07c91b0eb,sha256,unknown-artifact,medium,30,active,2026-09-15,2026-09-15,1,,,,
6038feb53a9dc016016e1f317f068476c765622b33a7b3f4af0a35339018ce67,sha256,unknown-artifact,medium,30,active,2026-09-15,2026-09-15,1,,,,
603fbb56ba57021af98e5098d7b09b3066b0967c1495784f643f34801f46bc35,sha256,unknown-artifact,medium,30,active,2026-09-26,2026-09-26,1,,,,
604dabf24dfb7f9db087423042c4321e64486159ae918ddf83e1695f14ba7dff,sha256,unknown-artifact,medium,30,active,2026-10-09,2026-10-09,1,,,,
6062fa44241a03bf26acc98e8d1fadf31858d7c4a7fe85cca1452459fb47eff9,sha256,unknown-artifact,medium,30,active,2026-09-15,2026-09-15,1,,,,
606e1c5663568e9dc34b63bf8145bc2fb0ccc90858a0d0c7f1b88660bcd4fcd1,sha256,unknown-artifact,medium,30,active,2026-09-26,2026-09-26,1,,,,
606f86dc824f45ad4854b791e63bbf4a8d4d5284fc8c4c61f3f6b98a0a2e6bbd,sha256,unknown-artifact,medium,30,active,2026-09-29,2026-09-29,1,,,,
608efdc718b1a9121f1e75891586f4a5096ad7feae246722a6f041ce577dd9ba,sha256,unknown-artifact,medium,30,active,2026-10-03,2026-10-03,1,,,,
60976712c7f60fa538bcacf402529b41589f589de3058713b4759062cc0110ea,sha256,unknown-artifact,medium,30,active,2026-09-23,2026-09-23,1,,,,
609980e09ff6a87783e2700d41137cb521ed0289af9a55f7bb69ef27af18bc9f,sha256,unknown-artifact,medium,30,active,2026-09-25,2026-09-25,1,,,,
60aaafe3494e69fed02cb31e4eb6fc7759033ec6e6e24280f1586190cece5fd4,sha256,unknown-artifact,medium,30,active,2026-09-15,2026-09-15,1,,,,
60b259af46005a4ee1dbf13be1fe4156623dd9ad1c4c6d8011d9819563884759,sha256,unknown-artifact,medium,30,active,2026-10-09,2026-10-09,1,,,,
60c25069d25a3cbdf7641c266ad8f493b462cbc31b40561be6b456e126ca24b4,sha256,unknown-artifact,medium,30,active,2026-09-25,2026-09-25,1,,,,
60ca6a04ea4c9cc974198f4caae384b4e1c105dce73d00343f299425544adbc0,sha256,unknown-artifact,medium,30,active,2026-10-03,2026-10-03,1,,,,
60d49cca4be03b8981978bbd2c395342c0d15862c413ddcf69b328838a00117e,sha256,unknown-artifact,medium,30,active,2026-09-30,2026-09-30,1,,,,
60d6d16f81a831de17180e90725e261ecb2e63d2393b51973eb549f5a3e03224,sha256,unknown-artifact,medium,30,active,2026-10-04,2026-10-04,1,,,,
60db7525c76cec6fef1f1951d77853975afa7af55a9230e54a63e4c351ad5828,sha256,unknown-artifact,medium,30,active,2026-09-23,2026-09-23,1,,,,
60e37af66ee293b069a495a3b69257b326566ae567308f2acbae7face9a7c216,sha256,unknown-artifact,medium,30,active,2026-09-25,2026-09-25,1,,,,
60f3a314541d8892401bbc9d1ea1fda3f0300823369f6a5e51f5828c79f84485,sha256,unknown-artifact,medium,30,active,2026-10-09,2026-10-09,1,,,,
60f93bdc98571bed1e96ec5df9d26e8cd1a450b5e01b3d5c8bd2639a1e1c4ae3,sha256,unknown-artifact,medium,30,active,2026-09-16,2026-09-16,1,,,,
61.182.67.242,ip,ssh-probe,low,20,expired,2026-09-14,2026-09-14,1,4837,"CHINA169-Backbone - CHINA UNICOM China169 Backbone, CN",CN,
61.53.99.122,ip,ssh-probe,low,20,expired,2026-09-14,2026-09-14,1,4837,"CHINA169-Backbone - CHINA UNICOM China169 Backbone, CN",CN,
61265222fb08504ab3f89fc25133f0ce71179e9c2125a741ed5f65b1f94e38e3,sha256,unknown-artifact,medium,30,active,2026-09-30,2026-09-30,1,,,,
6127571b026453797250aff324a06feb0ac2e8f65c35017baddbc61705edf69d,sha256,unknown-artifact,medium,30,active,2026-09-30,2026-09-30,1,,,,
6161b2694dee26c3e1031607d0602dfee9753861fb5554f65c4d192468281eba,sha256,unknown-artifact,medium,30,active,2026-09-15,2026-09-15,1,,,,
6187f24107ba61e80d3e4bda13f5efb0f5402a13e059e39bfd0ab5eb88bd8e94,sha256,unknown-artifact,medium,30,active,2026-10-04,2026-10-04,1,,,,
61932af902408db21456059b251dd55ae703552fbe2e819f2522ab505312077f,sha256,unknown-artifact,medium,30,active,2026-10-04,2026-10-04,1,,,,
6194d645bd617e74f0412643904496db458ea280de9a1e27b06cf29b7bea61a4,sha256,unknown-artifact,medium,30,active,2026-09-30,2026-09-30,1,,,,
61a3c61c8360d8afd8914feb9c1c99e746779e98245f032142c98f6f06b51e8b,sha256,unknown-artifact,medium,30,active,2026-09-28,2026-09-28,1,,,,
61a79dcb991e7cf8331463ca6b1d82ffa335aa7252550076b0615caec6e02c51,sha256,unknown-artifact,medium,30,active,2026-09-27,2026-09-27,1,,,,
61cd76bfbe02f5c764b0883767aea0dfef11d264150f7376ba9a6d524f99ed1c,sha256,unknown-artifact,medium,30,active,2026-09-28,2026-09-28,1,,,,
61edfbe8bf04bfec77d55373421d765d8484de646fb703f64ccc64df4fb7c654,sha256,unknown-artifact,medium,30,active,2026-10-09,2026-10-09,1,,,,
61f0701233b1128b0df13fffd5bc65482c4028933d146d0f469c41cc714d6829,sha256,unknown-artifact,medium,30,active,2026-09-26,2026-09-26,1,,,,
61f365ef0ffc0dd8dea7ab4826733f567bac462d38329dc5beb39265d85c97be,sha256,unknown-artifact,medium,30,active,2026-10-09,2026-10-09,1,,,,
61feb139baef129c565976acf545061ee65a39bbe4704e3d7024a19d4998f7d2,sha256,unknown-artifact,medium,30,active,2026-09-23,2026-09-23,1,,,,
62.151.182.241,ip,http-scan,low,30,expired,2026-09-26,2026-09-26,1,8560,"IONOS-AS - IONOS SE, DE",ES,
62.210.142.162,ip,http-scan,low,30,expired,2026-09-24,2026-09-24,1,12876,"AS12876 - Scaleway SAS, FR",FR,
62.210.142.165,ip,http-scan,low,30,active,2026-10-07,2026-10-07,1,12876,"AS12876 - Scaleway SAS, FR",FR,
62.210.142.166,ip,http-scan,low,30,stale,2026-10-01,2026-10-01,1,12876,"AS12876 - Scaleway SAS, FR",FR,
62.217.142.152,ip,ssh-probe,low,20,expired,2026-09-27,2026-09-27,1,15723,"AZERONLINE-AS - _AZERONLINE LTD_ JOINT ENTERPRISE, AZ",AZ,
62090f2241986a8361242e47cf541657099fdccc0c08e34cd694922bdcf31893,sha256,unknown-artifact,medium,30,active,2026-09-30,2026-09-30,1,,,,
62131e6a02c8b519837b68f3c245cae2be5111b7c4a282b1868d624551cd89cd,sha256,unknown-artifact,medium,30,active,2026-09-30,2026-09-30,1,,,,
62202937fed999c50feae56fa7cb46108b079d520e2c663943fa4eb54015b307,sha256,unknown-artifact,medium,30,active,2026-10-09,2026-10-09,1,,,,
62341dadb40e02ffc5f81102742a3374bdab4a16eb2cfc5125307032382898a5,sha256,unknown-artifact,medium,30,active,2026-09-15,2026-09-15,1,,,,
6247bcfe09acec792e6edf766f20544cc60ef6b13247f6be6024983328e3ff59,sha256,unknown-artifact,medium,30,active,2026-09-30,2026-09-30,1,,,,
624c74b42ad22cc93c3a71c8b6435265954153fcfdb764e85cd51e588855e165,sha256,unknown-artifact,medium,30,active,2026-09-28,2026-09-28,1,,,,
625cb48e745193dc97e69ed5ad5dbddc70009e38f6db59d8582f3b94c051f5fb,sha256,unknown-artifact,medium,30,active,2026-09-15,2026-09-15,1,,,,
62750796386033470be28debfa8ddd5c5bf787af3cf8e35a25349b6356e31256,sha256,unknown-artifact,medium,30,active,2026-09-15,2026-09-15,1,,,,
6275692058d4b06aa279418eb29953a678c15bfd55e2e909048fb39e828fb53b,sha256,unknown-artifact,medium,30,active,2026-09-27,2026-09-27,1,,,,
6276a8a53420c9b97c7e73e99635272f7735c086f1a4093ff7b69c48448a6de3,sha256,unknown-artifact,medium,30,active,2026-09-16,2026-09-16,1,,,,
62a4b82cadbf1da27c616c27dfa81a668439b36bd691e8f967104b24a7653996,sha256,unknown-artifact,medium,30,active,2026-09-24,2026-09-24,1,,,,
62a7e6f41b9295aa19e85d5e3eb2fefef5fb47b27d3eae959048bb9c6a23ad1b,sha256,unknown-artifact,medium,30,active,2026-10-06,2026-10-06,1,,,,
62c5493a4ac630dd624e3ce8fc915be0e1c86b111ece090517f3e51d00820e52,sha256,unknown-artifact,medium,30,active,2026-09-15,2026-09-15,1,,,,
62dbbfd53a31966bd85adfa00a6e9605bc2685709ea0c1556fe4a90403361d1a,sha256,unknown-artifact,medium,30,active,2026-10-10,2026-10-10,1,,,,
62e44daf74583a2be11c1cb5cebb709b5af325a7c182fa587e83a0e6c933334f,sha256,unknown-artifact,medium,30,active,2026-09-15,2026-09-15,1,,,,
62eaf7a7d12bff02ce1fbca3c469d22d2571d22a9284f053b45a07b8a4e8fb30,sha256,unknown-artifact,medium,30,active,2026-10-09,2026-10-09,1,,,,
62fe0ea8a48e98b3f4562e8b918ba2cc7c004e6baaa14a9c9e5384711a70ff5c,sha256,unknown-artifact,medium,30,active,2026-09-30,2026-09-30,1,,,,
6314db974c6b2885056b8b431828239b6acec92e33fe5449245801cc9357ee9a,sha256,unknown-artifact,medium,30,active,2026-10-03,2026-10-03,1,,,,
63331362202d7d34e0981aa1c948874ae7a61605994b02236f4cc44bf958a4e6,sha256,unknown-artifact,medium,30,active,2026-09-15,2026-09-15,1,,,,
634b027b1b69e1242d40d53e312b3b4ac7710f55be81f289b549446ef6778bee,sha256,unknown-artifact,medium,30,active,2026-09-15,2026-09-15,1,,,,
634bfc22c157dc8c6596e325a9a14a60d03cbf8baa8962d84bd0897ab61e7011,sha256,unknown-artifact,medium,30,active,2026-10-04,2026-10-04,1,,,,
6350f9adf1a294478d8fdf9f4c5d209062816652aee0a29f3169bf0c56d1ec5e,sha256,unknown-artifact,medium,30,active,2026-09-15,2026-09-15,1,,,,
635728585ea137b34da812de7dd14a2a45f96c7d710a9e13a5ff863bf3b80cf8,sha256,unknown-artifact,medium,30,active,2026-10-04,2026-10-04,1,,,,
635af9f9d6d4d7742134cddfd28759116250c71129741e32677390125c4bbfac,sha256,unknown-artifact,medium,30,active,2026-09-15,2026-09-15,1,,,,
636a33ca380c4f20fff0c134f3e5fadc98cd700b3bf6f94489d9808cfb9f17e9,sha256,unknown-artifact,medium,30,active,2026-09-30,2026-09-30,1,,,,
636c58677ebf69dbe02d5dc17a96e00886c6a5ceccdaa6a5ba21b9322ce0dfcc,sha256,unknown-artifact,medium,30,active,2026-10-03,2026-10-03,1,,,,
63726723570b39f1bee06f92a3680b689c23c038241c1fe3fe9665ba0b0949af,sha256,unknown-artifact,medium,30,active,2026-10-04,2026-10-04,1,,,,
638861b67923eabec38f16fa5b30f5c89f081d3848d284f1a7b70c68907f8a20,sha256,unknown-artifact,medium,30,active,2026-09-25,2026-09-25,1,,,,
639ec36153c468699d0408967d47af778dd3d2a10624b2bc8df7b477b8181ded,sha256,unknown-artifact,medium,30,active,2026-09-25,2026-09-25,1,,,,
63b82a88e0fb5d507f20164b28555b2c352ea2591d070f6e46c158cb9946956c,sha256,unknown-artifact,medium,30,active,2026-10-04,2026-10-04,1,,,,
63cebecbdaee27c7ac517b479a469eb1083cfb6d8e62e50a2ac04956e7619e23,sha256,unknown-artifact,medium,30,active,2026-10-10,2026-10-10,1,,,,
63d19a99ef7db94ddbb1e4a5083062226551cd8197312e3aa0aa7c369ac3e458,sha256,unknown-artifact,medium,30,active,2026-10-07,2026-10-07,1,,,,
63d6ff853569a0aadec5f247bba51786bb73494d1a06bdc036ebac5034a2920b,sha256,unknown-artifact,medium,30,active,2026-10-04,2026-10-04,1,,,,
63e1ab106dffd9416f235f99812fc0651f434040a0211c324e4e2ce62fdcd58e,sha256,unknown-artifact,medium,30,active,2026-09-15,2026-09-15,1,,,,
64.227.102.162,ip,ssh-probe,low,20,expired,2026-09-27,2026-09-27,1,14061,"DIGITALOCEAN-ASN - DigitalOcean, LLC, US",US,
64.227.108.146,ip,http-scan,low,30,active,2026-10-04,2026-10-04,1,14061,"DIGITALOCEAN-ASN - DigitalOcean, LLC, US",US,
64.227.99.138,ip,http-scan,low,30,expired,2026-09-23,2026-09-23,1,14061,"DIGITALOCEAN-ASN - DigitalOcean, LLC, US",US,
64.62.156.108,ip,ssh-probe,low,20,expired,2026-09-26,2026-09-26,1,6939,"HURRICANE - Hurricane Electric LLC, US",US,
64.62.156.11,ip,http-scan,low,30,stale,2026-09-30,2026-09-30,1,6939,"HURRICANE - Hurricane Electric LLC, US",US,
64.62.156.12,ip,http-scan,low,30,stale,2026-09-30,2026-09-30,1,6939,"HURRICANE - Hurricane Electric LLC, US",US,
64.62.156.124,ip,http-scan,low,30,expired,2026-09-25,2026-09-25,1,6939,"HURRICANE - Hurricane Electric LLC, US",US,
64.62.156.129,ip,http-scan,low,30,stale,2026-10-01,2026-10-01,1,6939,"HURRICANE - Hurricane Electric LLC, US",US,
64.62.156.139,ip,http-scan,low,30,stale,2026-10-01,2026-10-01,1,6939,"HURRICANE - Hurricane Electric LLC, US",US,
64.62.156.146,ip,http-scan,low,30,expired,2026-09-16,2026-09-16,1,6939,"HURRICANE - Hurricane Electric LLC, US",US,
64.62.156.150,ip,http-scan,low,30,active,2026-10-08,2026-10-08,1,6939,"HURRICANE - Hurricane Electric LLC, US",US,
64.62.156.157,ip,http-scan,low,30,stale,2026-10-03,2026-10-03,1,6939,"HURRICANE - Hurricane Electric LLC, US",US,
64.62.156.158,ip,http-scan,low,30,stale,2026-10-03,2026-10-03,1,6939,"HURRICANE - Hurricane Electric LLC, US",US,
64.62.156.172,ip,ssh-probe,low,20,active,2026-10-08,2026-10-08,1,6939,"HURRICANE - Hurricane Electric LLC, US",US,
64.62.156.185,ip,http-scan,low,30,active,2026-10-08,2026-10-08,1,6939,"HURRICANE - Hurricane Electric LLC, US",US,
64.62.156.189,ip,http-scan,low,30,expired,2026-09-26,2026-09-26,1,6939,"HURRICANE - Hurricane Electric LLC, US",US,
64.62.156.206,ip,http-scan,low,30,active,2026-10-06,2026-10-06,1,6939,"HURRICANE - Hurricane Electric LLC, US",US,
64.62.156.226,ip,http-scan,low,30,expired,2026-09-25,2026-09-25,1,6939,"HURRICANE - Hurricane Electric LLC, US",US,
64.62.156.228,ip,http-scan,low,30,expired,2026-09-25,2026-09-25,1,6939,"HURRICANE - Hurricane Electric LLC, US",US,
64.62.156.52,ip,ssh-probe,low,20,expired,2026-09-14,2026-09-14,1,6939,"HURRICANE - Hurricane Electric LLC, US",US,
64.62.197.117,ip,ssh-probe,low,20,expired,2026-09-26,2026-09-26,1,6939,"HURRICANE - Hurricane Electric LLC, US",US,
64.62.197.148,ip,ssh-probe,low,20,expired,2026-09-12,2026-09-12,1,6939,"HURRICANE - Hurricane Electric LLC, US",US,
64.62.197.154,ip,ssh-probe,low,20,expired,2026-09-11,2026-09-11,1,6939,"HURRICANE - Hurricane Electric LLC, US",US,
64.62.197.17,ip,ssh-probe,low,20,active,2026-10-08,2026-10-08,1,6939,"HURRICANE - Hurricane Electric LLC, US",US,
64.62.197.191,ip,ssh-probe,low,20,expired,2026-09-13,2026-09-13,1,6939,"HURRICANE - Hurricane Electric LLC, US",US,
64.62.197.206,ip,ssh-probe,low,20,expired,2026-09-27,2026-09-27,1,6939,"HURRICANE - Hurricane Electric LLC, US",US,
64.62.197.216,ip,ssh-probe,low,20,expired,2026-09-14,2026-09-14,1,6939,"HURRICANE - Hurricane Electric LLC, US",US,
64.62.197.78,ip,ssh-probe,low,20,stale,2026-10-07,2026-10-07,1,6939,"HURRICANE - Hurricane Electric LLC, US",US,
64.89.160.220,ip,ssh-probe,low,20,active,2026-10-08,2026-10-08,1,403005,"BLATANTHOST - Blatant, SC",US,
64.89.163.14,ip,http-scan,low,30,expired,2026-09-15,2026-09-15,1,401626,"NETIFACE-TORONTO - Netiface America, Inc., US",US,
6403203dd5a0867eb14d104ee8a73730bd72dd9ad92e78d996a6dba0a5dcfc01,sha256,unknown-artifact,medium,30,active,2026-10-04,2026-10-04,1,,,,
640779e650cc6206096a74d02b9364c871fe5192bc49480714560a21094292a9,sha256,unknown-artifact,medium,30,active,2026-09-30,2026-09-30,1,,,,
640b709faebcaec86ec84fb926c7e8da21dd8351239bd8fe4eab3829b027a4d6,sha256,unknown-artifact,medium,30,active,2026-09-25,2026-09-25,1,,,,
64124c44616c1e616aa5b5c4aeee6b7a3874fda88caf28815e54cf51048eaf41,sha256,unknown-artifact,medium,30,active,2026-09-30,2026-09-30,1,,,,
642eb6d54d93ea6730510b9dc57d0582bbec943bb44d123b249e73486a87094a,sha256,unknown-artifact,medium,30,active,2026-09-23,2026-09-23,1,,,,
64323b37d2e10c02386c4033bc463465653c4160ee35898f5d894ac2fd10771a,sha256,unknown-artifact,medium,30,active,2026-09-30,2026-09-30,1,,,,
6433291e427927d7e89c786413d64056183b1dff9c0cbbde3d8615ea4bc67e33,sha256,unknown-artifact,medium,30,active,2026-10-09,2026-10-09,1,,,,
6437e44d6c8d29b0fa999692e5e4dc325e0f4200ddf9a796321fdd0cdf0113f3,sha256,unknown-artifact,medium,30,active,2026-09-26,2026-09-26,1,,,,
6438b151a8793080bb78748cf16f59607c1083f604bd346162ee7875c246fc03,sha256,unknown-artifact,medium,30,active,2026-09-30,2026-09-30,1,,,,
64437ec58c1972610504b1e3acee0bd011268b23a4ecfbbca8d597190e9e3626,sha256,unknown-artifact,medium,30,active,2026-09-25,2026-09-25,1,,,,
647cdf51e9bc9284a3192c8fc3f6c7e2774279476a30273fecb03522beae94a1,sha256,unknown-artifact,medium,30,active,2026-10-09,2026-10-09,1,,,,
64982a0578a94789640f8d113675e4c99bfc5764be5f3fa8a4a8d30cb4cb04ee,sha256,unknown-artifact,medium,30,active,2026-10-09,2026-10-09,1,,,,
64d87fa0a7614de8ef44a81e0f5f252fcafa59b27b66f6d0de799def9862e957,sha256,unknown-artifact,medium,30,active,2026-09-27,2026-09-27,1,,,,
64f24d8da7b4a43fe5b2ee0a2f4679a644cabc048a93ed79201a0d0f6d9d68dc,sha256,unknown-artifact,medium,30,active,2026-10-10,2026-10-10,1,,,,
65.49.1.109,ip,http-scan,low,30,expired,2026-09-14,2026-09-14,1,6939,"HURRICANE - Hurricane Electric LLC, US",US,
65.49.1.115,ip,http-scan,low,30,expired,2026-09-14,2026-09-14,1,6939,"HURRICANE - Hurricane Electric LLC, US",US,
65.49.1.116,ip,http-scan,low,30,expired,2026-09-16,2026-09-16,1,6939,"HURRICANE - Hurricane Electric LLC, US",US,
65.49.1.132,ip,ssh-probe,low,20,expired,2026-09-14,2026-09-14,1,6939,"HURRICANE - Hurricane Electric LLC, US",US,
65.49.1.135,ip,http-scan,low,30,stale,2026-09-27,2026-09-27,1,6939,"HURRICANE - Hurricane Electric LLC, US",US,
65.49.1.139,ip,http-scan,low,30,stale,2026-10-03,2026-10-03,1,6939,"HURRICANE - Hurricane Electric LLC, US",US,
65.49.1.14,ip,http-scan,low,30,active,2026-10-10,2026-10-10,1,6939,"HURRICANE - Hurricane Electric LLC, US",US,
65.49.1.151,ip,http-scan,low,30,stale,2026-09-28,2026-09-28,1,6939,"HURRICANE - Hurricane Electric LLC, US",US,
65.49.1.177,ip,http-scan,low,30,active,2026-10-06,2026-10-06,1,6939,"HURRICANE - Hurricane Electric LLC, US",US,
65.49.1.180,ip,http-scan,low,30,active,2026-10-06,2026-10-06,1,6939,"HURRICANE - Hurricane Electric LLC, US",US,
65.49.1.182,ip,ssh-probe,low,20,stale,2026-10-07,2026-10-07,1,6939,"HURRICANE - Hurricane Electric LLC, US",US,
65.49.1.225,ip,http-scan,low,30,stale,2026-10-02,2026-10-02,1,6939,"HURRICANE - Hurricane Electric LLC, US",US,
65.49.1.23,ip,http-scan,low,30,active,2026-10-10,2026-10-10,1,6939,"HURRICANE - Hurricane Electric LLC, US",US,
65.49.1.232,ip,http-scan,low,30,expired,2026-09-24,2026-09-24,1,6939,"HURRICANE - Hurricane Electric LLC, US",US,
65.49.1.34,ip,http-scan,low,30,stale,2026-09-29,2026-09-29,1,6939,"HURRICANE - Hurricane Electric LLC, US",US,
65.49.1.38,ip,ssh-probe,low,20,expired,2026-09-26,2026-09-26,1,6939,"HURRICANE - Hurricane Electric LLC, US",US,
65.49.1.54,ip,http-scan,low,30,expired,2026-09-15,2026-09-15,1,6939,"HURRICANE - Hurricane Electric LLC, US",US,
65.49.1.61,ip,http-scan,low,30,expired,2026-09-15,2026-09-15,1,6939,"HURRICANE - Hurricane Electric LLC, US",US,
65.49.20.68,ip,ssh-probe,low,20,expired,2026-09-27,2026-09-27,1,6939,"HURRICANE - Hurricane Electric LLC, US",US,
65.49.20.69,ip,ssh-probe,low,20,expired,2026-09-11,2026-09-11,1,6939,"HURRICANE - Hurricane Electric LLC, US",US,
65017ec02a1f4eaeb040ce15c925b378d782b125ee6cc834b081d79d4cf0d73f,sha256,unknown-artifact,medium,30,active,2026-09-30,2026-09-30,1,,,,
650f7b4767a607ffeffd5a74872015f90d7a4fdab66ae76b0b6087189794ca55,sha256,unknown-artifact,medium,30,active,2026-09-30,2026-09-30,1,,,,
6517c91fadae807889d957d088717b98f0c5f3091a11a4b5a8139a608dc5cca2,sha256,unknown-artifact,medium,30,active,2026-10-03,2026-10-03,1,,,,
6522c1ea8890e84a67eee757688a374eb3aaa252dd4447a5bbc56c6c056491a5,sha256,unknown-artifact,medium,30,active,2026-09-22,2026-09-22,1,,,,
65473fcad02a3bd86acb668b0bb6b22ef90c4cc705555adbde24c235dfe9849b,sha256,unknown-artifact,medium,30,active,2026-09-26,2026-09-26,1,,,,
654d3a82aa157934bc5c92eabfbd7bca5c29c9cc2fcb4acbed520a99b6ac81d7,sha256,unknown-artifact,medium,30,active,2026-09-16,2026-09-16,1,,,,
6570c555163a45e2e178d402ba494373436986bb394bfb0afa2f4a0c758e7e6f,sha256,unknown-artifact,medium,30,active,2026-10-04,2026-10-04,1,,,,
657e932ff5b4eb3d24bfd370060cd314a118b1c8f44523fd82751b8e44810dab,sha256,unknown-artifact,medium,30,active,2026-10-04,2026-10-04,1,,,,
6584ffe004a87f807c1cc57b1d7e48e570477013512b1aac55e5c27330c2b362,sha256,unknown-artifact,medium,30,active,2026-09-30,2026-09-30,1,,,,
6594585ac6fbf496646e77aebb39121dcd9a5a38ee35537126a3d7fd8dfae244,sha256,unknown-artifact,medium,30,active,2026-09-27,2026-09-27,1,,,,
6596c326af146159d3c429dc307e361ffd6926a9d45981e7223b484a082c5fb0,sha256,unknown-artifact,medium,30,active,2026-10-03,2026-10-03,1,,,,
65ae97d2aef64b5a28f264ef9ca20c30877bcbb6e6a0ec7d546277804b36a318,sha256,unknown-artifact,medium,30,active,2026-09-28,2026-09-28,1,,,,
65b4e1a9a0e4c8dc34acc6479e100bbf8d41838d139fdb51d54d38ed699d7531,sha256,unknown-artifact,medium,30,active,2026-09-28,2026-09-28,1,,,,
65bd70a24425d61024b30f8ba834adf68f5e67e4625f9fa36f4805411f104673,sha256,unknown-artifact,medium,30,active,2026-10-03,2026-10-03,1,,,,
65e3d6a642eea8b85a0c3e714ad5a09637cb1f9d775c9dba3f7b86116c314551,sha256,unknown-artifact,medium,30,active,2026-09-30,2026-09-30,1,,,,
65f3ca74934380b6d656c0a2a1bdcf040165a75fa3124d1b1d334c5bbbc14c7e,sha256,unknown-artifact,medium,30,active,2026-09-15,2026-09-15,1,,,,
65f6e8b7cbb0cac7cdfe6c405becff131701d68f8e179d4fa445ffa0e5a80f60,sha256,unknown-artifact,medium,30,active,2026-10-09,2026-10-09,1,,,,
65fc6e17c88dac61d318aaa4145da14d70c67c4468efe854818d798930a2dfa7,sha256,unknown-artifact,medium,30,active,2026-09-27,2026-09-27,1,,,,
66.132.172.103,ip,http-scan,low,30,expired,2026-09-24,2026-09-24,1,398324,"CENSYS-ARIN-01 - Censys, Inc., US",US,
66.132.172.106,ip,ssh-probe,low,20,expired,2026-09-10,2026-09-10,1,398324,"CENSYS-ARIN-01 - Censys, Inc., US",US,
66.132.172.202,ip,ssh-probe,low,20,expired,2026-09-10,2026-09-10,1,398324,"CENSYS-ARIN-01 - Censys, Inc., US",US,
66.132.186.164,ip,ssh-probe,low,20,expired,2026-09-14,2026-09-14,1,398324,"CENSYS-ARIN-01 - Censys, Inc., US",US,
66.132.195.119,ip,ssh-probe,low,20,expired,2026-09-14,2026-09-14,1,398324,"CENSYS-ARIN-01 - Censys, Inc., US",US,
66.132.195.123,ip,ssh-probe,low,20,expired,2026-09-12,2026-09-12,1,398324,"CENSYS-ARIN-01 - Censys, Inc., US",US,
66.132.195.175,ip,ssh-probe,low,20,active,2026-10-08,2026-10-08,1,398324,"CENSYS-ARIN-01 - Censys, Inc., US",US,
66.132.195.62,ip,ssh-probe,low,20,expired,2026-09-10,2026-09-10,1,398324,"CENSYS-ARIN-01 - Censys, Inc., US",US,
66.132.195.73,ip,ssh-probe,low,20,expired,2026-09-27,2026-09-27,1,398324,"CENSYS-ARIN-01 - Censys, Inc., US",US,
66.132.195.78,ip,ssh-probe,low,20,expired,2026-09-11,2026-09-11,1,398324,"CENSYS-ARIN-01 - Censys, Inc., US",US,
66.132.195.95,ip,ssh-probe,low,20,expired,2026-09-10,2026-09-10,1,398324,"CENSYS-ARIN-01 - Censys, Inc., US",US,
66.132.224.224,ip,ssh-probe,low,20,stale,2026-10-07,2026-10-07,1,398324,"CENSYS-ARIN-01 - Censys, Inc., US",US,
66.132.224.250,ip,ssh-probe,low,20,active,2026-10-08,2026-10-08,1,398324,"CENSYS-ARIN-01 - Censys, Inc., US",US,
66.228.53.136,ip,http-scan,low,30,expired,2026-09-23,2026-09-23,1,63949,"AKAMAI-LINODE-AP - Akamai Connected Cloud, SG",US,
66.228.53.162,ip,http-scan,low,30,stale,2026-09-27,2026-09-27,1,63949,"AKAMAI-LINODE-AP - Akamai Connected Cloud, SG",US,
66.240.223.240,ip,ssh-probe,low,20,expired,2026-09-14,2026-09-14,1,10439,"CARINET - CariNet, Inc., US",US,
66.29.147.6,ip,http-scan,low,30,stale,2026-09-30,2026-09-30,1,22612,"NAMECHEAP-NET - Namecheap, Inc., US",US,
662328e4a7167d68669ac430aa590d663c1e019f11ebfbd7667229bdadb2c1bd,sha256,unknown-artifact,medium,30,active,2026-09-30,2026-09-30,1,,,,
662f9c7a6d3d9269eafc61193def862ed944be79c9bc8bbc547721c0f01db8ec,sha256,unknown-artifact,medium,30,active,2026-10-04,2026-10-04,1,,,,
66328fc401c36584f8bbee4ae10b93760e41812e33bbaee1ed7de75b5525067c,sha256,unknown-artifact,medium,30,active,2026-10-03,2026-10-03,1,,,,
665776123e8c678ed09245497031ef730a2f6d51200eee8b69706f858f156c12,sha256,unknown-artifact,medium,30,active,2026-09-30,2026-09-30,1,,,,
66618ce833ad2a4344660c01f66194071d8d0452cbf977edb6ba6d3ea7b50ed4,sha256,unknown-artifact,medium,30,active,2026-10-03,2026-10-03,1,,,,
6667b2d1aab6a00caa5aee5af8ad9f1465e567abf1c209d15727d57b3e8f6e5f,sha256,unknown-artifact,medium,30,active,2026-09-15,2026-09-15,1,,,,
6670fdfcafd351ba5019310d2211e56ac55e039ebd1ca0dca9f7dc0bf5ef23d0,sha256,unknown-artifact,medium,30,active,2026-10-03,2026-10-03,1,,,,
667680fb94e54b8d6bcd998bfda2a5309947729373837dbf44687d316aec0a4a,sha256,unknown-artifact,medium,30,active,2026-09-25,2026-09-25,1,,,,
6679ab25f7e8dcb14c091313699c2f0be237b9ef0b5b22164ec44835a8c4e18a,sha256,unknown-artifact,medium,30,active,2026-09-22,2026-09-22,1,,,,
667d04b145d0778722260169683a595c19eedfcfcf0051b05ba1657d10e75383,sha256,unknown-artifact,medium,30,active,2026-09-26,2026-09-26,1,,,,
6685c850323b2ccbcda16171a1bf70a7a5a9527ad6e338fcc12cd5cf02a9e4a9,sha256,unknown-artifact,medium,30,active,2026-10-03,2026-10-03,1,,,,
668d62959ce4785dc8857de8dcfb8ed020c86edf896deccb083bf24661f31b43,sha256,unknown-artifact,medium,30,active,2026-09-28,2026-09-28,1,,,,
66bca15e13cbb2186a948cab0c9eef4cee9bfc7b1319df933b0f83f83b335039,sha256,unknown-artifact,medium,30,active,2026-09-30,2026-09-30,1,,,,
66d5006fae27c74eccf40606f0c1f780a6f7df2af9d71c514a5193404f2c06a5,sha256,unknown-artifact,medium,30,active,2026-10-03,2026-10-03,1,,,,
66d94a733b7caf2cbdf2276b923651339205f1378b23915cc54168afb94d1169,sha256,unknown-artifact,medium,30,active,2026-09-25,2026-09-25,1,,,,
66e9d76f2a3866fe84c9cdbe629b062f7a234728541553b64d7f0b7a441abd15,sha256,unknown-artifact,medium,30,active,2026-09-15,2026-09-15,1,,,,
66eda63a1c9ece52709d5aafa1e2dadebb8befbfec53ab94f03a97f603ae30d2,sha256,unknown-artifact,medium,30,active,2026-10-04,2026-10-04,1,,,,
67184b69e11b656520847e3c43ffc235adf62d4d7db8c862792135854ff32390,sha256,unknown-artifact,medium,30,active,2026-10-03,2026-10-03,1,,,,
67290f026352ec2362e8ebc6e222b74ae60f54c3cdadd836de0c5af3a415dff9,sha256,unknown-artifact,medium,30,active,2026-10-07,2026-10-07,1,,,,
67308b19fc5ff41d6e7904e8ef0f7c13bf0cb1bfabc707f78cdfa3d40c9bbb99,sha256,unknown-artifact,medium,30,active,2026-09-28,2026-09-28,1,,,,
6731c569189d80795d44fa115441cd81d0f53ce0de53b942db922711a6f96fcc,sha256,unknown-artifact,medium,30,active,2026-09-26,2026-09-26,1,,,,
674b65bf8e7c7805977e75921a5d6a392f12a18da4588bef7e9f411cf94131b4,sha256,unknown-artifact,medium,30,active,2026-10-07,2026-10-07,1,,,,
67852b96e21791459339e7be99c08c5bb333594627fb4c61bc6e6113de5f8999,sha256,unknown-artifact,medium,30,active,2026-09-30,2026-09-30,1,,,,
67901f1bb683cfbe75dd90032359314ce92d5abad221dcfa6cb645d04fccd41c,sha256,unknown-artifact,medium,30,active,2026-10-04,2026-10-04,1,,,,
6791711e337b6a0ae726e6b1f8174158876b506c2a91c0f80686d0cdec777537,sha256,unknown-artifact,medium,30,active,2026-09-25,2026-09-25,1,,,,
6795616254825a0e4d5300ae51d6293e7013f8d9d453c95559b6bcb656d2a75a,sha256,unknown-artifact,medium,30,active,2026-09-16,2026-09-16,1,,,,
67bf9a055a2a92ddabdec48caf684783f10ce8614f12443d404418f2d8f8d40f,sha256,unknown-artifact,medium,30,active,2026-09-27,2026-09-27,1,,,,
67c18b06ac0c03cb946f0dc15152d9d26a510600bd486fdf8c74f21efdf02cad,sha256,unknown-artifact,medium,30,active,2026-10-03,2026-10-03,1,,,,
67c3d247f6e2b8f95434f533e59f764eeae9e692e0f85f10dbc47f8a1901818d,sha256,unknown-artifact,medium,30,active,2026-10-09,2026-10-09,1,,,,
67d1f1b9e0113a80a1a668e1b6eb20430508660b546436d3b708101e4ed44662,sha256,unknown-artifact,medium,30,active,2026-09-22,2026-09-22,1,,,,
67d3c042102cb3754f8b0592ff60c588c53b24ae6aea47cd6eec8f38827b2f00,sha256,unknown-artifact,medium,30,active,2026-10-09,2026-10-09,1,,,,
67d513a84f27099edf3a9f1dc29794589695917a968a6289531c55d1ae5029db,sha256,unknown-artifact,medium,30,active,2026-10-10,2026-10-10,1,,,,
67d8873ba18ea334014ac118ce7c88cd3575d4d0f446d2d70669241134c8b305,sha256,unknown-artifact,medium,30,active,2026-09-14,2026-09-14,1,,,,
67da4d7d05dabc387b02ee0aa495160175e755aa0eae7f9cbfd79e5640201c19,sha256,unknown-artifact,medium,30,active,2026-09-15,2026-09-15,1,,,,
67f14d5d3c34c2ae410224be27a48ec159514d802d5022e4d89ad757c2e60f18,sha256,unknown-artifact,medium,30,active,2026-10-09,2026-10-09,1,,,,
67f64cfd08076a8cef0bca4546f307d98ded4f709274eed90a7c87746b326a07,sha256,unknown-artifact,medium,30,active,2026-09-15,2026-09-15,1,,,,
68.183.17.102,ip,http-scan,low,30,stale,2026-09-30,2026-09-30,1,14061,"DIGITALOCEAN-ASN - DigitalOcean, LLC, US",US,
68.183.219.57,ip,http-scan,low,30,stale,2026-09-29,2026-09-29,1,14061,"DIGITALOCEAN-ASN - DigitalOcean, LLC, US",US,
68.233.117.142,ip,http-scan,low,30,stale,2026-09-27,2026-09-27,1,31898,"ORACLE-BMC-31898 - Oracle Corporation, US",US,
68.69.177.112,ip,http-scan,low,30,active,2026-10-09,2026-10-09,1,402226,"ONLYSCANS - OnlyScans LLC, US",US,
6800c50b6e43c698bef889159c1aa36b70c3854ee1547d3592be28e3b9cee603,sha256,unknown-artifact,medium,30,active,2026-09-26,2026-09-26,1,,,,
6803ddbd12bd37a135f6f00f07e26c84f356fc4e881a05f47a8f83edd61c9517,sha256,unknown-artifact,medium,30,active,2026-10-04,2026-10-04,1,,,,
68042877c0fbe5e812b7d4a9460815bf15175974b7dfe4acb41e2688ad339c64,sha256,unknown-artifact,medium,30,active,2026-09-16,2026-09-16,1,,,,
68086e635447b803c7d249d1014b801b1ba3d807906702cfa44a54242036e27d,sha256,unknown-artifact,medium,30,active,2026-09-27,2026-09-27,1,,,,
6829947ddc69ad3073dae5f319155018909d94b7e05233e7ba8a34803b68e0f7,sha256,unknown-artifact,medium,30,active,2026-09-30,2026-09-30,1,,,,
682d9788f7b6896d001e19f1d57061ee44af17df73b18c37c486f471eb7ec3d6,sha256,unknown-artifact,medium,30,active,2026-09-30,2026-09-30,1,,,,
683f17f1e3528535a17f26a5a40e3ef511ce3eeccf2baf3c46bbca3d0e874b92,sha256,unknown-artifact,medium,30,active,2026-09-25,2026-09-25,1,,,,
68461159a6b83f068f28f685ffa994188e86fc7a17062ea0fe531cebbcbf3b29,sha256,unknown-artifact,medium,30,active,2026-09-29,2026-09-29,1,,,,
685387e2a7b0d4732a3141cc84938c4bc921be40aa1631425201bee25bb511ad,sha256,unknown-artifact,medium,30,active,2026-09-27,2026-09-27,1,,,,
68593ca2e1b5b784509a907bbcc99996a4e993fc8796cd3e9822a4bfb648022d,sha256,unknown-artifact,medium,30,active,2026-09-27,2026-09-27,1,,,,
686e934ee40a361a5f94ade39e71ec3608f20d42a322629c79ba8c0e17a70580,sha256,unknown-artifact,medium,30,active,2026-09-23,2026-09-23,1,,,,
6895289832ba160246fa97b6c4dce8c2b055095a3766945f80d3c45afbe459df,sha256,unknown-artifact,medium,30,active,2026-09-15,2026-09-15,1,,,,
689ade0c8ccaba65441418394795fe76bb74bef5a68f4cf6f599cc9bfebd2df4,sha256,unknown-artifact,medium,30,active,2026-10-07,2026-10-07,1,,,,
68a65249c121f8a2e67454667743433bdddd358eaa26c6c6e233bed37097ebc6,sha256,unknown-artifact,medium,30,active,2026-09-15,2026-09-15,1,,,,
68a7fc30eefd300a0cbb387468501686e67cd5176bfd31e52cffec8e5598e5a4,sha256,unknown-artifact,medium,30,active,2026-10-03,2026-10-03,1,,,,
68abd7f63c4bdd0efaabebea43bc79bbadb8ba353b455fd82cc464c39e7b504c,sha256,unknown-artifact,medium,30,active,2026-09-23,2026-09-23,1,,,,
68aeeae57029a44034471a5ec9706542b6c9dad937b1f64b4113314f5a792214,sha256,unknown-artifact,medium,30,active,2026-09-15,2026-09-15,1,,,,
68b57e8c2ffb03beefdbbe2e09f71713016efee2bdade75fcd5d12a4d11bb733,sha256,unknown-artifact,medium,30,active,2026-10-03,2026-10-03,1,,,,
68bdd810d4f56a6b211fd8097612025915ef0fced3c3fac469e1ebe7765c914d,sha256,unknown-artifact,medium,30,active,2026-09-30,2026-09-30,1,,,,
68d0cd759f614f8aff43fad73b76a7b47d39fbf80655bba81113ae3eb7118bf9,sha256,unknown-artifact,medium,30,active,2026-09-30,2026-09-30,1,,,,
68deeb961bcd704ff5f767303978428cda6c504e044d3383ccadf0a83aa0b5a3,sha256,unknown-artifact,medium,30,active,2026-09-30,2026-09-30,1,,,,
68f749408c0842387740374b11fac42613d6b08a7f63e2c0317fb9728b175215,sha256,unknown-artifact,medium,30,active,2026-09-30,2026-09-30,1,,,,
69.164.203.32,ip,http-scan,low,30,stale,2026-09-29,2026-09-29,1,63949,"AKAMAI-LINODE-AP - Akamai Connected Cloud, SG",US,
69.164.245.202,ip,http-scan,low,30,stale,2026-09-30,2026-09-30,1,19318,"IS-AS-1 - Interserver, Inc, US",US,
69.5.169.129,ip,http-scan,low,30,expired,2026-09-16,2026-09-16,1,25369,"BANDWIDTH-AS - Hydra Communications Ltd, GB",GB,
69.5.169.133,ip,http-scan,low,30,active,2026-10-08,2026-10-08,1,25369,"BANDWIDTH-AS - Hydra Communications Ltd, GB",GB,
69.5.169.134,ip,http-scan,low,30,expired,2026-09-16,2026-09-16,1,25369,"BANDWIDTH-AS - Hydra Communications Ltd, GB",GB,
69.5.169.135,ip,http-scan,low,30,stale,2026-10-03,2026-10-03,1,25369,"BANDWIDTH-AS - Hydra Communications Ltd, GB",GB,
69.5.169.136,ip,http-scan,low,30,active,2026-10-07,2026-10-07,1,25369,"BANDWIDTH-AS - Hydra Communications Ltd, GB",GB,
69.5.169.138,ip,http-scan,low,30,stale,2026-09-27,2026-09-27,1,25369,"BANDWIDTH-AS - Hydra Communications Ltd, GB",GB,
69.5.169.14,ip,ssh-probe,low,20,expired,2026-09-12,2026-09-12,1,25369,"BANDWIDTH-AS - Hydra Communications Ltd, GB",GB,
69.5.169.140,ip,http-scan,low,30,stale,2026-10-02,2026-10-02,1,25369,"BANDWIDTH-AS - Hydra Communications Ltd, GB",GB,
69.5.169.141,ip,http-scan,low,30,active,2026-10-06,2026-10-06,1,25369,"BANDWIDTH-AS - Hydra Communications Ltd, GB",GB,
69.5.169.146,ip,http-scan,low,30,stale,2026-09-27,2026-09-27,1,25369,"BANDWIDTH-AS - Hydra Communications Ltd, GB",GB,
69.5.169.152,ip,http-scan,low,30,stale,2026-10-01,2026-10-01,1,25369,"BANDWIDTH-AS - Hydra Communications Ltd, GB",GB,
69.5.169.154,ip,http-scan,low,30,stale,2026-09-27,2026-09-27,1,25369,"BANDWIDTH-AS - Hydra Communications Ltd, GB",GB,
69.5.169.158,ip,http-scan,low,30,stale,2026-10-02,2026-10-02,1,25369,"BANDWIDTH-AS - Hydra Communications Ltd, GB",GB,
69.5.169.160,ip,http-scan,low,30,stale,2026-10-01,2026-10-01,1,25369,"BANDWIDTH-AS - Hydra Communications Ltd, GB",GB,
69.5.169.163,ip,http-scan,low,30,expired,2026-09-23,2026-09-23,1,25369,"BANDWIDTH-AS - Hydra Communications Ltd, GB",GB,
69.5.169.164,ip,http-scan,low,30,active,2026-10-06,2026-10-06,1,25369,"BANDWIDTH-AS - Hydra Communications Ltd, GB",GB,
69.5.169.166,ip,http-scan,low,30,stale,2026-09-27,2026-09-27,1,25369,"BANDWIDTH-AS - Hydra Communications Ltd, GB",GB,
69.5.169.169,ip,http-scan,low,30,expired,2026-09-16,2026-09-16,1,25369,"BANDWIDTH-AS - Hydra Communications Ltd, GB",GB,
69.5.169.174,ip,http-scan,low,30,stale,2026-10-02,2026-10-02,1,25369,"BANDWIDTH-AS - Hydra Communications Ltd, GB",GB,
69.5.169.175,ip,http-scan,low,30,active,2026-10-07,2026-10-07,1,25369,"BANDWIDTH-AS - Hydra Communications Ltd, GB",GB,
69.5.169.181,ip,http-scan,low,30,expired,2026-09-14,2026-09-14,1,25369,"BANDWIDTH-AS - Hydra Communications Ltd, GB",GB,
69.5.169.186,ip,http-scan,low,30,stale,2026-09-30,2026-09-30,1,25369,"BANDWIDTH-AS - Hydra Communications Ltd, GB",GB,
69.5.169.191,ip,http-scan,low,30,stale,2026-09-30,2026-09-30,1,25369,"BANDWIDTH-AS - Hydra Communications Ltd, GB",GB,
69.5.169.195,ip,http-scan,low,30,expired,2026-09-16,2026-09-16,1,25369,"BANDWIDTH-AS - Hydra Communications Ltd, GB",GB,
69.5.169.197,ip,http-scan,low,30,stale,2026-09-30,2026-09-30,1,25369,"BANDWIDTH-AS - Hydra Communications Ltd, GB",GB,
69.5.169.199,ip,http-scan,low,30,stale,2026-10-02,2026-10-02,1,25369,"BANDWIDTH-AS - Hydra Communications Ltd, GB",GB,
69.5.169.201,ip,http-scan,low,30,stale,2026-09-29,2026-09-29,1,25369,"BANDWIDTH-AS - Hydra Communications Ltd, GB",GB,
69.5.169.202,ip,http-scan,low,30,active,2026-10-06,2026-10-06,1,25369,"BANDWIDTH-AS - Hydra Communications Ltd, GB",GB,
69.5.169.204,ip,http-scan,low,30,expired,2026-09-14,2026-09-14,1,25369,"BANDWIDTH-AS - Hydra Communications Ltd, GB",GB,
69.5.169.205,ip,http-scan,low,30,stale,2026-09-30,2026-09-30,1,25369,"BANDWIDTH-AS - Hydra Communications Ltd, GB",GB,
69.5.169.206,ip,http-scan,low,30,stale,2026-09-27,2026-09-27,1,25369,"BANDWIDTH-AS - Hydra Communications Ltd, GB",GB,
69.5.169.207,ip,http-scan,low,30,active,2026-10-08,2026-10-08,1,25369,"BANDWIDTH-AS - Hydra Communications Ltd, GB",GB,
69.5.169.210,ip,http-scan,low,30,active,2026-10-06,2026-10-06,1,25369,"BANDWIDTH-AS - Hydra Communications Ltd, GB",GB,
69.5.169.220,ip,http-scan,low,30,expired,2026-09-16,2026-09-16,1,25369,"BANDWIDTH-AS - Hydra Communications Ltd, GB",GB,
69.5.169.228,ip,http-scan,low,30,stale,2026-09-27,2026-09-27,1,25369,"BANDWIDTH-AS - Hydra Communications Ltd, GB",GB,
69.5.169.231,ip,http-scan,low,30,stale,2026-09-30,2026-09-30,1,25369,"BANDWIDTH-AS - Hydra Communications Ltd, GB",GB,
69.5.169.235,ip,http-scan,low,30,stale,2026-09-28,2026-09-28,1,25369,"BANDWIDTH-AS - Hydra Communications Ltd, GB",GB,
69.5.169.237,ip,http-scan,low,30,stale,2026-10-03,2026-10-03,1,25369,"BANDWIDTH-AS - Hydra Communications Ltd, GB",GB,
69.5.169.239,ip,http-scan,low,30,stale,2026-09-29,2026-09-29,1,25369,"BANDWIDTH-AS - Hydra Communications Ltd, GB",GB,
69.5.169.244,ip,http-scan,low,30,expired,2026-09-23,2026-09-23,1,25369,"BANDWIDTH-AS - Hydra Communications Ltd, GB",GB,
69.5.169.245,ip,http-scan,low,30,active,2026-10-05,2026-10-05,1,25369,"BANDWIDTH-AS - Hydra Communications Ltd, GB",GB,
69.5.169.252,ip,http-scan,low,30,stale,2026-09-29,2026-09-29,1,25369,"BANDWIDTH-AS - Hydra Communications Ltd, GB",GB,
69.5.169.253,ip,http-scan,low,30,active,2026-10-04,2026-10-04,1,25369,"BANDWIDTH-AS - Hydra Communications Ltd, GB",GB,
69.5.169.51,ip,ssh-probe,low,20,stale,2026-10-07,2026-10-07,1,25369,"BANDWIDTH-AS - Hydra Communications Ltd, GB",GB,
69.5.169.77,ip,ssh-probe,low,20,expired,2026-09-12,2026-09-12,1,25369,"BANDWIDTH-AS - Hydra Communications Ltd, GB",GB,
69.6.214.192,ip,http-scan,low,30,stale,2026-09-30,2026-09-30,1,26337,"OIS1 - Oso Grande IP Services, LLC, US",US,
691de41fb8b7de002b9ec200b6e97acf1994298d5909be5520e39ce0daa68974,sha256,unknown-artifact,medium,30,active,2026-09-30,2026-09-30,1,,,,
6925774e29dfe778c07bed2db3104e31a4e6df498bbd17cee71b5b874be82b67,sha256,unknown-artifact,medium,30,active,2026-09-28,2026-09-28,1,,,,
692bd184d99564ca666593270fa96a655f5a05e80de15b6488da17d498a147c2,sha256,unknown-artifact,medium,30,active,2026-10-07,2026-10-07,1,,,,
69394b506c3b051613c2e8f5404aac97f9503d220e03bf4392304aa54144fa17,sha256,unknown-artifact,medium,30,active,2026-09-28,2026-09-28,1,,,,
695fd3b228990e4d121c990399794371c1f42de9b9c0011246e99b1ffe8b53b1,sha256,unknown-artifact,medium,30,active,2026-09-16,2026-09-16,1,,,,
69926e2876829d509e8dd55c04a60808f509097a3c243966462728215c31059b,sha256,unknown-artifact,medium,30,active,2026-10-07,2026-10-07,1,,,,
69a00efc8d3b5af5842a3cf2fab5022d018823f285d9eafcb6aa227dd46b9204,sha256,unknown-artifact,medium,30,active,2026-10-04,2026-10-04,1,,,,
69a08d831205dfa84a5d0fd3307272171d2d34dc4aafb5b0237d5d62cacc9f59,sha256,unknown-artifact,medium,30,active,2026-10-04,2026-10-04,1,,,,
69a3a3a70c65435d438e97a24152a5d2cd98e413aa062cce5b5afd6b7131e97e,sha256,unknown-artifact,medium,30,active,2026-10-07,2026-10-07,1,,,,
69a5e15a4b5b67403a413a6b7557ae142bd304aab9b56cb592e4849daee0c464,sha256,unknown-artifact,medium,30,active,2026-09-15,2026-09-15,1,,,,
69b92892553a18041d0423d75fe9e9bb357d3b96baa67ed8d6de07e86ec879c2,sha256,unknown-artifact,medium,30,active,2026-10-03,2026-10-03,1,,,,
69cfb05f56b10fe77f58f23045959377115cbc79ca95220a10b7fa6f57f4a69e,sha256,unknown-artifact,medium,30,active,2026-10-09,2026-10-09,1,,,,
69d2269645806793b227c68871362789283d547ca09fb4336c94f203a1529f40,sha256,unknown-artifact,medium,30,active,2026-09-29,2026-09-29,1,,,,
69d9e84185c0679cc7733e4c715477ee09b4a9e1a44a99013e96fc605f7543c8,sha256,unknown-artifact,medium,30,active,2026-10-07,2026-10-07,1,,,,
69edd701a81722fe51637b9c1b2ec1915ea257d26f44d9c07031abc333ff9cf6,sha256,unknown-artifact,medium,30,active,2026-10-04,2026-10-04,1,,,,
6a01913e06310ba4fba00eab9d02fd04b20189290ea1e830273b73414ccdcb94,sha256,unknown-artifact,medium,30,active,2026-09-30,2026-09-30,1,,,,
6a024921d65cad8b3269b157de1e7f523bc3e00b5694a18339ad68ca1b8a06b1,sha256,unknown-artifact,medium,30,active,2026-10-03,2026-10-03,1,,,,
6a02bbd663ef311c765c4a87cdc0c612bce5e9353e3808645a35edb12b1fcbe1,sha256,unknown-artifact,medium,30,active,2026-09-15,2026-09-15,1,,,,
6a14c9823a38b2f82a75dc20e15933f1693373190b9de08e4fcac65e5b9cd5b6,sha256,unknown-artifact,medium,30,active,2026-09-15,2026-09-15,1,,,,
6a1d5a4bb5cf2a73fda000304660035aed4dd6ebabbc6a5ff4d384717525f635,sha256,unknown-artifact,medium,30,active,2026-09-30,2026-09-30,1,,,,
6a2cacaa687f77644cfb71bc776b563ce99479b2a28017ad2cfd3ddd5d0a49fb,sha256,unknown-artifact,medium,30,active,2026-10-10,2026-10-10,1,,,,
6a2de12bfabcf4ba48f38ba03fd79979a328dfb030aa511ffcc9ad2237c8aff1,sha256,unknown-artifact,medium,30,active,2026-09-23,2026-09-23,1,,,,
6a4494341cadac9f041df70d8d8782ef1c6fb8374b3aa414f8c746310bbd07c2,sha256,unknown-artifact,medium,30,active,2026-09-30,2026-09-30,1,,,,
6a609266a2e9af39f8715bcedf94ca79bb6b2ff3c6ae2445b181cb247aeadb33,sha256,unknown-artifact,medium,30,active,2026-09-22,2026-09-22,1,,,,
6a67646796feb03df7c22efaf5882b96d28f4a5a4e553fbb579a414f7c1671be,sha256,unknown-artifact,medium,30,active,2026-09-15,2026-09-15,1,,,,
6a67c98cee985ec1bfd9fdb524fb49e2cf2e4fc44d644806ce7d74b659931c01,sha256,unknown-artifact,medium,30,active,2026-10-04,2026-10-04,1,,,,
6a89637b474bc73d9b0aa522e9ef222be178e45f97459080d71f09ee4aa428b8,sha256,unknown-artifact,medium,30,active,2026-10-09,2026-10-09,1,,,,
6aa97b01954dc372425bbf1f8ca303bc386fd41e5d6b91adceb4708db88ecd24,sha256,unknown-artifact,medium,30,active,2026-09-30,2026-09-30,1,,,,
6ac376db0a452d23ffeec11315c00375af7a62c773a3f83132ae7ac142f7851e,sha256,unknown-artifact,medium,30,active,2026-10-08,2026-10-08,1,,,,
6aec2ecdbe267a795828b47bcb067db7ca6a744b872b3affe3ab1d29dbfaa15b,sha256,unknown-artifact,medium,30,active,2026-09-15,2026-09-15,1,,,,
6aed0055c602266033c1baca3346864847c77a030388fc6990f4f9722f093cfc,sha256,unknown-artifact,medium,30,active,2026-09-29,2026-09-29,1,,,,
6aefc3ba8628941561d164819842d4ebc45eb999aa86e55c3e370b1719b87cc9,sha256,unknown-artifact,medium,30,active,2026-09-15,2026-09-15,1,,,,
6af9613576ce8bc95bc365dc13a3f828bf6432ea7be442b1281f2c7c4ff92a61,sha256,unknown-artifact,medium,30,active,2026-09-22,2026-09-22,1,,,,
6b10adc52b5faa989144b8b52baadb8ba39a01065479e43d470dec7da99f6072,sha256,unknown-artifact,medium,30,active,2026-09-30,2026-09-30,1,,,,
6b164713476b8bd1a9920973771219248345713c14039ffd566f7cf0a42916e6,sha256,unknown-artifact,medium,30,active,2026-09-15,2026-09-15,1,,,,
6b1cc6c9f2baded2fe626a851b3281f3250e35cf156f73b0295a18d0f6cc0584,sha256,unknown-artifact,medium,30,active,2026-10-07,2026-10-07,1,,,,
6b3a55e0261b0304143f805a24924d0c1c44524821305f31d9277843b8a10f4e,sha256,unknown-artifact,medium,30,active,2026-09-15,2026-09-15,1,,,,
6b4a153b6b29cfdf22d135f08d00c7a60059b2cb24c1f82078e4ee26f07d8d85,sha256,unknown-artifact,medium,30,active,2026-09-30,2026-09-30,1,,,,
6b5b167c70be2e18da0a1f49a258cb81ef62f8d7353eed44822a98c2d624d3c5,sha256,unknown-artifact,medium,30,active,2026-09-30,2026-09-30,1,,,,
6b63803ef17a68ca2f7b0c702f5fa428fa671982f0f43ad8fffc93bed7e752f2,sha256,unknown-artifact,medium,30,active,2026-09-30,2026-09-30,1,,,,
6b6f7159409302ba6d699f70b0146131225cf2a77d1046a967af661cd9af90f9,sha256,unknown-artifact,medium,30,active,2026-10-04,2026-10-04,1,,,,
6b88ce696cbe2d13d3b3424d0cdf8d6de62ca0ca73455efc9352a1dab70ab9e9,sha256,unknown-artifact,medium,30,active,2026-10-09,2026-10-09,1,,,,
6bb8ff760e2f0e8cab092538a824646c13d680d609208d3cef3eb217a05be6e5,sha256,unknown-artifact,medium,30,active,2026-10-07,2026-10-07,1,,,,
6bbae99e34b5646ab52ffd1d1d5a8e9751891c3ac7990dfef4d4556c5c198801,sha256,unknown-artifact,medium,30,active,2026-09-15,2026-09-15,1,,,,
6bc01ee57d8fbfb0ff1bcb1c0bdf51aabeb3865a4fe656d4274bae5ae9d397e9,sha256,unknown-artifact,medium,30,active,2026-10-03,2026-10-03,1,,,,
6bcb1f8376b457dd7936aa56b0d721f7d446015148554427274e6c9ce0b0aedf,sha256,unknown-artifact,medium,30,active,2026-10-03,2026-10-03,1,,,,
6bd09f0bfadc8c52b861d017fc2f79f4933d99f04a94271a1d970a287ac581e2,sha256,unknown-artifact,medium,30,active,2026-09-16,2026-09-16,1,,,,
6bd3dfc536ef1cbc71af711b98e596b911c2c5f11342f83e011c04eb8a6c3413,sha256,unknown-artifact,medium,30,active,2026-09-30,2026-09-30,1,,,,
6bd59c3cf86f17a6fdc500b8e8411053ac7f0b51dbc17759b0a590f76cf0df08,sha256,unknown-artifact,medium,30,active,2026-09-28,2026-09-28,1,,,,
6be36d686ce650eb79027d3a9a7b638b959d698736faf7b0e53e699bf87dfff9,sha256,unknown-artifact,medium,30,active,2026-10-09,2026-10-09,1,,,,
6be3c7c4d3bdc630989c69f01ab5e3943cdca7ec5f5d674577058c0d1ae3297a,sha256,unknown-artifact,medium,30,active,2026-09-30,2026-09-30,1,,,,
6beb82a31d6ce0484b07da04008f9d125f6787282f43b09d1410d9ee90067ef4,sha256,unknown-artifact,medium,30,active,2026-09-15,2026-09-15,1,,,,
6bf955e54979e931a7170c43810811bc1f9d20809a76c6c67e9a50cf1dfabd9e,sha256,unknown-artifact,medium,30,active,2026-10-09,2026-10-09,1,,,,
6c06354145ea9c8286ee9a67acdd2febb60f649f9cc988dfcea8ebb63d6715c7,sha256,unknown-artifact,medium,30,active,2026-09-15,2026-09-15,1,,,,
6c1420b8f3be7a61357ecc82a1c391dffe438930c103466b1660625e42ac91a6,sha256,unknown-artifact,medium,30,active,2026-10-03,2026-10-03,1,,,,
6c1587f91d78a0f2b3acccbc5e952b9cfaf53879ad6165aad778a65035ba2edc,sha256,unknown-artifact,medium,30,active,2026-10-09,2026-10-09,1,,,,
6c18c3dd15d39be3a67d2371471afc3cd1cd4083a22ee856dc5b593c07046d62,sha256,unknown-artifact,medium,30,active,2026-09-15,2026-09-15,1,,,,
6c1cd663081bda6cff66c77cd60255fd17ab05e699e6f10b4517034675e0bbe8,sha256,unknown-artifact,medium,30,active,2026-09-30,2026-09-30,1,,,,
6c359155aacbfee24791bf42c7a033e1c384a30c6bc75fbd6eff4f592263e5bc,sha256,unknown-artifact,medium,30,active,2026-09-27,2026-09-27,1,,,,
6c4bcb9fec83674d37a092142fc92ce3e496eb38c16e49ea1baa4920f7513fa6,sha256,unknown-artifact,medium,30,active,2026-09-15,2026-09-15,1,,,,
6c8a0da4ce94b9c5e2a4ee13c512832a5442b6e860a856aa497b4b9c7790412a,sha256,unknown-artifact,medium,30,active,2026-10-09,2026-10-09,1,,,,
6c90e06e1392a3ab82e5eea7c4fa041a526d345d565be67f474f0446f49116cc,sha256,unknown-artifact,medium,30,active,2026-09-26,2026-09-26,1,,,,
6ca9230f1754809fcddb919376985e8ca6a1c66008f5391fd68258371aa40712,sha256,unknown-artifact,medium,30,active,2026-09-30,2026-09-30,1,,,,
6cb15977cffcb1965a5c508e6b53b62b64e1a9f9a5b71ba73eb0cd0c6cd0ca89,sha256,unknown-artifact,medium,30,active,2026-09-25,2026-09-25,1,,,,
6cbf97961e137bc495efb71ad2852cd90eec8732551307dcfad5dd1ca1ab4eb2,sha256,unknown-artifact,medium,30,active,2026-09-15,2026-09-15,1,,,,
6cc06109a8a6bfe9e52de76da2f9eecca0e652b7d9aa37c11638df1346e0fc8e,sha256,unknown-artifact,medium,30,active,2026-10-04,2026-10-04,1,,,,
6cc8a4cc7236c51c1bcd81b7b6a6b9fc03710b1def8824dcff03f2c166f68b7b,sha256,unknown-artifact,medium,30,active,2026-10-03,2026-10-03,1,,,,
6ce4849935768f34f85b2bfea0eb7572a816bb3d30d3b6b6dd34f5d0fb08ff93,sha256,unknown-artifact,medium,30,active,2026-09-27,2026-09-27,1,,,,
6cf3194a44cbe2907dfcf9d344c437bd5e6412fac6080ce9e2aca517dcfb4df2,sha256,unknown-artifact,medium,30,active,2026-09-27,2026-09-27,1,,,,
6cf48abecea5a3c59d663fb78e2d8afdedd28bf313a526badf5f87026cff5398,sha256,unknown-artifact,medium,30,active,2026-10-07,2026-10-07,1,,,,
6cfd68f9160b620f26d34a82dc0f6bee28e97d6e78f61774bba63dbb143144ae,sha256,unknown-artifact,medium,30,active,2026-09-15,2026-09-15,1,,,,
6cffbb05ef2584cb179ae448c8ef5b337f934cbd2aaa19bcf01eff846a5e157d,sha256,unknown-artifact,medium,30,active,2026-09-15,2026-09-15,1,,,,
6d016aa287990152548f0a414048c2edeea7f84b48293cab21506f86649f79b8,sha256,unknown-artifact,medium,30,active,2026-09-15,2026-09-15,1,,,,
6d055ec9a11333cac1fd4a7d4286e47eaa603156e04510b2b1e3713c6e0e7641,sha256,unknown-artifact,medium,30,active,2026-10-07,2026-10-07,1,,,,
6d14dd947706c6b42123481bae061a321f820ec336918a1f93f8acead8537de6,sha256,unknown-artifact,medium,30,active,2026-10-04,2026-10-04,1,,,,
6d1fe6ab3cd04ca5d1ab790339ee2b6577553bc042af3b7587ece0c195267c9b,sha256,unknown-artifact,medium,30,active,2026-10-04,2026-10-04,1,,,,
6d2572f8171bb7dbbbc103d09687d3a0d5fab6f791935a604cd8047d62a19ea1,sha256,unknown-artifact,medium,30,active,2026-09-27,2026-09-27,1,,,,
6d2f5122e7de8254d86da816f617a11e6fa9adf8bb1f6492a84f008ba50b046d,sha256,unknown-artifact,medium,30,active,2026-10-03,2026-10-03,1,,,,
6d3236c7dad2c400dac54cb272a614ac69bddddbcefa2d94ce985c773505190c,sha256,unknown-artifact,medium,30,active,2026-10-09,2026-10-09,1,,,,
6d5494c72325d57826dddd757c6e53bdde3f7eb03e6d796fbd7adac14afb10a8,sha256,unknown-artifact,medium,30,active,2026-10-03,2026-10-03,1,,,,
6d630ebc5f8cbcbe7fa92f33486162dc280634e618a9a9cff2c22757d60fbf0f,sha256,unknown-artifact,medium,30,active,2026-09-27,2026-09-27,1,,,,
6d78392a5886177fe5b86e585a0b695a2bcd01a05504b3c4e38bc8eeb21e8326,sha256,unknown-artifact,medium,30,active,2026-09-15,2026-09-15,1,,,,
6d785f82b3f0081a3038422e66d85871ce2b993c8962a9fc779d3f34aa2a8d9e,sha256,unknown-artifact,medium,30,active,2026-09-15,2026-09-15,1,,,,
6d837df40d7f91a44835e15a5762ab980a71b41b40eeabaac2869aaf62cdfb4d,sha256,unknown-artifact,medium,30,active,2026-10-09,2026-10-09,1,,,,
6d9010b2b7a1483b256ae7477738dba7c530bd9ba53db1d6691441e74b83608a,sha256,unknown-artifact,medium,30,active,2026-09-25,2026-09-25,1,,,,
6d9ba94b3b6d84e7869f22ab6168b163733d1149efd97d6631b90d09c1f09808,sha256,unknown-artifact,medium,30,active,2026-09-30,2026-09-30,1,,,,
6dc9c569baddbc0d52704a8aa6a58cf167dbc89837c5ecbac1da4c7497b0169b,sha256,unknown-artifact,medium,30,active,2026-09-15,2026-09-15,1,,,,
6dd98c00947317db2ddb3a6ebfaaa9425b540bc5a41bed9383bb32604f760fd9,sha256,unknown-artifact,medium,30,active,2026-10-07,2026-10-07,1,,,,
6de922ddb1c61b8d20520ba39b283b5c20c3b257a2e32067c423dc2fb8b56103,sha256,unknown-artifact,medium,30,active,2026-09-23,2026-09-23,1,,,,
6dec7311733aa5c747f4eb3880a5f623e32bc69799e8dee9422fa79308624f69,sha256,unknown-artifact,medium,30,active,2026-10-04,2026-10-04,1,,,,
6deca3f91aceb693bb327db8599c8ddd1a470e7235b15b9e3cd96852a0eaeafe,sha256,unknown-artifact,medium,30,active,2026-10-09,2026-10-09,1,,,,
6def525e44ac3dc53510a44361c9a4edbc8890df23c40fb36712aa7677e92ec6,sha256,unknown-artifact,medium,30,active,2026-09-15,2026-09-15,1,,,,
6df1066a7578cebd4f09f2473b1f215121ee16eaf126e0da30927b4ad77db001,sha256,unknown-artifact,medium,30,active,2026-09-30,2026-09-30,1,,,,
6df56ad412378eac44906e921963fe2deede156842203152d596dca839128d45,sha256,unknown-artifact,medium,30,active,2026-09-25,2026-09-25,1,,,,
6df69b75808e5080248fb914518885f5f85f8c88178f1dabe0bf5578b22e38d2,sha256,unknown-artifact,medium,30,active,2026-09-15,2026-09-15,1,,,,
6dfdd6877f680a50c754fef202e2fdb62579da3709217a7a86b82b0380603c4f,sha256,unknown-artifact,medium,30,active,2026-09-27,2026-09-27,1,,,,
6dfe4aed7129e57b9a44a6b842958b560c5b35fc960f3efdfe2a3acad8eeb830,sha256,unknown-artifact,medium,30,active,2026-10-03,2026-10-03,1,,,,
6e0ed67e0915d0e3d89785e3931c7cabc43c14ab5d143b79f33eb86ee181fc4a,sha256,unknown-artifact,medium,30,active,2026-09-30,2026-09-30,1,,,,
6e16f3fa7e50930a64fff14d78fcc6e32327ea7bfccab8f7c63c82a0af37f8cd,sha256,unknown-artifact,medium,30,active,2026-10-04,2026-10-04,1,,,,
6e28566f772fe7799d65f7b140b6835f1c0a9ef8d494c2786a3cf0fc7b0824d2,sha256,unknown-artifact,medium,30,active,2026-09-15,2026-09-15,1,,,,
6e3c774766e2dc7a68172f902201e6495b779ff28abfef5e3925b9c0b3931c49,sha256,unknown-artifact,medium,30,active,2026-09-26,2026-09-26,1,,,,
6e49805aec872465a035145cd217cf4e8c3b6b673a6e57a3a125c2c6eb362fd3,sha256,unknown-artifact,medium,30,active,2026-10-10,2026-10-10,1,,,,
6e52a98d035beac4603cb4c65fde555b2eaf4b85e3cc2b44dfce84da449fad8c,sha256,unknown-artifact,medium,30,active,2026-09-22,2026-09-22,1,,,,
6e54d1a1c051bb2a8160bd4c7cf92a840e0633d620a565491ebaf7fb6910c6bf,sha256,unknown-artifact,medium,30,active,2026-10-09,2026-10-09,1,,,,
6e5de34660eea8909b0da7deb9c22c08972f4e6db9fced5576c10263dd14dcb8,sha256,unknown-artifact,medium,30,active,2026-09-15,2026-09-15,1,,,,
6e6566614d2b6ca74fd2b4db6d4ebed25f964d41725096f36d7be4fb9bfc407d,sha256,unknown-artifact,medium,30,active,2026-10-10,2026-10-10,1,,,,
6e6cfd0e301ade8881c6d1f622ed7365011dfbdffbbd50ada795ee722634da27,sha256,unknown-artifact,medium,30,active,2026-09-23,2026-09-23,1,,,,
6e6dfb89be2c3ddf0b0ec77fd63dc014b9bd14352bdf9e3c23bc0c8a19eba506,sha256,unknown-artifact,medium,30,active,2026-09-27,2026-09-27,1,,,,
6e6f76dddf6d697d32c963348250a1915c841b5b75d8289601209f2493a7e41f,sha256,unknown-artifact,medium,30,active,2026-09-16,2026-09-16,1,,,,
6e7694e208128ef697dc613122652a31880ed88ded320ef99de9f0f2c42a22c7,sha256,unknown-artifact,medium,30,active,2026-09-25,2026-09-25,1,,,,
6e7dd7010065aec98e0394c716644ba99c975d7e221d4e31ab9b99e63df5bfb7,sha256,unknown-artifact,medium,30,active,2026-09-26,2026-09-26,1,,,,
6e90aca46588438c298ea10af35abaaee61a7493361437506891d8d1be4faae6,sha256,unknown-artifact,medium,30,active,2026-09-15,2026-09-15,1,,,,
6e91b0b68ce86d0cc040d042cd319faf78621ab74f82cce01c8615b159522b62,sha256,unknown-artifact,medium,30,active,2026-10-03,2026-10-03,1,,,,
6e92763b7ac171a7e2b5eb03ebba1593596b89adea8332276b1d2891d2cfb9b8,sha256,unknown-artifact,medium,30,active,2026-09-27,2026-09-27,1,,,,
6e97b5cb0eb84d7477e891e0f3e2b87b2cdb8b4bcb41a624fd6c48328fced113,sha256,unknown-artifact,medium,30,active,2026-09-30,2026-09-30,1,,,,
6ea1a2bbcf23ecbeab601593610e8dfcfecc33e4c2424c339fdb06d80aa46655,sha256,unknown-artifact,medium,30,active,2026-09-27,2026-09-27,1,,,,
6ea94233119b2eba6169c57bef7db98e5a769125ce52728d9ff62acaa6a980ee,sha256,unknown-artifact,medium,30,active,2026-10-04,2026-10-04,1,,,,
6ead6c63e82b88d0fe45e4ab5ccc33cf67049cf17325f7ba1a4759b60c87e053,sha256,unknown-artifact,medium,30,active,2026-10-07,2026-10-07,1,,,,
6ead7899ee39412a9bc7a7d2b6714f37bb299c41edc1e165ae861d57d57f13ac,sha256,unknown-artifact,medium,30,active,2026-10-04,2026-10-04,1,,,,
6eafe787f0233d070b8bb0b327c847085dd8bfc52b776ecc57d1a941f7d7fb03,sha256,unknown-artifact,medium,30,active,2026-10-03,2026-10-03,1,,,,
6eb53f2b10e6aa4326733dde03fe77e08c8859dd86fc4384f5c6ce073331e925,sha256,unknown-artifact,medium,30,active,2026-09-27,2026-09-27,1,,,,
6ebc84d55517f9325e1087ee30132e355b9e073e17365842254c7a2d715f0309,sha256,unknown-artifact,medium,30,active,2026-09-26,2026-09-26,1,,,,
6ebe687ae63e67f3a721ee012c5b106576bb77fde6974359686939ab4f2ae733,sha256,unknown-artifact,medium,30,active,2026-09-27,2026-09-27,1,,,,
6ebfe602a3b6f402592634d537ef13be59ff9674750db2606c1f314bc271ee46,sha256,unknown-artifact,medium,30,active,2026-09-15,2026-09-15,1,,,,
6ec7e13a6886d644a69198babe1f31d7896799a52ef65efd80c55f4f98a2bd45,sha256,unknown-artifact,medium,30,active,2026-09-28,2026-09-28,1,,,,
6edb7ab16a4e5cd5a48207fe8ed9cf956b7591300225f428dad25b8785e4b97d,sha256,unknown-artifact,medium,30,active,2026-09-22,2026-09-22,1,,,,
6ee179a9aace4410a89d1eda088aa1097bcebda97e862a4f282ea22bf79e85af,sha256,unknown-artifact,medium,30,active,2026-09-23,2026-09-23,1,,,,
6f0b3ddcbd164c8e29128f5e9783510a8d59381c2903ef373a9c959426e8eb17,sha256,unknown-artifact,medium,30,active,2026-10-03,2026-10-03,1,,,,
6f37188e7e23ff909dda4ae95365103a189a6d3dce94a2fc0cfd284c66a293c6,sha256,unknown-artifact,medium,30,active,2026-09-30,2026-09-30,1,,,,
6f3e2948e856d3cbdf5a4e6205eee6652b119a36c39e85e03c8f75c52afd3c84,sha256,unknown-artifact,medium,30,active,2026-10-04,2026-10-04,1,,,,
6f403cce6bb38bd0a424f416cc7250372dd3977d6f4740cd1db4ab569400a8ac,sha256,unknown-artifact,medium,30,active,2026-09-22,2026-09-22,1,,,,
6f4bd172dedd628e416745573182a97794f65207a265a3b0b59631cb7c31b376,sha256,unknown-artifact,medium,30,active,2026-09-15,2026-09-15,1,,,,
6f525596e31a12b36bcddc4fe77ba3e1dce1066f6855d96a2e73583420a1b323,sha256,unknown-artifact,medium,30,active,2026-09-15,2026-09-15,1,,,,
6f54d5ef0800ac5dc8f2bd7a2545f3b839d7db30afdcc253f1b6fd805a4fae9b,sha256,unknown-artifact,medium,30,active,2026-09-16,2026-09-16,1,,,,
6f5eedfcd1cf98c7cb7c45519467627d2d25017d91c7a4cc6a02295e9043ba77,sha256,unknown-artifact,medium,30,active,2026-10-09,2026-10-09,1,,,,
6f89e4a8a49fb3168563ab5263d78d209393b1c9ca35cf78411bcc0846cec36a,sha256,unknown-artifact,medium,30,active,2026-09-16,2026-09-16,1,,,,
6f8bf9cfea825a8fb5dd3994f6a864e73d1f21aa8c2bee4a1cbb261b11d65c32,sha256,unknown-artifact,medium,30,active,2026-10-04,2026-10-04,1,,,,
6f8d3230470eeb68c5962a369c19db70ad1df1ef9ae03733ad664768d630d65b,sha256,unknown-artifact,medium,30,active,2026-09-16,2026-09-16,1,,,,
6f92601344e16851316e7cda90d053c0ad234e047ccf81ce6fe89e78bbdb111e,sha256,unknown-artifact,medium,30,active,2026-09-30,2026-09-30,1,,,,
6f9cb567de6d6df095c4c8d0b2b86df4901595c7c713cd76ac2c81937b27c479,sha256,unknown-artifact,medium,30,active,2026-09-15,2026-09-15,1,,,,
6f9e9c42bf32fb2ec269aae293901921814c1405a0b8f46cb857a540a4203854,sha256,unknown-artifact,medium,30,active,2026-09-25,2026-09-25,1,,,,
6fac30868a80a3f783cfb087de7d969b6de8cdbccdb9b427bb3c7bf1b8f70c7c,sha256,unknown-artifact,medium,30,active,2026-09-15,2026-09-15,1,,,,
6faff44d2d0422860195ae26cef9f6638b408fc51c82107c260b876872ecf920,sha256,unknown-artifact,medium,30,active,2026-10-09,2026-10-09,1,,,,
6fb6d3835a3563bf834b561a53b234839f9c9449ab9b3cf01c531ef30198dcbe,sha256,unknown-artifact,medium,30,active,2026-09-30,2026-09-30,1,,,,
6fc50ae9382a9bfececc5c90c076ae77559f505e52a418b78628dee365670a3c,sha256,unknown-artifact,medium,30,active,2026-09-29,2026-09-29,1,,,,
6fdc3bd58ccd44b695e252c7bc9ac84a8d666cec33a09a6f547e9f0979ade315,sha256,unknown-artifact,medium,30,active,2026-10-04,2026-10-04,1,,,,
6fddaa099096c0caee183e4bb95e9fe79003e6ae6dc41d6b1aa3b4aec221bd38,sha256,unknown-artifact,medium,30,active,2026-09-13,2026-09-13,1,,,,
6fe04e2ef8ca06b0545834de25f70c6fbf404593ab4ce545247e179f3419cc87,sha256,unknown-artifact,medium,30,active,2026-10-03,2026-10-03,1,,,,
6ff766230469d2154016628081cfa77fe197e207cfdfcd70bdf5ebd481003153,sha256,unknown-artifact,medium,30,active,2026-10-10,2026-10-10,1,,,,
7014807fc178459668b112e30c2cdd6ad362251c6a7b5833b4912aa3a6928a4b,sha256,unknown-artifact,medium,30,active,2026-10-08,2026-10-08,1,,,,
70239482323c847363fecb95a2f0906cedfab1daa5927bff0210341a4e164ed1,sha256,unknown-artifact,medium,30,active,2026-09-30,2026-09-30,1,,,,
70333358dfc2fac95f7bf1659dc1ae4cd38d5422d518751802befdd1c833fc40,sha256,unknown-artifact,medium,30,active,2026-09-29,2026-09-29,1,,,,
703336ad93a465f1ba71c4d837e9544123a5fe5ddb25ef6b55452de533fedb11,sha256,unknown-artifact,medium,30,active,2026-09-28,2026-09-28,1,,,,
703c3246adb5eebe4a6823c6d4d5f24a204cb3d6485817e211049b8b064eaf33,sha256,unknown-artifact,medium,30,active,2026-09-15,2026-09-15,1,,,,
704465c00cdfac355608ebfcd9e75a1544cafac03370d46bed18fd7e49af322b,sha256,unknown-artifact,medium,30,active,2026-10-04,2026-10-04,1,,,,
704c251fab48b1d2b81271fcc9743b69451d9d1eaf0c8effe275b5bc60213731,sha256,unknown-artifact,medium,30,active,2026-09-25,2026-09-25,1,,,,
705c3356dc28bff303ad51b9dc4ee0bcf210e1d8b1d9bbec5289002578f33d95,sha256,unknown-artifact,medium,30,active,2026-09-24,2026-09-24,1,,,,
70a656d89b2d5b3ad2a3e5c60e55a5185e26b975b628878f68f7104189bec0df,sha256,unknown-artifact,medium,30,active,2026-09-26,2026-09-26,1,,,,
70af09f4c268b97705e5ca95d75ad815260fc33f7e2a39e4177f280d1969351a,sha256,unknown-artifact,medium,30,active,2026-09-27,2026-09-27,1,,,,
70bfb38c5f3afdd154336365d822587c7b2c25b3e6d7ab8986e9b2c3c7e4349d,sha256,unknown-artifact,medium,30,active,2026-10-03,2026-10-03,1,,,,
70e1223a5c400318aec0bba96f50e0ade27bdd7569ad64aeabe17293afd430bf,sha256,unknown-artifact,medium,30,active,2026-09-16,2026-09-16,1,,,,
71.6.199.65,ip,http-scan,low,30,stale,2026-09-29,2026-09-29,1,10439,"CARINET - CariNet, Inc., US",US,
71.6.199.87,ip,http-scan,low,30,expired,2026-09-15,2026-09-15,1,10439,"CARINET - CariNet, Inc., US",US,
71.6.232.20,ip,http-scan,low,30,expired,2026-09-14,2026-09-14,1,10439,"CARINET - CariNet, Inc., US",US,
71.6.232.27,ip,ssh-probe,low,20,expired,2026-09-14,2026-09-14,1,10439,"CARINET - CariNet, Inc., US",US,
71.6.232.30,ip,http-scan,low,30,stale,2026-09-28,2026-09-28,1,10439,"CARINET - CariNet, Inc., US",US,
7106c680bddd0f984ba6b23d1cd76adf6a1911881d7766b263a6d406432c6e9b,sha256,unknown-artifact,medium,30,active,2026-09-29,2026-09-29,1,,,,
71137a57a20c2586dcbb293355b4b171c450a4534d164b00f25f22702152133a,sha256,unknown-artifact,medium,30,active,2026-10-09,2026-10-09,1,,,,
71199b30e2c4632ba58e67d83c7c9e341fb8eb8abb1c5c37c480f0719f982562,sha256,unknown-artifact,medium,30,active,2026-10-09,2026-10-09,1,,,,
7128f3e851dd86c377346b02f65665d543177ee3dead48bbf00976b02484b863,sha256,unknown-artifact,medium,30,active,2026-09-22,2026-09-22,1,,,,
712ad258b5567988a705aacee5a9fa6be031c94c47e45099dece34da21beabfe,sha256,unknown-artifact,medium,30,active,2026-10-07,2026-10-07,1,,,,
712bb8368994295356f458e28b34ce0aba4e66c65de52ac480d8ae0492509296,sha256,unknown-artifact,medium,30,active,2026-10-04,2026-10-04,1,,,,
71344fcf47469bd61c5c0a549d12e0abf687a744a4344be7c86dcecab55b9589,sha256,unknown-artifact,medium,30,active,2026-09-28,2026-09-28,1,,,,
714f1a1cc7e2e1d4bc69a8bd34ad27852f99e5b437be28fbedcf811d386744a7,sha256,unknown-artifact,medium,30,active,2026-10-09,2026-10-09,1,,,,
714f9a099693135324ab7c57affb50cefe0c0ec6d40e878839f7316dcd298b97,sha256,unknown-artifact,medium,30,active,2026-09-27,2026-09-27,1,,,,
715526b10407c06997715de89a1175f0870a2e273b32710db0fc35b68faff2c0,sha256,unknown-artifact,medium,30,active,2026-09-22,2026-09-22,1,,,,
7176306d140df1f043d0878c354f1ad5f325f7006d44cfe893f80cd14b760c23,sha256,unknown-artifact,medium,30,active,2026-10-03,2026-10-03,1,,,,
717e469d295bc04e5429496e384979cbc0d6aed64dfe75aacff42f972d20c0f3,sha256,unknown-artifact,medium,30,active,2026-09-15,2026-09-15,1,,,,
71bd274142ca925a564339b94d25e70065f0db2491971e225e913cfa2ea1b408,sha256,unknown-artifact,medium,30,active,2026-10-10,2026-10-10,1,,,,
71c33b79135eb5340354acf8c757f9229894a07440e7a1618863ac09e6194fa2,sha256,unknown-artifact,medium,30,active,2026-09-30,2026-09-30,1,,,,
71c39afd65435ccd1b760a00a121212b6b1467b625825df36114b2484ffb83c8,sha256,unknown-artifact,medium,30,active,2026-10-04,2026-10-04,1,,,,
71d86a5db1341f4d95029b88a94937a06a893096499702d155894ab59599e18c,sha256,unknown-artifact,medium,30,active,2026-09-26,2026-09-26,1,,,,
71e7bcd9b159b3fd52c7ea3b3eed52e3aa7594b8b0fbf540be31ce3544b58c87,sha256,unknown-artifact,medium,30,active,2026-09-25,2026-09-25,1,,,,
72.198.146.13,ip,ssh-probe,low,20,active,2026-10-08,2026-10-08,1,22773,"ASN-CXA-ALL-CCI-22773-RDC - Cox Communications Inc., US",US,
72.49.49.11,ip,http-scan,low,30,stale,2026-09-30,2026-09-30,1,6181,"FUSE-NET - Cincinnati Bell Telephone Company LLC, US",US,
7204f6007450cf89ac5c42ad7129b69f2c146b2b686bb07c77e663573edf4c1c,sha256,unknown-artifact,medium,30,active,2026-10-09,2026-10-09,1,,,,
7206338ca112859e9b701412caf9d85b9ca860568893237946b54bc5f596380d,sha256,unknown-artifact,medium,30,active,2026-09-28,2026-09-28,1,,,,
720c8e5a7c69fec1eea5cba154ec5ae30c4f82fe3ecbdf466c514f94fc4512ef,sha256,unknown-artifact,medium,30,active,2026-09-30,2026-09-30,1,,,,
7216c9e1427fe030d2725d10b12d3f345fbf9465684f7b938334553c896e9f4e,sha256,unknown-artifact,medium,30,active,2026-09-16,2026-09-16,1,,,,
7217492ac1045b21fa6176f4eb6d332ff28e146611f6473aac212c67b179c192,sha256,unknown-artifact,medium,30,active,2026-09-30,2026-09-30,1,,,,
721a51f6359f9a837afcb198747b52c2fa7f0af5531f633d1165265baf2209e9,sha256,unknown-artifact,medium,30,active,2026-09-29,2026-09-29,1,,,,
721e2b973d53067b09f6dbecfd167305db4ebdefca9cf042a9c7304f2190f1b5,sha256,unknown-artifact,medium,30,active,2026-10-04,2026-10-04,1,,,,
72269d8bf3f41e2e5b4db0eda9fbd1378e07bdca2a587f4e09d85ba07e644d0c,sha256,unknown-artifact,medium,30,active,2026-09-22,2026-09-22,1,,,,
723a6da3733509e5ae4f972d120493bc9950868c34723dca3a70734b5d13055c,sha256,unknown-artifact,medium,30,active,2026-10-06,2026-10-06,1,,,,
724602148aca0a174211a0bf8da1309b7dbf5f6ae765b9c42bd9b4aaa7247966,sha256,unknown-artifact,medium,30,active,2026-09-15,2026-09-15,1,,,,
728cfc46eabc8731e5722455c54ca25004581fafefe90eb163c8f168bc388280,sha256,unknown-artifact,medium,30,active,2026-09-28,2026-09-28,1,,,,
72a14b146bbd29380a022ebda2c2300244d7185c768e25ed7541ea1e44961b48,sha256,unknown-artifact,medium,30,active,2026-09-22,2026-09-22,1,,,,
72a9351e35ea32088909aaa7ade74d8b4cb1f33355796285bdfebe2ac46f78c6,sha256,unknown-artifact,medium,30,active,2026-09-27,2026-09-27,1,,,,
72ae1a4e708ad55a5e80db3a7a6c7d86a5484b32345a4fd8fb8cec6c2f24889e,sha256,unknown-artifact,medium,30,active,2026-09-15,2026-09-15,1,,,,
72bcd92ca825e2b99f2e10c02ce0695a8b0bcffd28df9154fbf2482537dc73da,sha256,unknown-artifact,medium,30,active,2026-09-30,2026-09-30,1,,,,
72d8bce5d525381d5b134e9834ba4714da7b5bf47ac4cfd2d9ceef2397c83037,sha256,unknown-artifact,medium,30,active,2026-09-30,2026-09-30,1,,,,
72eb62a55ae00a0a63233dbe644d2c6e2bb9db104bf6a218ff0beab75fbe453c,sha256,unknown-artifact,medium,30,active,2026-09-25,2026-09-25,1,,,,
72ec22b70e1536128ea4b3f7949349af456f0a7da94c5fa476e145b14deeaa68,sha256,unknown-artifact,medium,30,active,2026-09-23,2026-09-23,1,,,,
72f0f4812802c5326db060e45875940f3397781983eae9a19a9f10d90a701053,sha256,unknown-artifact,medium,30,active,2026-10-04,2026-10-04,1,,,,
72fd0cdef95d11bb6f44df61e5888ff83dfc4992598e9ca38c70b1854866c4b8,sha256,unknown-artifact,medium,30,active,2026-09-23,2026-09-23,1,,,,
730564201035d88b20f92988b571a0ef2fc277e3c90cfa346ca251e268e8b6a2,sha256,unknown-artifact,medium,30,active,2026-10-10,2026-10-10,1,,,,
7321bc5849462939f45607ce42d510bac54e6bfb22027276d538503e9774b23c,sha256,unknown-artifact,medium,30,active,2026-09-15,2026-09-15,1,,,,
732e796d24da151af2e4ad54d5706248aefe86686f83e5033c7ca8dd19e97954,sha256,unknown-artifact,medium,30,active,2026-09-16,2026-09-16,1,,,,
733539de9cd87258c1252e663544f2af38641afa8ca896b09a9d898ba61461ec,sha256,unknown-artifact,medium,30,active,2026-09-15,2026-09-15,1,,,,
734765b6aed74312461251506e303091b7999e10bc10372a48bd5057510aac0f,sha256,unknown-artifact,medium,30,active,2026-09-16,2026-09-16,1,,,,
735e13162c4b8d16a36fad5e266eea6debec4485d31064681f86fb874df444e2,sha256,unknown-artifact,medium,30,active,2026-09-15,2026-09-15,1,,,,
7363db2b870ae3fc1a4b2f5cfc2d24570abff29dcc8a9beafcd4766f20311bd7,sha256,unknown-artifact,medium,30,active,2026-09-27,2026-09-27,1,,,,
73a0cef10a4ca2625d42ba6648876ee06ea7ceb16295db365b6e2de8bfe59983,sha256,unknown-artifact,medium,30,active,2026-10-03,2026-10-03,1,,,,
73a2c3c5266ea1ecf2c7f37d749430dbffa911e4a306ac134155ab32cfa56541,sha256,unknown-artifact,medium,30,active,2026-10-06,2026-10-06,1,,,,
73b123229374018c3c94e0eac3ce354b418340f299364b432de2bf019016e453,sha256,unknown-artifact,medium,30,active,2026-09-27,2026-09-27,1,,,,
73c16ff48f6c4fc8107aaf0c971497e581da148292022ce781c9a1181e7fa5ab,sha256,unknown-artifact,medium,30,active,2026-10-09,2026-10-09,1,,,,
73c57a0e461acb3096f39e5288ade955950ba7888383885f93efc542ea313c2f,sha256,unknown-artifact,medium,30,active,2026-09-25,2026-09-25,1,,,,
73c9dd7affbbdb9e829e4877b817ef77f6ee7c732dc707ff901db1f596929b8f,sha256,unknown-artifact,medium,30,active,2026-10-03,2026-10-03,1,,,,
73d1e9779bea8e9887ae145dd15a1891c454af2f468c4acc6ea3da560065ef6c,sha256,unknown-artifact,medium,30,active,2026-09-26,2026-09-26,1,,,,
73d50ce6b4d0eff7c9fd5d6059f6b80779bcdc37d87a5252e852d62758337a39,sha256,unknown-artifact,medium,30,active,2026-10-04,2026-10-04,1,,,,
73ee7505524b959093cad2dcd646ce461bbed18274def2c419c0d2d79d327a2e,sha256,unknown-artifact,medium,30,active,2026-10-03,2026-10-03,1,,,,
74.235.165.79,ip,http-scan,low,30,expired,2026-09-23,2026-09-23,1,8075,"MICROSOFT-CORP-MSN-AS-BLOCK - Microsoft Corporation, US",US,
74192bbd0e8c34025c9491e67133bb8cf079e8e5994c22c2cfe8ac57fe90dbea,sha256,unknown-artifact,medium,30,active,2026-09-15,2026-09-15,1,,,,
74268b29198f9f0597d3bffed26bf9201006d0351a6dccc831ba233afc4f4e48,sha256,unknown-artifact,medium,30,active,2026-09-15,2026-09-15,1,,,,
743604bdb807dd8b30ddabcc398009c5a0df8f2cbc8db6b729566973a45c72ff,sha256,unknown-artifact,medium,30,active,2026-10-04,2026-10-04,1,,,,
744f5e03c970f5fc91c4b550ccb28b77c42490af7c349403e43bb3135834590b,sha256,unknown-artifact,medium,30,active,2026-09-30,2026-09-30,1,,,,
74535941d7cbc8c9e0a6ed53893e82169623ebd99918e9e8498efe73c7e377f7,sha256,unknown-artifact,medium,30,active,2026-09-15,2026-09-15,1,,,,
74569e0d3b38a5d55858dfd9c0cb4e0dc4bd1e8be3c29c15f25e4c5100ea9598,sha256,unknown-artifact,medium,30,active,2026-10-03,2026-10-03,1,,,,
746ca45052946d2cbfef5164df23bbef65d8f7e054d0bba45e6e3f868fbe04a7,sha256,unknown-artifact,medium,30,active,2026-09-15,2026-09-15,1,,,,
747b4fd55822fc375021e8580c4781b8276c7d0f13c085237374371e285aec1b,sha256,unknown-artifact,medium,30,active,2026-10-09,2026-10-09,1,,,,
748337fc172ae933bd7ac8ffcd8702f3410ba16cf841f4e2ae8de54657915f3a,sha256,unknown-artifact,medium,30,active,2026-09-30,2026-09-30,1,,,,
7489a346c902459f06e0e9a6ee0651246957536c66a0aefb69cbbaf8a44f0d40,sha256,unknown-artifact,medium,30,active,2026-09-15,2026-09-15,1,,,,
74963c7561354acf418431fe687dafa95dfdedcf3822d2b6d8a61ca2b90a2824,sha256,unknown-artifact,medium,30,active,2026-10-03,2026-10-03,1,,,,
74a325db67bf804135326a5fbd319d58815898b2d310044e007347b993db8eb8,sha256,unknown-artifact,medium,30,active,2026-09-22,2026-09-22,1,,,,
74a8495885c7fa4ad8675e756e4a0e7bef103f204371b5e7c7a141ba2b00c5c6,sha256,unknown-artifact,medium,30,active,2026-10-08,2026-10-08,1,,,,
74abe212e9205d2d2a380e71727da95e3665b1706bd3c7335e82c0dfce2f0b42,sha256,unknown-artifact,medium,30,active,2026-10-10,2026-10-10,1,,,,
74b12d72d9307d118fcd8c218150a824c6f6a4b6b00ffb0c7f486369a5620822,sha256,unknown-artifact,medium,30,active,2026-10-07,2026-10-07,1,,,,
74b906e15b88b47363e673bfcb33046b9e3a6af6bb858b409b5ef61af984a6c4,sha256,unknown-artifact,medium,30,active,2026-09-16,2026-09-16,1,,,,
74c2160ac59843c7dfa3ec38140cfc433328ca70c21e3ca86efc6cd212ac53ec,sha256,unknown-artifact,medium,30,active,2026-09-27,2026-09-27,1,,,,
74d09559117d9d10df0db50c03c19796cdfec9daad7992c5280d2570c3243792,sha256,unknown-artifact,medium,30,active,2026-10-04,2026-10-04,1,,,,
74dab5ad1ac2a0bd0837b0dc493be65395a135f28f7ecc2f785d2e5b64601341,sha256,unknown-artifact,medium,30,active,2026-09-30,2026-09-30,1,,,,
74def024a150cb458ac32015278e55db38d139716172fcb9ecf02c03e221fc02,sha256,unknown-artifact,medium,30,active,2026-09-15,2026-09-15,1,,,,
74e2605f75e4fb5daf3937190c0b1ae174f61b18b6549e8eacd59da5fafae8c8,sha256,unknown-artifact,medium,30,active,2026-09-23,2026-09-23,1,,,,
74e765cdcdbd318d03adb5c2ea949c0ea20824d4aa2c2c572c2b7a14c173e447,sha256,unknown-artifact,medium,30,active,2026-10-10,2026-10-10,1,,,,
74f69e3aadb702159ca70c5e6965ce8fef4d0ef9d9f26ee157360c93a4306268,sha256,unknown-artifact,medium,30,active,2026-10-07,2026-10-07,1,,,,
74fb6729448a00cd8150a9826c79330413526d04a2016b55b1800bf37f1b3be4,sha256,unknown-artifact,medium,30,active,2026-09-28,2026-09-28,1,,,,
750dc684b30f22347a38347ede057c71565a3481dc0b593af5695e261a34cb77,sha256,unknown-artifact,medium,30,active,2026-10-04,2026-10-04,1,,,,
751bc40683e2e6b21c24027523bab34b995e627bfd3588389ce3f62950a1d6a3,sha256,unknown-artifact,medium,30,active,2026-10-07,2026-10-07,1,,,,
751d8ad93c7c112669965a696d6ae08e027d08e15a8f37ed9ab5ea7769f283ea,sha256,unknown-artifact,medium,30,active,2026-10-09,2026-10-09,1,,,,
753079574f4788817b822d3384fc4e8a04b63f3c621403dc225c454d3ed35e51,sha256,unknown-artifact,medium,30,active,2026-10-03,2026-10-03,1,,,,
754614cce04291f7095adc83f1b185c991e830654e27403fb687af6d0b0f3902,sha256,unknown-artifact,medium,30,active,2026-09-25,2026-09-25,1,,,,
7553880803b3163a1b699c9051ea79368d9171d36439335ca23ec88d98c03542,sha256,unknown-artifact,medium,30,active,2026-09-15,2026-09-15,1,,,,
7554bb3193039924ce85166d44966b01313a8a0f345605bf690c434400322813,sha256,unknown-artifact,medium,30,active,2026-09-15,2026-09-15,1,,,,
75688c4653024977277f191cb40ff507f07bef6404b1136b4125d9fb8663b1f7,sha256,unknown-artifact,medium,30,active,2026-10-04,2026-10-04,1,,,,
75843ea26ebc018a28a6efe54bc065290ef540a718abfe99c0ec082bd1ac6eb5,sha256,unknown-artifact,medium,30,active,2026-10-07,2026-10-07,1,,,,
759cfa8183ecffce2502a0ca787b29ae9783b29fc10e41ed32482dd9f10d0134,sha256,unknown-artifact,medium,30,active,2026-09-25,2026-09-25,1,,,,
75a9f057b3cfba26de7b49a004e76f92fcc26c4ebb71bfe750673b937071c183,sha256,unknown-artifact,medium,30,active,2026-09-16,2026-09-16,1,,,,
75bf11136dad8064cb269df8e0fa18f649845d3482b264264b37177060104b65,sha256,unknown-artifact,medium,30,active,2026-10-10,2026-10-10,1,,,,
75c252094530e1fa1012a17ced9b9da6e91aa935ac16551680dcf282c0393a6f,sha256,unknown-artifact,medium,30,active,2026-09-25,2026-09-25,1,,,,
75c70a21f3909bc91b91a452fc976afc5d83815e97ea36d380e7fa6fb7581439,sha256,unknown-artifact,medium,30,active,2026-09-27,2026-09-27,1,,,,
75d776cd7bf20fff38dc8666f05a458335248fe360344be885a6c02b73d20957,sha256,unknown-artifact,medium,30,active,2026-10-03,2026-10-03,1,,,,
75d94f2efd1d83a2814bdd21c4b8a3f0fbfb861afbe14e69fa75a6efd4c74d62,sha256,unknown-artifact,medium,30,active,2026-09-27,2026-09-27,1,,,,
75dc74c55faaac16290dd4c55c09af78157f3f7dd195cac1738fee417d2ab364,sha256,unknown-artifact,medium,30,active,2026-09-16,2026-09-16,1,,,,
75e62ed4d2e6c64a89a3b85d8ad932233088d916c92c11a19d1c4f4c77b02cfc,sha256,unknown-artifact,medium,30,active,2026-10-03,2026-10-03,1,,,,
75fa176aecdc7a1b6b53778b38eac87c7152d5c916a755cb56071a93c01e040d,sha256,unknown-artifact,medium,30,active,2026-09-15,2026-09-15,1,,,,
761f4e93d9ba073934570c3b47372eefc3fa3ba62c8a1737c856eccdc6461d24,sha256,unknown-artifact,medium,30,active,2026-10-09,2026-10-09,1,,,,
763d68ed359287278abbed74dae8606b8febe51ab06da3887516fdf03d7caba4,sha256,unknown-artifact,medium,30,active,2026-09-23,2026-09-23,1,,,,
763ff4069ca6dabf8e91d5e46624c7a58149a5e5a79acdf2fe3a4e52ea4fb446,sha256,unknown-artifact,medium,30,active,2026-10-07,2026-10-07,1,,,,
764664c57ce42bf91f911464d61b5da9c227f577fb4112fa2dcc4a035f0c1621,sha256,unknown-artifact,medium,30,active,2026-09-30,2026-09-30,1,,,,
7651f8fa0358b1b6441e6ff206cc61dd4308c53f6d65c6844c7f439ce80e8fff,sha256,unknown-artifact,medium,30,active,2026-09-15,2026-09-15,1,,,,
765a5a004f37047d1eb8ae835b0e500eacb2964c0c763e750d41f890f4c168c6,sha256,unknown-artifact,medium,30,active,2026-10-04,2026-10-04,1,,,,
76644b75798009e1ba337dcf0adee50261346e313ba28694e9fe55f75e0c482c,sha256,unknown-artifact,medium,30,active,2026-10-03,2026-10-03,1,,,,
7666332d84f14a995b6325dbd7f172baa6611646f204053d505eb131ed8cff93,sha256,unknown-artifact,medium,30,active,2026-10-09,2026-10-09,1,,,,
766a28dc71a3383d2a821e44e86762554674dd367473d52da0c8e71e1d2acf51,sha256,unknown-artifact,medium,30,active,2026-09-28,2026-09-28,1,,,,
767f688ea2f20747ea5cca6e031cb5fba0473e949c64d436bf3271bbbed9c772,sha256,unknown-artifact,medium,30,active,2026-10-03,2026-10-03,1,,,,
768c71d785bf6bbbf8c4d6af6582041f2659027140a962cd0c55b11eddfd5e3d,sha256,unknown-artifact,medium,30,active,2026-10-03,2026-10-03,1,,,,
76ab6c3873f6ebbaf8a7a54ed87c925093d3f5cd8860ac6459136f65b055eee4,sha256,unknown-artifact,medium,30,active,2026-09-16,2026-09-16,1,,,,
76d331042cd8507e5bc537afe31475017787361aa2f2c1ade0173992fba726c8,sha256,unknown-artifact,medium,30,active,2026-10-07,2026-10-07,1,,,,
76d64505c4320710018712327f9c8b942b40d9cbea74c41bd899a0f0555d79d6,sha256,unknown-artifact,medium,30,active,2026-10-04,2026-10-04,1,,,,
76e57fdc52f3aea250265adcefc42ff18f82e6ba688a4a054030fcae9cb40125,sha256,unknown-artifact,medium,30,active,2026-09-30,2026-09-30,1,,,,
76e5d8c71727d9462610307b244a3341764c8c27749606f4cddd5de7ab9ddbef,sha256,unknown-artifact,medium,30,active,2026-09-30,2026-09-30,1,,,,
76f8bae45e807865955344c1a58882d38c8ceb4f855f58091642b7d48290af97,sha256,unknown-artifact,medium,30,active,2026-10-03,2026-10-03,1,,,,
76fb0594cd23929d3de12d1b634123f10c83c646cb37d0662220c3c073847f61,sha256,unknown-artifact,medium,30,active,2026-09-25,2026-09-25,1,,,,
77.36.113.104,ip,http-scan,low,30,active,2026-10-04,2026-10-04,1,137409,"GSLNETWORKS-AS-AP - GSL Networks Pty LTD, AU",RO,
77.36.113.171,ip,http-scan,low,30,active,2026-10-04,2026-10-04,1,137409,"GSLNETWORKS-AS-AP - GSL Networks Pty LTD, AU",RO,
77.36.113.235,ip,http-scan,low,30,active,2026-10-04,2026-10-04,1,137409,"GSLNETWORKS-AS-AP - GSL Networks Pty LTD, AU",RO,
77.36.113.7,ip,http-scan,low,30,active,2026-10-04,2026-10-04,1,137409,"GSLNETWORKS-AS-AP - GSL Networks Pty LTD, AU",RO,
77.36.113.81,ip,http-scan,low,30,active,2026-10-04,2026-10-04,1,137409,"GSLNETWORKS-AS-AP - GSL Networks Pty LTD, AU",RO,
77.36.113.9,ip,http-scan,low,30,active,2026-10-04,2026-10-04,1,137409,"GSLNETWORKS-AS-AP - GSL Networks Pty LTD, AU",RO,
77.90.185.226,ip,http-scan,low,30,expired,2026-09-16,2026-09-16,1,213790,"LimitedNetwork-AS - Limited Network LTD, GB",DE,
770000cd64bced3a9e5c4862ac70832ec1a1bfec4723a5f9d59671ac7ed5b918,sha256,unknown-artifact,medium,30,active,2026-10-07,2026-10-07,1,,,,
77078adb001dc6ef941dc7af1c7ce7c7dca697b2baf41f092e5d96d82599d9a9,sha256,unknown-artifact,medium,30,active,2026-09-15,2026-09-15,1,,,,
771097891f2b97b5127eaf2104aed24c35825777a5e49fc25fc5e0ddafb5672a,sha256,unknown-artifact,medium,30,active,2026-09-15,2026-09-15,1,,,,
77136b742c1b2cce9475648badad5b5d81ece7ba8e2c6c6adcd2bec1aa99b41a,sha256,unknown-artifact,medium,30,active,2026-10-04,2026-10-04,1,,,,
7716cd2d6833e6982c721fa0553ea8d7d7873dcdb76fcb4f934fe04e040304c0,sha256,unknown-artifact,medium,30,active,2026-10-03,2026-10-03,1,,,,
772025032c97cdc4c452ec2b8ba78811741bd092b4af202f13424fd4f7e8bc80,sha256,unknown-artifact,medium,30,active,2026-10-06,2026-10-06,1,,,,
772413c6039f2e6e32afa57374b10ef5ca808dc13ee6a0a58effb34b7ea8e641,sha256,unknown-artifact,medium,30,active,2026-09-27,2026-09-27,1,,,,
77255ff36bf1eed53399b2ea0c9fe0b931e88e3ef6bce1be1ba4b8dfadce0275,sha256,unknown-artifact,medium,30,active,2026-09-15,2026-09-15,1,,,,
77297ac54e45f22e37eb8851a2ce0d30f11deb736d9dfc6000d22a5eeade4740,sha256,unknown-artifact,medium,30,active,2026-09-30,2026-09-30,1,,,,
773155b3737b23a193d3e847ddd17bfdc2c435f23851771cdd88157072753361,sha256,unknown-artifact,medium,30,active,2026-09-15,2026-09-15,1,,,,
7732b2edbe4f51ded9e58ddc1007502db182972a65ca40a59cfc82aba1ca2427,sha256,unknown-artifact,medium,30,active,2026-10-04,2026-10-04,1,,,,
7737d0211881d13d34d45ae123b0ec860961495cc8bd3ad85ce600ebefe9223a,sha256,unknown-artifact,medium,30,active,2026-09-15,2026-09-15,1,,,,
77383afb7daa35581cfa3181de8b28cbecf948678d5e58139ff51fd5afcdeb77,sha256,unknown-artifact,medium,30,active,2026-09-24,2026-09-24,1,,,,
773f98b25ea3d133905e1c8e623558625cdb51882578d055f80feeea21b0bcfe,sha256,unknown-artifact,medium,30,active,2026-09-30,2026-09-30,1,,,,
774425122e01fcaf7d5701aff576d891f8f933c676a708be4c25c140faa8cacb,sha256,unknown-artifact,medium,30,active,2026-09-25,2026-09-25,1,,,,
774648a1c3e63b1032570e2074cad79e11ca9e5e6888f3f6c161d796065bb823,sha256,unknown-artifact,medium,30,active,2026-10-07,2026-10-07,1,,,,
774f719794c48766fbe23d81383f6e312f4212f0f34b9608fcad048bf676aef7,sha256,unknown-artifact,medium,30,active,2026-09-15,2026-09-15,1,,,,
775842cfa5b6f648ba9b4e4a5c525f5b6068a823752c7b1bb8f17ada65b4fcbb,sha256,unknown-artifact,medium,30,active,2026-09-15,2026-09-15,1,,,,
77635f97a73bf580b7cbb014603439a9915b196054d478a2181e5176a21fc00e,sha256,unknown-artifact,medium,30,active,2026-09-14,2026-09-14,1,,,,
776c113028ba6c89bfe1876c30952a2d7936842f627cdef494ddfe91ec2277cd,sha256,unknown-artifact,medium,30,active,2026-09-29,2026-09-29,1,,,,
7774984f0688bfcd1b12009602f66d7c83e5ab5d4e7974b682b4aeb946833303,sha256,unknown-artifact,medium,30,active,2026-09-27,2026-09-27,1,,,,
777cba21b121945b305dc2533a11ecca258482ecd9452f3c1df110a514c043cd,sha256,unknown-artifact,medium,30,active,2026-09-16,2026-09-16,1,,,,
777cc0451471eb746e6e9bc2bd08cbabe8cc4f1f6c3b53449cce1b8fedb03c5a,sha256,unknown-artifact,medium,30,active,2026-10-03,2026-10-03,1,,,,
777f796f96aefb2df86322ba878f4b3aa3f9b48f4856df26325b636d710f5867,sha256,unknown-artifact,medium,30,active,2026-09-15,2026-09-15,1,,,,
77833a34676b0c459ec2dda4ed8459cf0941e1db6929e421afbebec120d2d1a6,sha256,unknown-artifact,medium,30,active,2026-10-10,2026-10-10,1,,,,
7793e36559e9f06ef191a20216d1e2d8dbbee6ee272556115648d528461c63ce,sha256,unknown-artifact,medium,30,active,2026-09-28,2026-09-28,1,,,,
779684dc2adb0a3e6496083493354f0a1650b2817e29b5fe3e61db78537a76c3,sha256,unknown-artifact,medium,30,active,2026-10-07,2026-10-07,1,,,,
779c251319699b9e04dd236c31659cb3975095d9bece4a17c2683e501a47b946,sha256,unknown-artifact,medium,30,active,2026-09-26,2026-09-26,1,,,,
77b7e5d5bc0b9296612c51eb0339ade6df8e9830eb4e75cfc6cd295370819604,sha256,unknown-artifact,medium,30,active,2026-09-15,2026-09-15,1,,,,
77c08bda14c5451d4f9af921217accf83bd60d5ad134c6eadbaa8095ecf116d8,sha256,unknown-artifact,medium,30,active,2026-09-27,2026-09-27,1,,,,
77c0c768861ba1896fa9c54ca6310c4797ecf0b0c2f14338f390694b542aa211,sha256,unknown-artifact,medium,30,active,2026-09-14,2026-09-14,1,,,,
77ddad989e17c17075297f8343ba964fa78cd1ec7f6d37c4085f8fd0b1229353,sha256,unknown-artifact,medium,30,active,2026-09-25,2026-09-25,1,,,,
77e080604134e9a15dbeafe0a0260be259ed5f74c89c0ebc59417c1cdf8b0ac0,sha256,unknown-artifact,medium,30,active,2026-10-04,2026-10-04,1,,,,
77efe4d79fc04d642fff0c7e2f86f285db3b27eddc14ebf7c92c2387ae743021,sha256,unknown-artifact,medium,30,active,2026-10-07,2026-10-07,1,,,,
77f27fb21f9bf1da4a3b5f653a161007bf4adc3fb50d131e01db4a058caebad7,sha256,unknown-artifact,medium,30,active,2026-10-04,2026-10-04,1,,,,
77f44b9024fd19a6674a62d98939f4e7f1b77f64eac4c7559414c46bdaec494c,sha256,unknown-artifact,medium,30,active,2026-10-03,2026-10-03,1,,,,
78.141.221.148,ip,ssh-probe,low,20,active,2026-10-08,2026-10-08,1,20473,"AS-VULTR - The Constant Company, LLC, US",US,
780b0bf11a2133d4928d966e608d77ec3f6d6e12537d99f2efd91b6170602967,sha256,unknown-artifact,medium,30,active,2026-09-15,2026-09-15,1,,,,
780d8f69d14fd22cab8c31aa7dffcafb84fe6748776038bd864ed88f3441e65d,sha256,unknown-artifact,medium,30,active,2026-09-27,2026-09-27,1,,,,
783cb6d276163384c6bbe97d0a469063dad609ae765ce6e7bf0bf9bb4d8687d9,sha256,unknown-artifact,medium,30,active,2026-10-03,2026-10-03,1,,,,
783d18f58915efee738ef97c872528ee250009794134027e1211edafcf17994f,sha256,unknown-artifact,medium,30,active,2026-10-03,2026-10-03,1,,,,
783f17cdb01610cde1282ddcdd2dafd3b20fab39a2feaafee36a6bdb95ea36c6,sha256,unknown-artifact,medium,30,active,2026-10-09,2026-10-09,1,,,,
785d8a132929b961337e4f1829cb3273d30c1255146e2f000b785dfec84887c9,sha256,unknown-artifact,medium,30,active,2026-10-04,2026-10-04,1,,,,
7865771ebe75b81f4beea2c9c163ef15b7a3d760a4261efaec6960fd7d263e57,sha256,unknown-artifact,medium,30,active,2026-10-03,2026-10-03,1,,,,
7897b156ce7bf1d514a25de6b88f01018217f3e6bd35dc5553de1e8f8b196ed1,sha256,unknown-artifact,medium,30,active,2026-10-09,2026-10-09,1,,,,
78995cb0e93dd446858e17650363d7482cef72b715da85e2ad67ff331c8e5738,sha256,unknown-artifact,medium,30,active,2026-10-04,2026-10-04,1,,,,
78a2f3427a26ef15193fcf0f8ec0c4fc4b395dbf6fa9fb116c649e77027f74ab,sha256,unknown-artifact,medium,30,active,2026-09-22,2026-09-22,1,,,,
78c6d93c78107b7d7dbc9fbcdd97133d43cbc45a0c1fe580e4c0037ff1c5f459,sha256,unknown-artifact,medium,30,active,2026-10-09,2026-10-09,1,,,,
78cfd62e0682a4d187d53379b1b93cc742189ebc5073b95e626cb01c65271014,sha256,unknown-artifact,medium,30,active,2026-09-15,2026-09-15,1,,,,
78d26784f317546d256b4b59beb7856bd126eee23c0387cb96cc4e6248a14d12,sha256,unknown-artifact,medium,30,active,2026-10-10,2026-10-10,1,,,,
78d4dbfbb48482a550cceb1d9ee75a8a82f6c8c6a69cd808f7968465dd7a2d0d,sha256,unknown-artifact,medium,30,active,2026-09-27,2026-09-27,1,,,,
78d5f284ff24a726c17d654f80ce33891a2827dec63f93841eed54497bbaaec4,sha256,unknown-artifact,medium,30,active,2026-09-30,2026-09-30,1,,,,
78e506f286c21243c748b27c00aca1c47098c2fbf1981c871aa534d55193dfcd,sha256,unknown-artifact,medium,30,active,2026-10-04,2026-10-04,1,,,,
78e8868b191c24a49c945fff1ce764691a64523df8dfc4413f81fac083fa21ea,sha256,unknown-artifact,medium,30,active,2026-09-27,2026-09-27,1,,,,
78fbed044993302008153602dbd94b8b1e35add9b3f3dd9c0f42c8cc59347b47,sha256,unknown-artifact,medium,30,active,2026-09-30,2026-09-30,1,,,,
78fd7b46f6d07b285cbeb3d1c48ff01e5bd70b179e303e48c53311bc33d549c6,sha256,unknown-artifact,medium,30,active,2026-09-30,2026-09-30,1,,,,
79.177.159.53,ip,ssh-probe,low,20,expired,2026-09-27,2026-09-27,1,6810,"BEZEK - _Bezeq_- THE ISRAEL TELECOMMUNICATION CORP. LTD., IL",IL,
7921704b028ce52c81c344f3d62bf68784db61f5ab77caa28d5748e0cfa7f0be,sha256,unknown-artifact,medium,30,active,2026-09-15,2026-09-15,1,,,,
792f0ad172dbb964fc4880c15376d419751ee642dce0cbe500c2ae53d27cc039,sha256,unknown-artifact,medium,30,active,2026-10-09,2026-10-09,1,,,,
792fa028497ebb1e7db8370914b772dcd8d86a8f32ce56570606688215311ca2,sha256,unknown-artifact,medium,30,active,2026-09-16,2026-09-16,1,,,,
7934307417fbca669f135bed7fb80c4e62642a7cd254a94aaf9f8e2f8abb6332,sha256,unknown-artifact,medium,30,active,2026-10-03,2026-10-03,1,,,,
7937cc591c9edc14f3c3992d230ffc15ab415f0202de4be50955eae57fa2874e,sha256,unknown-artifact,medium,30,active,2026-09-15,2026-09-15,1,,,,
794f455498644b238b2cb9102802ca262f4c0ab969a923c607d1686631876b9f,sha256,unknown-artifact,medium,30,active,2026-09-28,2026-09-28,1,,,,
7951138d9c8e5b19156d1322ea180a0a0b22495af6248ae717f1183d735273f9,sha256,unknown-artifact,medium,30,active,2026-09-25,2026-09-25,1,,,,
799259243e14dfc1b03bacc7efae2a9dbd90761e332f37cd7e1b0a39ab2ae630,sha256,unknown-artifact,medium,30,active,2026-10-04,2026-10-04,1,,,,
79a4395ac108d5fc6352f51f2851f58f8cd232fd41bebb93358322a9da92c407,sha256,unknown-artifact,medium,30,active,2026-10-10,2026-10-10,1,,,,
79a47c33335fe1ed871a23cf7972652ee08a3ec0afed1c2dc6b5a8df675e153d,sha256,unknown-artifact,medium,30,active,2026-09-14,2026-09-14,1,,,,
79a8b81f7db470a1312c1e08c13c8194df886f59355c65daf2ce16ed969c0e13,sha256,unknown-artifact,medium,30,active,2026-10-03,2026-10-03,1,,,,
79ac79476f9d7a11b4dd79ed53840192a2f0d0538a7427b9569a0319e7590278,sha256,unknown-artifact,medium,30,active,2026-09-27,2026-09-27,1,,,,
79afbec08ffc71bd11dbf4e03085678dfb19e015186561b5d2fcc8e6abd13979,sha256,unknown-artifact,medium,30,active,2026-10-04,2026-10-04,1,,,,
79b0447928d0675f2b6f19b95ffcde683236f2bcd7d46a97da178a9648978549,sha256,unknown-artifact,medium,30,active,2026-10-04,2026-10-04,1,,,,
79c1b5c5f246684afd38f8b9e0e4446eb38f9db11e2161784874b74ede9b4a01,sha256,unknown-artifact,medium,30,active,2026-09-15,2026-09-15,1,,,,
79c553c621beb67b3b3ed432727eb0b8df5d0e323c706ccab214e2e0f6868572,sha256,unknown-artifact,medium,30,active,2026-09-26,2026-09-26,1,,,,
79cf97f24bd8bdd984f7d3149c11741b496cfa22b26b6fccea80d5f06c8c041e,sha256,unknown-artifact,medium,30,active,2026-09-28,2026-09-28,1,,,,
79d3e4dd74fa3ae0647919ead001464335b1605eca5e5dd1604d8ffa92097fed,sha256,unknown-artifact,medium,30,active,2026-09-15,2026-09-15,1,,,,
79da4da836141c1a701d77338b8a957afb14ed73324798093081c32f66b816e3,sha256,unknown-artifact,medium,30,active,2026-09-27,2026-09-27,1,,,,
79e31ea881a712e0868110afb987f933477fffec7c886c020763b5d39b1d1491,sha256,unknown-artifact,medium,30,active,2026-09-27,2026-09-27,1,,,,
7a5a2599cf60943be6295f6c4d39267e67908d75f01cad9e9b6e2e7028809efc,sha256,unknown-artifact,medium,30,active,2026-09-30,2026-09-30,1,,,,
7a81bf6bc991ec06c2d5cca13d388f85c4fa87f33600429c376f0698a0bd0423,sha256,unknown-artifact,medium,30,active,2026-10-04,2026-10-04,1,,,,
7a827feac6b7a4d47d4fee2ebdb6a6786f7a251c965d45ce0c6b3d9d09431875,sha256,unknown-artifact,medium,30,active,2026-09-30,2026-09-30,1,,,,
7a8436e70a07d3f11836411a1765efd7a5a87c96bd21864316fbf01e84cc6d44,sha256,unknown-artifact,medium,30,active,2026-10-04,2026-10-04,1,,,,
7a84a2a3d469384d0d68b75cfa4f402360eca13dc8f6e8a31de1404128d9f21b,sha256,unknown-artifact,medium,30,active,2026-10-04,2026-10-04,1,,,,
7a862c701c285648aaa5b2c18d0f78ebe848e125d5ddd9a01c756175172ed4fc,sha256,unknown-artifact,medium,30,active,2026-10-04,2026-10-04,1,,,,
7aa7a5359173d05b63cfd682e3c38487f3cb4f7f1d60659fe59fab1505977d4c,sha256,unknown-artifact,medium,30,active,2026-10-03,2026-10-03,1,,,,
7aaa327b308c9b290b12e650e9e0d7011103e3a2679fa365ecaf3a99940d3234,sha256,unknown-artifact,medium,30,active,2026-09-15,2026-09-15,1,,,,
7acbf2257fd5e50d53786f6a19689995c9da881227b65a0bfd0e8fc2d2753c80,sha256,unknown-artifact,medium,30,active,2026-09-15,2026-09-15,1,,,,
7adf5142f0b0dbfb5e0ba45dd73d1426489a8436745a08b5d2acdc216f32d6ed,sha256,unknown-artifact,medium,30,active,2026-10-09,2026-10-09,1,,,,
7ae662b26ada2da4fdadd596471b4190c9ff011526f21efec31afda4a45bc847,sha256,unknown-artifact,medium,30,active,2026-10-04,2026-10-04,1,,,,
7af892e1d4dd5157eee053310b990cfb62496b9c0f27e35f8a958f8670f1a944,sha256,unknown-artifact,medium,30,active,2026-10-07,2026-10-07,1,,,,
7b0493ad0424d8ddc2d2fbf0e41adc81e8fb8f762a2c8aa874e682bb0653eee0,sha256,unknown-artifact,medium,30,active,2026-09-26,2026-09-26,1,,,,
7b11798eb42c2933b2d39686760486ec48e0a8d795258faed2c3f4e6b355d79e,sha256,unknown-artifact,medium,30,active,2026-10-03,2026-10-03,1,,,,
7b14d593fa24960629f5e5e6ddac0f691190ac00bc9b95f6478249b043246790,sha256,unknown-artifact,medium,30,active,2026-10-03,2026-10-03,1,,,,
7b1cbba56bb80e185cdf2097f5716c31d7e0f88f28ad7220b3b5a2cf73859ec8,sha256,unknown-artifact,medium,30,active,2026-09-16,2026-09-16,1,,,,
7b4522377187c4b822397d6fbf2c262c5953bf5dc0756146914d1e354893130d,sha256,unknown-artifact,medium,30,active,2026-09-29,2026-09-29,1,,,,
7b45842659b2ba899c8e114d811ef88477670940372983006dc1b08780233ba9,sha256,unknown-artifact,medium,30,active,2026-09-30,2026-09-30,1,,,,
7b4f2bd6c9680798259e9320cd86885e30d4f221f19e81b8f7fb4e9f86ad7b5c,sha256,unknown-artifact,medium,30,active,2026-10-03,2026-10-03,1,,,,
7b5ccc317681a2e63dfa7ba3baab2690a288a96b1a5d3fc117ab186863edd179,sha256,unknown-artifact,medium,30,active,2026-09-28,2026-09-28,1,,,,
7b60687abd430c0b5b59e1515d7af9491fa671289ed2d58c559d9a24acb92a78,sha256,unknown-artifact,medium,30,active,2026-09-30,2026-09-30,1,,,,
7b77d0d9cd27fa686bfbcf73e5201ed041d915d2084ec1b45487852a8ec16f77,sha256,unknown-artifact,medium,30,active,2026-09-24,2026-09-24,1,,,,
7b94ff61fcb882d13f3674af2dfa82e32b93eef911d1d196a8491a697a5c2cc6,sha256,unknown-artifact,medium,30,active,2026-09-27,2026-09-27,1,,,,
7b963fcf6a28cc7374c867c5b9025526e9383098617c48ac0f5adc6e1f3df3a8,sha256,unknown-artifact,medium,30,active,2026-10-03,2026-10-03,1,,,,
7ba01ba842fe2e37ca21af58ae61410720274c34a9498f50ddc224a976dca8ef,sha256,unknown-artifact,medium,30,active,2026-09-26,2026-09-26,1,,,,
7bafb9652469f8deabcd07e2867489e3a6d7b829d185d7fe2b733752d7076f35,sha256,unknown-artifact,medium,30,active,2026-09-27,2026-09-27,1,,,,
7bb0f36859dff490ce566d9e9cbd7e1bdc1a22263013c7444e0825c678dffc0b,sha256,unknown-artifact,medium,30,active,2026-10-03,2026-10-03,1,,,,
7bb3d06238b9afd75f8f16f84783da32dfaf1e1abf8fa7b30d11db118d35db56,sha256,unknown-artifact,medium,30,active,2026-09-15,2026-09-15,1,,,,
7bc75769a81ce2cd994a5c97780920aacc7da6811d0afa7b8fbd8ef58d1a4d0a,sha256,unknown-artifact,medium,30,active,2026-09-25,2026-09-25,1,,,,
7bebd8d53d45db168b291ac1fdd3bb9fa4248fda6762a43e2634b90f1702599d,sha256,unknown-artifact,medium,30,active,2026-09-15,2026-09-15,1,,,,
7c3abeee07c18b6f1759649654405a81dc45f5959c3b0575fdc3b6a5e505248a,sha256,unknown-artifact,medium,30,active,2026-09-15,2026-09-15,1,,,,
7c4eb4d26a40f2201a64d451ce883a70d79c2b9cb7629a7190345d94e3439460,sha256,unknown-artifact,medium,30,active,2026-10-04,2026-10-04,1,,,,
7c4ebbe310599eaf60b81fb49d3f259aa5add744eb3690d5c95edc751d96a3a0,sha256,unknown-artifact,medium,30,active,2026-09-27,2026-09-27,1,,,,
7c4edb1f25f14ef2308e7a38b784949d01ac954bb0578ace258920660ebf9ae1,sha256,unknown-artifact,medium,30,active,2026-10-10,2026-10-10,1,,,,
7c64c311de1d5ac8d6c81767e63690343d6d92e0827f1b32f9c5716beba5e44f,sha256,unknown-artifact,medium,30,active,2026-09-16,2026-09-16,1,,,,
7c6d21d8b4354ed5a1ef976c073485b1b5e2de3c4442a8bb286f565fd10fb003,sha256,unknown-artifact,medium,30,active,2026-10-04,2026-10-04,1,,,,
7c7155a17d23138ad30d2db4fd63cc3688fc07a5b030d6797839ecf09afff102,sha256,unknown-artifact,medium,30,active,2026-09-16,2026-09-16,1,,,,
7c7158875bb16788e4241190fd1ef94e788376475b571c7f31a4d58c941a106b,sha256,unknown-artifact,medium,30,active,2026-09-27,2026-09-27,1,,,,
7c8e6647cec3cca4a7513a80e44dadac49c158c23eefb0e7f80f8f2b81d2b2ba,sha256,unknown-artifact,medium,30,active,2026-09-26,2026-09-26,1,,,,
7c992b35b47effcb9b30151c0c424171f929102aef48498cacd2a0bcb9501683,sha256,unknown-artifact,medium,30,active,2026-09-30,2026-09-30,1,,,,
7c9aa1402c5b1e17f49d0533d810860505a95549bd0a1171ed01b121ae5b4082,sha256,unknown-artifact,medium,30,active,2026-10-10,2026-10-10,1,,,,
7c9b80a7fd6d6f5f56d9f8d35bcb8cffa83eab472c1359a8e01d2c4a5a94222d,sha256,unknown-artifact,medium,30,active,2026-09-15,2026-09-15,1,,,,
7ce81e1af96281dfa95af65aa2b511ec1db5baba7812e92ae3bb5e29b7b663a5,sha256,unknown-artifact,medium,30,active,2026-09-15,2026-09-15,1,,,,
7d008b06446378f226cfd6a80f45b2dc06b8f4be1d421c883b44c973264069e6,sha256,unknown-artifact,medium,30,active,2026-10-09,2026-10-09,1,,,,
7d1030f416d6ce44aeacaee58e356e83066f84020bf131789c6033b4d3aab310,sha256,unknown-artifact,medium,30,active,2026-10-09,2026-10-09,1,,,,
7d151dadcc4d025ca36371b113f26c0f3dec146b1796967f2ed360dc8e5d1bb8,sha256,unknown-artifact,medium,30,active,2026-09-30,2026-09-30,1,,,,
7d2097a74241d325e8a352adddbc3c28299ffb5ccaf72085fa47a4102da3dd43,sha256,unknown-artifact,medium,30,active,2026-09-30,2026-09-30,1,,,,
7d2602229f9ccfa713fb958793a0882a4ba0caa40e5f9797581b1c14f5e5a103,sha256,unknown-artifact,medium,30,active,2026-09-15,2026-09-15,1,,,,
7d298e3aca5da3f11793c800dcc3202cbdbe5c72952b77e55f4342930ed00704,sha256,unknown-artifact,medium,30,active,2026-09-27,2026-09-27,1,,,,
7d359681057984f85b72aa895b232efd36e58d994626ece9476702605cf51195,sha256,unknown-artifact,medium,30,active,2026-09-15,2026-09-15,1,,,,
7d3900b6216e2f5ea752b07dcad0c3b69cadcf6b7407836f6139d1cf00213b5e,sha256,unknown-artifact,medium,30,active,2026-09-15,2026-09-15,1,,,,
7d3beb9f7d4380de2a4896d4dff7f66240e4e47ab7bf4201d64eb46a2c32c4e8,sha256,unknown-artifact,medium,30,active,2026-09-15,2026-09-15,1,,,,
7d3f821a6f4cb9ac5e6a2d387468d0cbbe93a09d81e59ca83ac8fb9ab437d2aa,sha256,unknown-artifact,medium,30,active,2026-10-04,2026-10-04,1,,,,
7d433f9c8b3f43755d52e2f0d0984914cc392e2aef015fc79ed72cb95c8c6097,sha256,unknown-artifact,medium,30,active,2026-09-16,2026-09-16,1,,,,
7d43416c58376959fa05b0092ac77943f3024abb3be7ce3ab134d9d312e1930e,sha256,unknown-artifact,medium,30,active,2026-09-30,2026-09-30,1,,,,
7d4fff4b1e2159a9b145cdf25a258a4946acd3fe58b57958d7ee95baeb225a3e,sha256,unknown-artifact,medium,30,active,2026-09-30,2026-09-30,1,,,,
7d55a90710b8e79283efd756e8d3423fc23e0dcf742d6027b1a2a1b9d02a9c16,sha256,unknown-artifact,medium,30,active,2026-09-15,2026-09-15,1,,,,
7d5a3a3d800c77ce70812f4be35f7bbf501327c0ee7f4c369882bb7863b3d94a,sha256,unknown-artifact,medium,30,active,2026-09-27,2026-09-27,1,,,,
7d5ac1521ef91da6eaf8da3042214662f76f8cf8253377b36f9f99431183bd72,sha256,unknown-artifact,medium,30,active,2026-09-15,2026-09-15,1,,,,
7d6fd7774f0d87624da6dcf16d0d3d104c3191e771fbe2f39c86aed4b2bf1a0f,sha256,unknown-artifact,medium,30,active,2026-09-15,2026-09-15,1,,,,
7da534790170c16c23fe09741072c1cf4e43850633b8b762a0f1f706a389e11d,sha256,unknown-artifact,medium,30,active,2026-10-09,2026-10-09,1,,,,
7dbb482ee6f5705b2039762c8f1778b28e76e13de71af0390ee718f8a2c358c9,sha256,unknown-artifact,medium,30,active,2026-10-03,2026-10-03,1,,,,
7dc3a59c0c97a4b40e34d8ba4eb212bf77732c8f54fb9eb543e7a42e309c0222,sha256,unknown-artifact,medium,30,active,2026-10-09,2026-10-09,1,,,,
7dc4e16dcbe5cf3841159f312a5529d8c31cd337bfca86375a234804da799d4f,sha256,unknown-artifact,medium,30,active,2026-09-15,2026-09-15,1,,,,
7dd4c4027fccfe7f908072bf8fbaf4b663438d5e8bad5684758cd21a971d4d12,sha256,unknown-artifact,medium,30,active,2026-10-03,2026-10-03,1,,,,
7de1a6cd3496e8bf50a30884edc86a66a401ed4f103df043a502e31e98b77530,sha256,unknown-artifact,medium,30,active,2026-10-04,2026-10-04,1,,,,
7df06da0799fc519260388791abd504a080d953a21783561e9d3e7dbf29feabc,sha256,unknown-artifact,medium,30,active,2026-09-15,2026-09-15,1,,,,
7e046e818ac8681e08587853aa151207bb7fd7fe5e596ec7feb78157a7a0c5c2,sha256,unknown-artifact,medium,30,active,2026-10-10,2026-10-10,1,,,,
7e1184fa01b1751697726dfd586366b63147c11fe5d3ab7d26da1d41342e31c8,sha256,unknown-artifact,medium,30,active,2026-10-10,2026-10-10,1,,,,
7e1d3a21ec5aa908ef1b7db2c86d9c757c242c3a7ea5e4c699d208e412313d6d,sha256,unknown-artifact,medium,30,active,2026-10-03,2026-10-03,1,,,,
7e452c477c1d880fab972fe497b547aa224aae8b7731518eb55c7a008779d5b6,sha256,unknown-artifact,medium,30,active,2026-09-22,2026-09-22,1,,,,
7e586f8dfaf8195c702ed0499230409153a3592e427d6854c86e7cba191fa78e,sha256,unknown-artifact,medium,30,active,2026-09-27,2026-09-27,1,,,,
7e7b7ae36b67a8939b27881e93dc954e9f5581f67531b37c846b55fafb552c9e,sha256,unknown-artifact,medium,30,active,2026-09-25,2026-09-25,1,,,,
7e88a978d92b7e903e0c758034c1cdaa9ce80c131ed64551f90e8316282a2a07,sha256,unknown-artifact,medium,30,active,2026-09-30,2026-09-30,1,,,,
7e8f7fb62fed2d67412fc0efe999f2ab63e83af5a6bce0e51cae450d02bc3dda,sha256,unknown-artifact,medium,30,active,2026-09-30,2026-09-30,1,,,,
7e997b9bae8a5090235e0e82cc0724a8a31a12c130e0bcb165aca0f2db8c21a8,sha256,unknown-artifact,medium,30,active,2026-09-27,2026-09-27,1,,,,
7eb577216075f9b2d90bb5f39628a565b01efb70b07998979d0f1dcb9ed7a5ff,sha256,unknown-artifact,medium,30,active,2026-09-15,2026-09-15,1,,,,
7ebabdf7f12eb241a36773a1e3c8a89108a4cf87bbd6ccc574aaaf737d5d9408,sha256,unknown-artifact,medium,30,active,2026-09-24,2026-09-24,1,,,,
7ebc5a5d737704075d4e7e47c9e4f260c2b0bf4af048fd85e39d55c89126f7fe,sha256,unknown-artifact,medium,30,active,2026-10-09,2026-10-09,1,,,,
7eda034202f71c820cc027434957dd40c59364a58afb212ccdd581d43b224cef,sha256,unknown-artifact,medium,30,active,2026-09-30,2026-09-30,1,,,,
7ef52eaeecaa79e02db70efbff6715d869ff3496ed2732fcd11b65457de9f965,sha256,unknown-artifact,medium,30,active,2026-09-30,2026-09-30,1,,,,
7f0cd0c733f2212fd3405f1906a60232597dc45a8d8f7161f9794415cdadef23,sha256,unknown-artifact,medium,30,active,2026-10-09,2026-10-09,1,,,,
7f12dfafa0d49ebca5e23dddb55af39ceb1a9120a9364b25ae570f7703a367c6,sha256,unknown-artifact,medium,30,active,2026-10-04,2026-10-04,1,,,,
7f256ea67e2ad73f0937f04beafa7d6876d941c0d8d7627d3413f8caa4fa6bb4,sha256,unknown-artifact,medium,30,active,2026-09-16,2026-09-16,1,,,,
7f2899874b54240c9710dcfc7392d4a03dd3f4b7cd84ba7b05e7d8642dc468b5,sha256,unknown-artifact,medium,30,active,2026-10-10,2026-10-10,1,,,,
7f2e2ee91f32af4542b3f2b2a80f6ea8801f0fc3ea70bc79fdd9bc39f7d26666,sha256,unknown-artifact,medium,30,active,2026-10-09,2026-10-09,1,,,,
7f476124b4f393d37ec917165b058855e879aa7500811ea2dec2cf2fde22f916,sha256,unknown-artifact,medium,30,active,2026-09-15,2026-09-15,1,,,,
7f5f00fbbd3e122cfb08cda0c724d3394ce9a3fef28c2474560d79d98230dd0c,sha256,unknown-artifact,medium,30,active,2026-10-10,2026-10-10,1,,,,
7f5f6023b96f8c309c771205bdf8bb293c0701be81678ae627821bcfa17ebf36,sha256,unknown-artifact,medium,30,active,2026-10-09,2026-10-09,1,,,,
7f64ddf59cf34f3a4ed882a5792edba4704ffa90b062cf34c5f406bd270112be,sha256,unknown-artifact,medium,30,active,2026-10-03,2026-10-03,1,,,,
7f79ad31fddbdc7a34e99615f88f393e33e79f53331e86b46972648040e74300,sha256,unknown-artifact,medium,30,active,2026-10-07,2026-10-07,1,,,,
7f9ece7fb54b06aef0262ea21a6f5147035efd441d2a84d2ace205b9eb347599,sha256,unknown-artifact,medium,30,active,2026-09-26,2026-09-26,1,,,,
7fa19c1bd935f807043be26ec06ee9131b0301ed9a0437040d82ad1a2c19af5d,sha256,unknown-artifact,medium,30,active,2026-10-04,2026-10-04,1,,,,
7fba4a0fcbc64a1f27c6ed01232ffd4349d54ab58c936f5420b2be48a6699c39,sha256,unknown-artifact,medium,30,active,2026-10-10,2026-10-10,1,,,,
7fd5e06d52f450ac7225514ec0c0e0dded1deb883d7b2b86727cbb658796743b,sha256,unknown-artifact,medium,30,active,2026-09-30,2026-09-30,1,,,,
7fd60646643d5a3b81d287bfca10c5c2c564657856a883b41edc42ab7582ebfe,sha256,unknown-artifact,medium,30,active,2026-09-15,2026-09-15,1,,,,
7fdaa8c01d3fef966da5130293b3ab42de9b9863c4cc8cc13a8e50f96d6f8830,sha256,unknown-artifact,medium,30,active,2026-10-03,2026-10-03,1,,,,
7fec6710751f67587b6f6109782257cd7c56b5d29570824132e8543e18242f1b,sha256,unknown-artifact,medium,30,active,2026-09-23,2026-09-23,1,,,,
7ff58ed4ae8eab453d7cf59b2c7f4dfa685e0b5abc820cd53717eb22eb51b865,sha256,unknown-artifact,medium,30,active,2026-10-04,2026-10-04,1,,,,
8.148.25.79,ip,ssh-probe,low,20,expired,2026-09-11,2026-09-11,1,37963,"ALIBABA-CN-NET - Hangzhou Alibaba Advertising Co.,Ltd., CN",SG,
8.208.94.253,ip,ssh-probe,low,20,expired,2026-09-11,2026-09-11,1,45102,"ALIBABA-CN-NET - Alibaba (US) Technology Co., Ltd., CN",SG,
8.209.202.188,ip,ssh-probe,low,20,expired,2026-09-12,2026-09-12,1,45102,"ALIBABA-CN-NET - Alibaba (US) Technology Co., Ltd., CN",SG,
8.209.68.49,ip,http-scan,low,30,stale,2026-10-02,2026-10-02,1,45102,"ALIBABA-CN-NET - Alibaba (US) Technology Co., Ltd., CN",SG,
8.211.157.198,ip,ssh-probe,low,20,expired,2026-09-14,2026-09-14,1,45102,"ALIBABA-CN-NET - Alibaba (US) Technology Co., Ltd., CN",SG,
8.211.166.117,ip,http-scan,low,30,expired,2026-09-25,2026-09-25,1,45102,"ALIBABA-CN-NET - Alibaba (US) Technology Co., Ltd., CN",SG,
8.211.39.61,ip,http-scan,low,30,active,2026-10-07,2026-10-07,1,45102,"ALIBABA-CN-NET - Alibaba (US) Technology Co., Ltd., CN",SG,
8.216.4.64,ip,http-scan,low,30,expired,2026-09-26,2026-09-26,1,45102,"ALIBABA-CN-NET - Alibaba (US) Technology Co., Ltd., CN",SG,
8.216.9.116,ip,http-scan,low,30,active,2026-10-04,2026-10-04,1,45102,"ALIBABA-CN-NET - Alibaba (US) Technology Co., Ltd., CN",SG,
80.66.66.68,ip,http-scan,low,30,active,2026-10-09,2026-10-09,1,209702,"SOLDATOV-AS - SOLDATOV ALEXEY VALEREVICH, KZ",RU,
80.94.92.126,ip,http-scan,low,30,expired,2026-09-16,2026-09-16,1,47890,"UNMANAGED-DEDICATED-SERVERS - UNMANAGED LTD, GB",RO,
8029111c131556abad5ea1a0b7e48e97e27ae6060cf813283759b243a5157cc2,sha256,unknown-artifact,medium,30,active,2026-10-03,2026-10-03,1,,,,
802e475c51c78c62e765ef2d1df63eb2d3d58076430ae866c142ba6eebe47fd0,sha256,unknown-artifact,medium,30,active,2026-10-09,2026-10-09,1,,,,
8031d58dbc2870250d46a539aba20395d22193226a4027ee3e5e5e37fca36b1a,sha256,unknown-artifact,medium,30,active,2026-09-26,2026-09-26,1,,,,
8033c8da5299a89ea5785219dcd43190b90a4a84e7ee05569d911cd9112aa76e,sha256,unknown-artifact,medium,30,active,2026-09-25,2026-09-25,1,,,,
803a49e1b266bdea3d82de730a431600c45224810ab680257d1d557f12afcfd0,sha256,unknown-artifact,medium,30,active,2026-10-04,2026-10-04,1,,,,
804696e2049f87874704ac7a2f8fd7c246d87a0f972222cb50a795b2d9113929,sha256,unknown-artifact,medium,30,active,2026-09-27,2026-09-27,1,,,,
8050b3a029e9fcd7338f6dbb2bee76f0663dd213fd81a14be59eb1da99aeb5f2,sha256,unknown-artifact,medium,30,active,2026-10-09,2026-10-09,1,,,,
805179b25caeb35c23281b4ca4819ccdd1d9519940cdcd9f7d96efeba440c38f,sha256,unknown-artifact,medium,30,active,2026-09-15,2026-09-15,1,,,,
8053cabd23e52503e78a7c536f6bd8011ef3459a1caefbc10377629fbf986379,sha256,unknown-artifact,medium,30,active,2026-09-14,2026-09-14,1,,,,
8056fa129ec20446a61e706bdd2dce83495b9c9e053e7bd7b6b0dcf9f7de78db,sha256,unknown-artifact,medium,30,active,2026-09-16,2026-09-16,1,,,,
805977e9cd1255af5e555e69cc164ee5dead2494e650d6a1be2900af98436e8f,sha256,unknown-artifact,medium,30,active,2026-10-07,2026-10-07,1,,,,
805b51ed5f0a79e4b4841bd4559a04caf888872819cfe0f434e1a813d35c29f2,sha256,unknown-artifact,medium,30,active,2026-09-27,2026-09-27,1,,,,
806565fcac7694032eebe18c383a2b7f000f4bbc328b78ce6380e9983a10975f,sha256,unknown-artifact,medium,30,active,2026-09-15,2026-09-15,1,,,,
8070d7385ec2439ca5d8d415c003cfde188803fc20d7f89291883a8ac4d61c9d,sha256,unknown-artifact,medium,30,active,2026-09-30,2026-09-30,1,,,,
807c3813c7366de6b843d2651041350de5321516278569b6832ba37a475b8fba,sha256,unknown-artifact,medium,30,active,2026-09-15,2026-09-15,1,,,,
8081be6492a5694b52ed947d56f0842517c0476b67646ca9067490c1aa9743fc,sha256,unknown-artifact,medium,30,active,2026-10-06,2026-10-06,1,,,,
80906e6c9fe96a2c3115d517e213f476d2316feeb1c757130e17e1f1799983e6,sha256,unknown-artifact,medium,30,active,2026-09-15,2026-09-15,1,,,,
80a3c32c1b1b1f21eef38dd1868198fb9674593835ecf163e1b30273f60a998f,sha256,unknown-artifact,medium,30,active,2026-09-27,2026-09-27,1,,,,
80af02cc04f8aff5a9008341d3ed09a9e673c9c094e306b89131a581b52ef43a,sha256,unknown-artifact,medium,30,active,2026-09-27,2026-09-27,1,,,,
80db26b5f22d70d1d4ddd979238e8a93e13ea75876324644e01a93b6c3bfc3bc,sha256,unknown-artifact,medium,30,active,2026-09-27,2026-09-27,1,,,,
80e91d08631e9f30cd2b3984d4a50a3e4277be6e064e56b06d13c8c9c1f1efca,sha256,unknown-artifact,medium,30,active,2026-09-27,2026-09-27,1,,,,
80ef4e6a88b8d94d0b5799c0315ffa5ed065f32724d11b81ba4dca090b9c9b6a,sha256,unknown-artifact,medium,30,active,2026-10-03,2026-10-03,1,,,,
80ff181ead90d4ea940350232c7d90b045e89207d45e7a989a18b82e7fb4646d,sha256,unknown-artifact,medium,30,active,2026-10-09,2026-10-09,1,,,,
81.19.216.115,ip,http-scan,low,30,stale,2026-09-30,2026-09-30,1,25369,"BANDWIDTH-AS - Hydra Communications Ltd, GB",GB,
81.19.216.119,ip,ssh-probe,low,20,expired,2026-09-12,2026-09-12,1,25369,"BANDWIDTH-AS - Hydra Communications Ltd, GB",GB,
81.19.216.124,ip,http-scan,low,30,expired,2026-09-24,2026-09-24,1,25369,"BANDWIDTH-AS - Hydra Communications Ltd, GB",GB,
81.19.216.74,ip,http-scan,low,30,expired,2026-09-26,2026-09-26,1,25369,"BANDWIDTH-AS - Hydra Communications Ltd, GB",GB,
81.19.216.75,ip,ssh-probe,low,20,expired,2026-09-26,2026-09-26,1,25369,"BANDWIDTH-AS - Hydra Communications Ltd, GB",GB,
81.19.216.81,ip,http-scan,low,30,expired,2026-09-24,2026-09-24,1,25369,"BANDWIDTH-AS - Hydra Communications Ltd, GB",GB,
81.19.216.91,ip,http-scan,low,30,stale,2026-10-01,2026-10-01,1,25369,"BANDWIDTH-AS - Hydra Communications Ltd, GB",GB,
81.19.219.220,ip,ssh-probe,low,20,expired,2026-09-14,2026-09-14,1,25369,"BANDWIDTH-AS - Hydra Communications Ltd, GB",GB,
812076e1fdd99e83ad91f8f8692ea07868f2cbd02c8e8cba72f1205333e383a9,sha256,unknown-artifact,medium,30,active,2026-09-15,2026-09-15,1,,,,
81390bc4f16446fe3983e6be68da8ab4e840fd2ccd18192f4996efe1a9ef612b,sha256,unknown-artifact,medium,30,active,2026-09-15,2026-09-15,1,,,,
813b50efb882e1826b2a985c0dd8457d81b776deff5971c5dd2f751b5d5a5df7,sha256,unknown-artifact,medium,30,active,2026-10-04,2026-10-04,1,,,,
81426b942e7e81bbf189f25d88f61a3c6ea237140aa865925ed840ee33955d3a,sha256,unknown-artifact,medium,30,active,2026-09-29,2026-09-29,1,,,,
815565487055b2e4a98a5f99a8f4adeb1163a8a88982773ad2af38f7620c86a6,sha256,unknown-artifact,medium,30,active,2026-10-04,2026-10-04,1,,,,
8158a8f2a1467fff24f03bb0cd8268449c3f8047852137b6b5469ebe9353c259,sha256,unknown-artifact,medium,30,active,2026-09-27,2026-09-27,1,,,,
815ec80f08d1ae0c74225e8108237e4bb7d27820ee38562850b3a360c4286f16,sha256,unknown-artifact,medium,30,active,2026-09-25,2026-09-25,1,,,,
8165e34d6c4dd8dd28e4e7af467500de59c41d9bab714ceb446aff99568fc80a,sha256,unknown-artifact,medium,30,active,2026-10-09,2026-10-09,1,,,,
816fe9a1a86c37f86e862964e9c3d1b6e125326f405b477f46c147e8cbc80328,sha256,unknown-artifact,medium,30,active,2026-10-07,2026-10-07,1,,,,
81772555556e4b9c20c795638878b2ead2726fd6850ad6b61de210f7372b37f3,sha256,unknown-artifact,medium,30,active,2026-09-16,2026-09-16,1,,,,
8191a3e2bfe084968cda6b570190e6d9def3b99075b89515850cbfd9858b0d3b,sha256,unknown-artifact,medium,30,active,2026-10-07,2026-10-07,1,,,,
81c130c656d52acaf7b71dd840fe10bcdb50342a5a21fc98401821952fb3c506,sha256,unknown-artifact,medium,30,active,2026-09-26,2026-09-26,1,,,,
81d87156d7cef957700e7c37fee7f57a8cd31f21f16d09f289938991320b796c,sha256,unknown-artifact,medium,30,active,2026-09-29,2026-09-29,1,,,,
81dfc8b7247bc7481e020473ec5eb67a0822550822e42fb38f576aa54291c39e,sha256,unknown-artifact,medium,30,active,2026-09-15,2026-09-15,1,,,,
81e2b8bdfb6a5848a7caaa1183ad803afabadf71e1f9b0cbe08905c7b893fbf3,sha256,unknown-artifact,medium,30,active,2026-09-30,2026-09-30,1,,,,
82.223.49.247,ip,http-scan,low,30,expired,2026-09-15,2026-09-15,1,8560,"IONOS-AS - IONOS SE, DE",ES,
8208d6427b5b4a5fdab9f75a0b3982949f39d4e2fe3b245cd58170ff06ae9889,sha256,unknown-artifact,medium,30,active,2026-09-25,2026-09-25,1,,,,
821b3fabbda369d61fcfe8b9b2b88c3457b62fae0f3c28cd57e8f3b46c38a73c,sha256,unknown-artifact,medium,30,active,2026-09-15,2026-09-15,1,,,,
822e4341dadf62112830982e731667564b8c1a0194e44664ce170fe6b55a5ca5,sha256,unknown-artifact,medium,30,active,2026-10-03,2026-10-03,1,,,,
823650b7e5e4169d54f6c41439c3a72efa8f07095b660541f3b599b36a1d535e,sha256,unknown-artifact,medium,30,active,2026-09-22,2026-09-22,1,,,,
8243c87c9f5a0a6d86f966d48cc104fcb2b822e257584cbb480a686ec82fbdca,sha256,unknown-artifact,medium,30,active,2026-09-30,2026-09-30,1,,,,
825e95380485f10091ccac248001845ba7abf40834599ac9a8041a0704e05213,sha256,unknown-artifact,medium,30,active,2026-09-29,2026-09-29,1,,,,
826a375cfa996ce3929f57120aaf22641e1db3d5185eb4535ba2dda24f60d4ad,sha256,unknown-artifact,medium,30,active,2026-09-15,2026-09-15,1,,,,
8282c50b4cefe15ed88897f01ac1d20ac402bbf9b849cf73744606eed3efe671,sha256,unknown-artifact,medium,30,active,2026-09-16,2026-09-16,1,,,,
82bf3072ef7ea99d8d30e049406e7e895d93c5c53f158b54b552fe2b7d538546,sha256,unknown-artifact,medium,30,active,2026-10-03,2026-10-03,1,,,,
82c4fa432a129da02456766723d1c7d418ff32f4e1ff4b3ec199d33c362b1b30,sha256,unknown-artifact,medium,30,active,2026-10-04,2026-10-04,1,,,,
82c61a2054fbe1b9671d0b8aa433863db97fae10da9a1b15abed811ea6f5445c,sha256,unknown-artifact,medium,30,active,2026-09-27,2026-09-27,1,,,,
82d20abe12d6079b00c2e08556aff271b9102d9ba7d029aa3bd50e6b87d647b7,sha256,unknown-artifact,medium,30,active,2026-09-30,2026-09-30,1,,,,
82ef2e00800c82d258a77ece482d1789d4a7d0fa1985c5338ef0be43513e1769,sha256,unknown-artifact,medium,30,active,2026-10-10,2026-10-10,1,,,,
83.136.176.11,ip,ssh-probe,low,20,expired,2026-09-11,2026-09-11,1,209581,"GUARICO-AS - Xarxes Esteses de Comunicacions SL, ES",ES,
8302d657c8b1b43f301282b9ac170dbd2337277c5643dc0d028106c675514d68,sha256,unknown-artifact,medium,30,active,2026-10-04,2026-10-04,1,,,,
830b4e9a064df2839424ad5c3a65d37cff282f22cd548748ed5349068986f67e,sha256,unknown-artifact,medium,30,active,2026-10-04,2026-10-04,1,,,,
830c1b1616cfcbe7defd5dd8526a7dc4a10e221accfad744fd26aa6074358bd3,sha256,unknown-artifact,medium,30,active,2026-09-27,2026-09-27,1,,,,
830ed0d0dbf5e909f3cf84e5ea02ad30ca0d27aef4c06a55864948660a48a619,sha256,unknown-artifact,medium,30,active,2026-09-23,2026-09-23,1,,,,
8321f8d829fac14d04832dfab4f02ded1a92d235b907e6ca6c2dddeea97e4b19,sha256,unknown-artifact,medium,30,active,2026-10-09,2026-10-09,1,,,,
83304d1598e1d1864237808b8e4a4ab6c6784b7f57282cc3e296615e2f4d4122,sha256,unknown-artifact,medium,30,active,2026-10-04,2026-10-04,1,,,,
834f8ed59d72203744eb21d300a29311ba5efbbe324205ba611fc7b344c34f22,sha256,unknown-artifact,medium,30,active,2026-09-30,2026-09-30,1,,,,
835631bb67ad985456795595203aa34e27c6c8dbe84bcb742e7ec8082201f167,sha256,unknown-artifact,medium,30,active,2026-09-27,2026-09-27,1,,,,
8366c9690c829327cad1649eb91c9b62541c8585112d322584a52e9a10285960,sha256,unknown-artifact,medium,30,active,2026-09-27,2026-09-27,1,,,,
8372f421d4ce205066f38fc662c0eea94551a038ae498045feca0bca6c0b8ca0,sha256,unknown-artifact,medium,30,active,2026-09-23,2026-09-23,1,,,,
837ead20878834ef70cf3bc11e840762af974953944e9312268618c43c2fa612,sha256,unknown-artifact,medium,30,active,2026-09-25,2026-09-25,1,,,,
8381ef761c4ca7fdd0c7741f4e714e28ae03f53275cec984382cbc96a86f4feb,sha256,unknown-artifact,medium,30,active,2026-09-28,2026-09-28,1,,,,
838c0374216da88d8bcaa2d54a63617826099bbe515068335c3cc86b8d0f4ea3,sha256,unknown-artifact,medium,30,active,2026-09-27,2026-09-27,1,,,,
838c822f648d08527d4b0d1177d5906662a14157595ddacc8f6d3e35cbf20c54,sha256,unknown-artifact,medium,30,active,2026-10-09,2026-10-09,1,,,,
839a909bfebeb4b1ec8eb7b9b7b4f52a0d6272413030f140b51c028ce6bb6d80,sha256,unknown-artifact,medium,30,active,2026-09-15,2026-09-15,1,,,,
839c13ffaaf5ab9a841e6e9e04688137a9091bb2262bcfac33d49c95b5ebb4a6,sha256,unknown-artifact,medium,30,active,2026-09-30,2026-09-30,1,,,,
83a3077fb18aa5e3fc9127a907902abf4fbca23e00d85c984ba813b7d7dd36f1,sha256,unknown-artifact,medium,30,active,2026-09-25,2026-09-25,1,,,,
83a699544fe6fd1a9bcc7d71e8f4597c018cdd9907ba2b9359e8e0419bafc9cd,sha256,unknown-artifact,medium,30,active,2026-09-29,2026-09-29,1,,,,
83a9615fac0807e3df76137eeb837f844cb3776c57ee66e38095834d267a0ce3,sha256,unknown-artifact,medium,30,active,2026-10-07,2026-10-07,1,,,,
83aa9823e6d194e01325268d3ab4d40139b603b4770f1e2972e8ff5bf4347f0e,sha256,unknown-artifact,medium,30,active,2026-09-30,2026-09-30,1,,,,
83b13fdfeff89fb653150cff0080f7937c26d3544d527e1e5ebf507ab4f9172e,sha256,unknown-artifact,medium,30,active,2026-09-16,2026-09-16,1,,,,
83bbd81ba02cc92bf3c97602ad9f947f2a9e87d2a631e77d59cb842df2d90a9e,sha256,unknown-artifact,medium,30,active,2026-09-15,2026-09-15,1,,,,
83d7d4df18591f6a966c7999355338c625e5a2f7c9cb0c35f11d3ed9f725e022,sha256,unknown-artifact,medium,30,active,2026-09-22,2026-09-22,1,,,,
83dd8c112296c696f8beea08cd66bbfdd6ea4cad718509ae676d4a1ece343602,sha256,unknown-artifact,medium,30,active,2026-09-23,2026-09-23,1,,,,
83e8749f7c4acae3211fe99a3ba73717b041c918e96b6ceb1f89b09da250bf45,sha256,unknown-artifact,medium,30,active,2026-10-09,2026-10-09,1,,,,
83e9350cd46305b6a7f72cf8512b2b2a6ab5194de1d333b5bf8317323693b917,sha256,unknown-artifact,medium,30,active,2026-09-15,2026-09-15,1,,,,
83f4a064581a80554236e6482357e2be92d72c6d70e3c1bfad12464a1400e5a2,sha256,unknown-artifact,medium,30,active,2026-10-03,2026-10-03,1,,,,
84.200.89.7,ip,http-scan,low,30,expired,2026-09-14,2026-09-14,1,214036,"ULTAHOST-AS - Ultahost, Inc., US",DE,
84.228.12.163,ip,http-scan,low,30,stale,2026-09-30,2026-09-30,1,12400,"PARTNER-AS - Partner Communications Ltd., IL",IL,
84075031f270bbbec9a2ea983acd8bbc590b402da4494d7ee56b95848aca0f19,sha256,unknown-artifact,medium,30,active,2026-09-27,2026-09-27,1,,,,
8428e9f75adaff6e34766da1d07847d0ac49b444bbda288edcfd165f6be1ffb3,sha256,unknown-artifact,medium,30,active,2026-09-15,2026-09-15,1,,,,
8435e19483afbb8b5ba88ba380aa4ba82a54b5a6197e88b303b2394c89ee4124,sha256,unknown-artifact,medium,30,active,2026-09-27,2026-09-27,1,,,,
8444fd1bdd14c588a93af5bea79e8939baa5342e8eba8480ab83c2f93970b76c,sha256,unknown-artifact,medium,30,active,2026-10-09,2026-10-09,1,,,,
8447456a74810601f6a5c8d6ac7265528e87263ef0aec8464e3c864d7738cb3b,sha256,unknown-artifact,medium,30,active,2026-09-29,2026-09-29,1,,,,
84521e744e85e7fd9d51103e02e797ec6afe7e161e50aef27b658774c294a272,sha256,unknown-artifact,medium,30,active,2026-09-23,2026-09-23,1,,,,
846b3e897f612cb3fbcb2a91ea9b26dee7493bf4f679861dadb0d22ad9d0c662,sha256,unknown-artifact,medium,30,active,2026-09-30,2026-09-30,1,,,,
84717686b4a4f77df937d4ce168c007c7fac0b10c93d4f070e582aa7f9d6bcfc,sha256,unknown-artifact,medium,30,active,2026-09-27,2026-09-27,1,,,,
847f5aaa1920d6cf1554831121034a143a57839c9cfb65f493bfb2ae09bf6cbc,sha256,unknown-artifact,medium,30,active,2026-10-07,2026-10-07,1,,,,
84930218482bfc5f158179b0f85c67e7e94b851f422e3414e7c0f26e662a5636,sha256,unknown-artifact,medium,30,active,2026-09-23,2026-09-23,1,,,,
84a019f96f5042f63125e19d8b4ccd0b6abcfbff6bb0b61b0d7b84b486942c2b,sha256,unknown-artifact,medium,30,active,2026-09-15,2026-09-15,1,,,,
84b44c535c2c7fb7c4ad2b004d4d574b8eb38523b78bcacaccf43b6db430e447,sha256,unknown-artifact,medium,30,active,2026-09-30,2026-09-30,1,,,,
84c00bf6e48d1d39598d605a1e926dc5e944ca4230d331f4e95d50ca2c9e06d1,sha256,unknown-artifact,medium,30,active,2026-09-28,2026-09-28,1,,,,
84c3228eb0660f7211d95b02c4c7d4d2ff3acdbab4c5fc36e55b3062315b760b,sha256,unknown-artifact,medium,30,active,2026-09-27,2026-09-27,1,,,,
84d187ee8e89217881260b86954f645a3ade5a8ceab1f90a1fcb3b3ac14a271e,sha256,unknown-artifact,medium,30,active,2026-09-30,2026-09-30,1,,,,
84d61751bf9f1de76c737f7d3fd9584c1e25d697f01cca0c3641b5ec7ee6ec6a,sha256,unknown-artifact,medium,30,active,2026-10-04,2026-10-04,1,,,,
84d7e48b0a6f0487b818a6a0f48bd01044c0880c51439892d0150ae6ca2168e8,sha256,unknown-artifact,medium,30,active,2026-10-04,2026-10-04,1,,,,
84d82264442691cf62265c09d538b36b04cb21f5d8bc6926d413d5dc63638da8,sha256,unknown-artifact,medium,30,active,2026-09-30,2026-09-30,1,,,,
84da4bb9e3b11b875f16fb9ba94de781ab0a6d0c29cfa25d238cec8d2d5eeef3,sha256,unknown-artifact,medium,30,active,2026-09-15,2026-09-15,1,,,,
84e6d99db5bc3c3dcc054b25d61970429682d70b962707e06306448998a1ddb3,sha256,unknown-artifact,medium,30,active,2026-09-15,2026-09-15,1,,,,
84edb50fd9b1e21dc1a19cf926c9e57bb59844d891ce9fa6af7c1325669c6bbe,sha256,unknown-artifact,medium,30,active,2026-10-04,2026-10-04,1,,,,
84fbb03ad8e8b9b53923cc9582afa731c6559e4ed60f5e18c136ae5653564739,sha256,unknown-artifact,medium,30,active,2026-10-04,2026-10-04,1,,,,
84ff6d9288a81060fb21ec97e8cf0133ca9a32d8cbd94bd139182ac99a7ba909,sha256,unknown-artifact,medium,30,active,2026-09-29,2026-09-29,1,,,,
85.13.90.222,ip,ssh-probe,low,20,expired,2026-09-27,2026-09-27,1,25512,"CDT-AS - CD-Telematika a.s., CZ",CZ,
85.209.84.248,ip,http-scan,low,30,stale,2026-10-02,2026-10-02,1,64236,"UNREAL-SERVERS - UnReal Servers, LLC, US",CA,
85.214.56.232,ip,ssh-probe,low,20,expired,2026-09-27,2026-09-27,1,6724,"STRATO - Strato GmbH, DE",DE,
85.217.149.17,ip,ssh-probe,low,20,stale,2026-10-07,2026-10-07,1,209334,"MODAT-01 - Modat B.V., NL",NL,
85.217.149.25,ip,ssh-probe,low,20,expired,2026-09-12,2026-09-12,1,209334,"MODAT-01 - Modat B.V., NL",NL,
85.217.149.35,ip,ssh-probe,low,20,expired,2026-09-14,2026-09-14,1,209334,"MODAT-01 - Modat B.V., NL",NL,
85.217.149.57,ip,ssh-probe,low,20,expired,2026-09-14,2026-09-14,1,209334,"MODAT-01 - Modat B.V., NL",NL,
85.217.149.8,ip,ssh-probe,low,20,expired,2026-09-12,2026-09-12,1,209334,"MODAT-01 - Modat B.V., NL",NL,
85.217.149.9,ip,ssh-probe,low,20,expired,2026-09-10,2026-09-10,1,209334,"MODAT-01 - Modat B.V., NL",NL,
85082c794d7b4dee7cc5cde978603bdd8922aa0f2eeffbf0ad13de8a83b19093,sha256,unknown-artifact,medium,30,active,2026-10-10,2026-10-10,1,,,,
852d704264f1078107bd593e261b79c7f5f3b53243be2f3b26f9189c7b8cbf75,sha256,unknown-artifact,medium,30,active,2026-10-04,2026-10-04,1,,,,
854d7940ceae7a07c2234e0d5891c58024fa4385ad6a25d157ebfe4c0967fe88,sha256,unknown-artifact,medium,30,active,2026-09-30,2026-09-30,1,,,,
855541b77b41974a1b6a8018f40f2dacd606dede9254b32586521087b177645d,sha256,unknown-artifact,medium,30,active,2026-10-04,2026-10-04,1,,,,
855619866645e7b7cef141c29afc1074333c4aa51f3844019b7a0412a68809a9,sha256,unknown-artifact,medium,30,active,2026-09-23,2026-09-23,1,,,,
855efe461a3cc1789304f2e333a4081a69923e63ce1630a728c96e0129e45aee,sha256,unknown-artifact,medium,30,active,2026-09-25,2026-09-25,1,,,,
8573b7d8f988627f884b29b80b6c6e1768a7b30a8574b02870e012f5c716a24c,sha256,unknown-artifact,medium,30,active,2026-09-26,2026-09-26,1,,,,
857eca44a36b3cb3586bcef897a2ab76ac1755d3785399cfd1edaf856dd4efb6,sha256,unknown-artifact,medium,30,active,2026-10-03,2026-10-03,1,,,,
8582a73bfb457526c8a8c23ca12a285ffcb58005e02600f1048afe779a271bcf,sha256,unknown-artifact,medium,30,active,2026-10-03,2026-10-03,1,,,,
85a2c1c7618574ee763da59b6e0f3f5c39a16add36c90aaf86f0ef99e76d87a7,sha256,unknown-artifact,medium,30,active,2026-09-30,2026-09-30,1,,,,
85b6067f14c8edd822372b0641985e2372275cbdaaec070c0b822010a0f37d2a,sha256,unknown-artifact,medium,30,active,2026-10-04,2026-10-04,1,,,,
85b72cd12d8022c412cd127083d6933b676b2208e143ca1fa1a96ad8af8db854,sha256,unknown-artifact,medium,30,active,2026-09-28,2026-09-28,1,,,,
85ba4e767e57a8a6ab6df89beef1caae74c8b8630d1da3610d897978b546c1b5,sha256,unknown-artifact,medium,30,active,2026-09-15,2026-09-15,1,,,,
85ca1201e6ac5b73184514fd776ba25bcc26b1516e0906845d719c4d7fe429b7,sha256,unknown-artifact,medium,30,active,2026-10-03,2026-10-03,1,,,,
85cca3e9731b91bdbc1f066e2325fbdd58c982ac51f8c9f4a9a77e560ef4e2ed,sha256,unknown-artifact,medium,30,active,2026-10-09,2026-10-09,1,,,,
85da943ae5a23eaa0fe8d4a15c04353ef2ef0dbaf16f6c76ec9c77bbfa614690,sha256,unknown-artifact,medium,30,active,2026-09-15,2026-09-15,1,,,,
85ef48249c0c7c4db74c055a1c44bcc92de9b91797f2b257ad5eee3fe6334ce1,sha256,unknown-artifact,medium,30,active,2026-09-22,2026-09-22,1,,,,
85f32d69a8b2d6444924f4a35f643fd475464b3719fbec9abe4f552ae4a8db7e,sha256,unknown-artifact,medium,30,active,2026-10-06,2026-10-06,1,,,,
85f658cac5039474785941761dbc84f6e7d5300d843b6c6c1b4abb0540be4d83,sha256,unknown-artifact,medium,30,active,2026-09-15,2026-09-15,1,,,,
85f8c01adb408cd0b9ff512bec7696ade49881a261009deb87c93f4985710360,sha256,unknown-artifact,medium,30,active,2026-10-04,2026-10-04,1,,,,
86052a9d9fc48738bf314815a8da2627c76fabe670a26073218138e1fc238852,sha256,unknown-artifact,medium,30,active,2026-09-28,2026-09-28,1,,,,
860a7dd2accdf915e8d369d05a5b8968b9ccef70cc990d40e3c12b4c98fbb838,sha256,unknown-artifact,medium,30,active,2026-09-15,2026-09-15,1,,,,
860b8db7690703665c15a4a795d49432bc420d511dbf605a499ff6b0704bca71,sha256,unknown-artifact,medium,30,active,2026-09-27,2026-09-27,1,,,,
860c0c7e19cf51c8b2518cc8ceecd7f4c532604e2b9a4dfa96626a0248f92f98,sha256,unknown-artifact,medium,30,active,2026-09-27,2026-09-27,1,,,,
8631b2a875c77cab0ade725daff2e9df21b86b43cf76bfeeab64b9677d58ce85,sha256,unknown-artifact,medium,30,active,2026-10-03,2026-10-03,1,,,,
863901a629837e82ddf75d16bd0e4bd9eb62a61e1c40fa0512fab78b1e1f49ae,sha256,unknown-artifact,medium,30,active,2026-09-30,2026-09-30,1,,,,
863d022e8d21d8d3679c296846fd38fbc280bebb26f9bcbfbedaa6624bfbd820,sha256,unknown-artifact,medium,30,active,2026-10-09,2026-10-09,1,,,,
86483b471f41e7f1df2125191b7fe1e5c88be412cde7df0f44661b99a3762f4b,sha256,unknown-artifact,medium,30,active,2026-09-15,2026-09-15,1,,,,
86582ad426688de59d653e9577d3c4f4d3610388a05a013f998217ad9289da6a,sha256,unknown-artifact,medium,30,active,2026-09-29,2026-09-29,1,,,,
8664ca9e54900ec24dc0440333bb2008901d9a5e87f5b173e98bb3468d7bf2d4,sha256,unknown-artifact,medium,30,active,2026-10-03,2026-10-03,1,,,,
866a2c9b114ec2158f59e244751a93a3b832689b70376830b96fe68365d5b2c5,sha256,unknown-artifact,medium,30,active,2026-09-26,2026-09-26,1,,,,
866a4a379621b191fc1d732f212c7092381035a8eccde402a3fe27f7a309a516,sha256,unknown-artifact,medium,30,active,2026-10-03,2026-10-03,1,,,,
866c78055c593ae3f75047a06a841d33fe4f859afa206774081967f67bc5ac6e,sha256,unknown-artifact,medium,30,active,2026-09-16,2026-09-16,1,,,,
867eef25cd8584946cc357a4046fc8d87dd41c1f53d5f68ab7b4450e17533ad7,sha256,unknown-artifact,medium,30,active,2026-09-30,2026-09-30,1,,,,
868e052640ebaad092b74de7a64aaa713b00b724f6d5c393159acb6648c176f0,sha256,unknown-artifact,medium,30,active,2026-09-30,2026-09-30,1,,,,
869e8e0d996109919251e52e274ffa538c3ba435ea21d4b4b85efa8f43335551,sha256,unknown-artifact,medium,30,active,2026-10-09,2026-10-09,1,,,,
86a1b25da3814da54f8f9b79784d2dfcedc59662a052386abb7ac6e18e0ccd66,sha256,unknown-artifact,medium,30,active,2026-10-10,2026-10-10,1,,,,
86b685b9af720e73579c74f0ed67df4e88815a05f3726e45305a35030628121b,sha256,unknown-artifact,medium,30,active,2026-09-15,2026-09-15,1,,,,
86c6b52afabd50d810caf96f708a8c029e2f44b27370f671bee30e0120f3a58a,sha256,unknown-artifact,medium,30,active,2026-09-24,2026-09-24,1,,,,
86d34b3623242d05be5c0a9d84bf4bccf7a9a0c1455224f823ab311cf61b3c10,sha256,unknown-artifact,medium,30,active,2026-09-26,2026-09-26,1,,,,
86d50314aa81306e1824fc52779fac2f156c6de49298bdcf47a6cbe7b3e61e69,sha256,unknown-artifact,medium,30,active,2026-10-06,2026-10-06,1,,,,
86ddd54f95e210186439ca38a634c59fea81a8f77e804a5689d837914f926f34,sha256,unknown-artifact,medium,30,active,2026-10-09,2026-10-09,1,,,,
86e76c09b848a9e93148ccbaf2fc850d28210ca2165b081e66ca6caabacb30e7,sha256,unknown-artifact,medium,30,active,2026-09-15,2026-09-15,1,,,,
86edc6474a90248b1cfde92bd465b73f636d2010e515c797fa6c2b987f05f3fa,sha256,unknown-artifact,medium,30,active,2026-09-15,2026-09-15,1,,,,
86fad1321812650c2de4c5aca4faac6a92b764cbfd02ebe78ea1119000e1de40,sha256,unknown-artifact,medium,30,active,2026-09-15,2026-09-15,1,,,,
87.236.176.113,ip,http-scan,low,30,expired,2026-09-15,2026-09-15,1,211298,"DRIFTNET - Driftnet Ltd, GB",GB,
87.236.176.133,ip,http-scan,low,30,stale,2026-09-28,2026-09-28,1,211298,"DRIFTNET - Driftnet Ltd, GB",GB,
87.236.176.170,ip,http-scan,low,30,expired,2026-09-25,2026-09-25,1,211298,"DRIFTNET - Driftnet Ltd, GB",GB,
87.236.176.172,ip,http-scan,low,30,expired,2026-09-23,2026-09-23,1,211298,"DRIFTNET - Driftnet Ltd, GB",GB,
87.236.176.253,ip,http-scan,low,30,expired,2026-09-16,2026-09-16,1,211298,"DRIFTNET - Driftnet Ltd, GB",GB,
87.236.176.52,ip,http-scan,low,30,active,2026-10-04,2026-10-04,1,211298,"DRIFTNET - Driftnet Ltd, GB",GB,
87.236.176.69,ip,http-scan,low,30,stale,2026-09-28,2026-09-28,1,211298,"DRIFTNET - Driftnet Ltd, GB",GB,
87.236.176.75,ip,http-scan,low,30,expired,2026-09-15,2026-09-15,1,211298,"DRIFTNET - Driftnet Ltd, GB",GB,
87.251.64.129,ip,http-scan,low,30,active,2026-10-07,2026-10-07,1,212835,"SHESTERNIN-AS - Shesternin Vladimir Anatolievich, KZ",RU,
871019b836f390d3e69a6a9d85a8b50626761f3b68ffccfbf358c0f2939dd2f7,sha256,unknown-artifact,medium,30,active,2026-09-30,2026-09-30,1,,,,
87360d9fe0df2aeeb8bcfeab69169e1242b35ebf62f1f3e664760201b0c41bc2,sha256,unknown-artifact,medium,30,active,2026-10-09,2026-10-09,1,,,,
87428fc522803d31065e7bce3cf03fe475096631e5e07bbd7a0fde60c4cf25c7,sha256,unknown-artifact,medium,30,active,2026-10-04,2026-10-04,1,,,,
874c59aa1ca50953a7f96cf9c70d1919185cd651fee00f1c0ec846b8c9a99ef8,sha256,unknown-artifact,medium,30,active,2026-09-16,2026-09-16,1,,,,
874e0a3c4da04f0c2afdc21d64010caa6ae83e578233c8f2c31da9955b3608ff,sha256,unknown-artifact,medium,30,active,2026-10-07,2026-10-07,1,,,,
874ee4820d715393ed146289c767ffc9ba5a62a97aa23d69d5e6b82a9f623a12,sha256,unknown-artifact,medium,30,active,2026-09-28,2026-09-28,1,,,,
87592649beef2d1810736eff1b03053896e3aa29555b5381be182a405f3ec385,sha256,unknown-artifact,medium,30,active,2026-09-15,2026-09-15,1,,,,
878a3b6afa4342b4c9923ded993cf46a59e65a96498a7e92c63daa7183ae1381,sha256,unknown-artifact,medium,30,active,2026-09-15,2026-09-15,1,,,,
879f87c00b2ed3a6e087df74b1574c371bb480651ed71247ae5dbb8f68d24b6e,sha256,unknown-artifact,medium,30,active,2026-09-30,2026-09-30,1,,,,
87a8e794d382116ad5dd328852710fd26ac7bc309e392afa5555ff6cf22fff12,sha256,unknown-artifact,medium,30,active,2026-09-15,2026-09-15,1,,,,
87ad919c90aaff952130b3bd49593eeda86aed748e9d986efbe6dd82bc7a3860,sha256,unknown-artifact,medium,30,active,2026-09-28,2026-09-28,1,,,,
87b075321267a497a386412f24a73a3124fb219c2def0b8a272adfa7e577243b,sha256,unknown-artifact,medium,30,active,2026-09-16,2026-09-16,1,,,,
87c31f0142119e541e9d2f441940b1e1c700f18065cbadb57464cb03ea732228,sha256,unknown-artifact,medium,30,active,2026-09-16,2026-09-16,1,,,,
87c6113b1292e25ce20845a49261e3a8dad707d999d07ae560a55fd955289bd7,sha256,unknown-artifact,medium,30,active,2026-10-03,2026-10-03,1,,,,
87c809382fe6d80bd439e3efa431201191e091da0e87610afff5dc1f3a7cb761,sha256,unknown-artifact,medium,30,active,2026-09-30,2026-09-30,1,,,,
87ccfb5418cbfba60b01a71d10848f96b89db885cc0374fbad8a4cb098a00724,sha256,unknown-artifact,medium,30,active,2026-09-26,2026-09-26,1,,,,
87da69485563e08db02a33dcf68bed58582063adcd3bac2288684e24d1d562bb,sha256,unknown-artifact,medium,30,active,2026-09-25,2026-09-25,1,,,,
87e784784d44e17a039315dc1b143058b1bafc04cdf872d76c32258fcb566cf2,sha256,unknown-artifact,medium,30,active,2026-09-15,2026-09-15,1,,,,
87eb12ba8eb427958e6412fa95ff20968e557ac3e9f7872b3e0d97e9cf45451e,sha256,unknown-artifact,medium,30,active,2026-09-25,2026-09-25,1,,,,
87f4ec1d772a74586937f554a3f650237b9431611af24afe83f70658058a2fc4,sha256,unknown-artifact,medium,30,active,2026-09-26,2026-09-26,1,,,,
87f54bd17f6d0c3b742af09d365d61d17bdaab020aaa31015235c196a8f50e25,sha256,unknown-artifact,medium,30,active,2026-09-23,2026-09-23,1,,,,
87f9ad65f770ee7e8f610fdb679b56a10e364d41a739f39814fc7edd6f18ebf2,sha256,unknown-artifact,medium,30,active,2026-10-07,2026-10-07,1,,,,
88.207.55.134,ip,ssh-probe,low,20,active,2026-10-10,2026-10-10,1,31012,"DCM-AS - A1 Hrvatska d.o.o., HR",HR,
88.230.199.42,ip,ssh-probe,low,20,expired,2026-09-10,2026-09-10,1,9121,"TTNet - Turk Telekomunikasyon Anonim Sirketi, TR",TR,
880d35f59970fffc6ebb3cba0713a51409ddfd51c3775d33c2a692ab56a10e6c,sha256,unknown-artifact,medium,30,active,2026-09-28,2026-09-28,1,,,,
8827bc20c501a8b240a93ddd7d227b55c46cf3e225a7a0bf3d5f2c8567630df3,sha256,unknown-artifact,medium,30,active,2026-09-27,2026-09-27,1,,,,
882ef232bfc8ac175047e9456b34cbd3af9b2cff5b4236fd0c944545a99f2edc,sha256,unknown-artifact,medium,30,active,2026-09-15,2026-09-15,1,,,,
88342eeb3e676402a98daf7b90c3f6573acea37ee60367f4a747c3da12da555a,sha256,unknown-artifact,medium,30,active,2026-09-25,2026-09-25,1,,,,
883921794d8cf5d1df7f623030cfdb4844b5c908fa4dd4527de8ea200c585c03,sha256,unknown-artifact,medium,30,active,2026-10-03,2026-10-03,1,,,,
8854fa2a1a55fef99d1aa72fa33bcd932405f677e55dafee81af8bc364783b99,sha256,unknown-artifact,medium,30,active,2026-09-28,2026-09-28,1,,,,
886a641a3d095958549a73c8320767c29333c0637a7ad81c5844584166ef9e97,sha256,unknown-artifact,medium,30,active,2026-09-30,2026-09-30,1,,,,
8877f1bb0ab2274d188f56a2e5891acde7910b2352bac4630868206ec4ecd158,sha256,unknown-artifact,medium,30,active,2026-09-27,2026-09-27,1,,,,
88907810acc7a60853c49a3803efb03a8bae9f1f575b4a4de68b4bd4e3b60ccf,sha256,unknown-artifact,medium,30,active,2026-10-10,2026-10-10,1,,,,
889a5337a1bb7ec17148c6c34332bd2575bbdea007caaceafe0faef94b35170b,sha256,unknown-artifact,medium,30,active,2026-09-15,2026-09-15,1,,,,
88af3dc422ce0e517902fb16621b0569b2e7a600ddb97304f3f69e9e9f0fafea,sha256,unknown-artifact,medium,30,active,2026-10-09,2026-10-09,1,,,,
88b35c6e1f15b7819901b6d7ab4f41acc8cac1791af09f32142b7a0de9c3d8ce,sha256,unknown-artifact,medium,30,active,2026-10-07,2026-10-07,1,,,,
88bd3286b64fc50af1857bb6ca18a8ed5d9ce8acf5374522f0108287b090e42a,sha256,unknown-artifact,medium,30,active,2026-09-30,2026-09-30,1,,,,
88e287b1d0c477ac1ef9a1915c545cee72a43971571ecee2e8fd49ee4a695cab,sha256,unknown-artifact,medium,30,active,2026-09-27,2026-09-27,1,,,,
88e8f2b3e1f4b304a9314f10f30a338b32255a20afc07636e917c5bfd6abcdab,sha256,unknown-artifact,medium,30,active,2026-09-27,2026-09-27,1,,,,
88f04a703a83e9d520c4f528e90e97a2b76da4013c79fea5b1e056c1d15e30b9,sha256,unknown-artifact,medium,30,active,2026-10-03,2026-10-03,1,,,,
88f8787d125f29ca4ccdf6d0800104777f7753adfa712091582885f7dd5b40af,sha256,unknown-artifact,medium,30,active,2026-09-26,2026-09-26,1,,,,
89.1.218.65,ip,ssh-probe,low,20,expired,2026-09-11,2026-09-11,1,8422,"NETCOLOGNE - NetCologne Gesellschaft fur Telekommunikation mbH, DE",DE,
89.117.44.19,ip,http-scan,low,30,stale,2026-09-30,2026-09-30,1,209854,"Cyberzonehub - Cyberzone S.A., PA",LT,
89.21.67.141,ip,http-scan,low,30,expired,2026-09-24,2026-09-24,1,25369,"BANDWIDTH-AS - Hydra Communications Ltd, GB",GB,
89.21.67.155,ip,http-scan,low,30,stale,2026-09-30,2026-09-30,1,25369,"BANDWIDTH-AS - Hydra Communications Ltd, GB",GB,
89.21.67.170,ip,http-scan,low,30,stale,2026-10-01,2026-10-01,1,25369,"BANDWIDTH-AS - Hydra Communications Ltd, GB",GB,
89.21.67.177,ip,http-scan,low,30,expired,2026-09-26,2026-09-26,1,25369,"BANDWIDTH-AS - Hydra Communications Ltd, GB",GB,
89.21.67.180,ip,http-scan,low,30,expired,2026-09-24,2026-09-24,1,25369,"BANDWIDTH-AS - Hydra Communications Ltd, GB",GB,
89.21.67.184,ip,http-scan,low,30,expired,2026-09-26,2026-09-26,1,25369,"BANDWIDTH-AS - Hydra Communications Ltd, GB",GB,
89.39.155.177,ip,ssh-probe,low,20,active,2026-10-08,2026-10-08,1,34977,"PROCONO-AS - PROCONO S.A., ES",ES,
89.93.158.126,ip,ssh-probe,low,20,expired,2026-09-14,2026-09-14,1,5410,"BOUYGTEL-ISP - Bouygues Telecom SA, FR",FR,
89011880c9fb60a5252dcbf36608cce03603fd821c84c0ad0d86f318958c6987,sha256,unknown-artifact,medium,30,active,2026-09-15,2026-09-15,1,,,,
890d0188cd3d661dd20133849ae9f9a0e753d7182125ce07ab61beb584ad4a2f,sha256,unknown-artifact,medium,30,active,2026-09-24,2026-09-24,1,,,,
891824dab161b5d19e4cd99f3a216624f44629ecf8540126f9b122e4691544b2,sha256,unknown-artifact,medium,30,active,2026-10-04,2026-10-04,1,,,,
8930e33080b4f685c45dfeecd3b09482cce173b4a8964d62792690745baf08c2,sha256,unknown-artifact,medium,30,active,2026-09-27,2026-09-27,1,,,,
894912bf6475273fca3b2eb4e76a8ce6995268bcf5f33a57603f64a1ab7fde9e,sha256,unknown-artifact,medium,30,active,2026-09-24,2026-09-24,1,,,,
89562f2fcec310b75fbaa9dc866c56690b5a767af2f028c669cbc01b32ce8833,sha256,unknown-artifact,medium,30,active,2026-09-26,2026-09-26,1,,,,
8958f715148986e107379c8c843e3ade6e26877e27b9be43f86a4ee3f6bcedfb,sha256,unknown-artifact,medium,30,active,2026-10-07,2026-10-07,1,,,,
8960a1ed00a0907b8b7f37ba033105aebab9664bf1b6ac793633b54ff9d67c99,sha256,unknown-artifact,medium,30,active,2026-09-16,2026-09-16,1,,,,
8982b0e36eb1bacbb400dea0997b13cce756d7a48dbe0b05c560a13c1973afd0,sha256,unknown-artifact,medium,30,active,2026-09-25,2026-09-25,1,,,,
898741416be30bc3f12acd2de8a874109dda898603368da8f37eb54186e75370,sha256,unknown-artifact,medium,30,active,2026-09-15,2026-09-15,1,,,,
89918508c564b287649901fa8c70483ddffa1f981b53a79844ff1e3a7dac05a9,sha256,unknown-artifact,medium,30,active,2026-09-30,2026-09-30,1,,,,
89920b45202b4586da0d74c0997ec707edc73d15fe33f68e9d11783781911676,sha256,unknown-artifact,medium,30,active,2026-10-04,2026-10-04,1,,,,
89caa397904d71485360eb5dd4398f0071074b6f8ef94b65f3bb104b9fd9cc7f,sha256,unknown-artifact,medium,30,active,2026-09-27,2026-09-27,1,,,,
89e252cc1d3d634873981d481f7c25e2de67d74bdda36fd92bcef12741b62bdc,sha256,unknown-artifact,medium,30,active,2026-09-16,2026-09-16,1,,,,
89edb0507d6cc37a62547ea8c6c53b6c97bbd739171ec566c2d0b60175a0aae9,sha256,unknown-artifact,medium,30,active,2026-09-30,2026-09-30,1,,,,
89fadfe1703d9fb37f29265d40d7381b4364f72582e206e74bf8ae71e694fb87,sha256,unknown-artifact,medium,30,active,2026-09-15,2026-09-15,1,,,,
8a0c010d1e10442da2510f56367a78c3a247cdd99ffc5bc67dde865e2c02c602,sha256,unknown-artifact,medium,30,active,2026-10-07,2026-10-07,1,,,,
8a1c329de608ad14e47a7a293d1830e3042eb199ed7f6386c5e20c0c02cdfbdd,sha256,unknown-artifact,medium,30,active,2026-09-30,2026-09-30,1,,,,
8a1c932059c8857c59bce2649ebf521a78a28354be283b992aa6220a0e651611,sha256,unknown-artifact,medium,30,active,2026-09-30,2026-09-30,1,,,,
8a24650135c32054e4ed054d29be667c70885623dd8781dbcf6df1f01d2d5047,sha256,unknown-artifact,medium,30,active,2026-10-07,2026-10-07,1,,,,
8a2f7d313bd402a05d6dc0524e7eb5e2652f53fc3f2377695a147baf5294f775,sha256,unknown-artifact,medium,30,active,2026-09-26,2026-09-26,1,,,,
8a309a9d5684e4d314168d700f4ddf8afa40c5e0af8d6ee73ca3af2718704a76,sha256,unknown-artifact,medium,30,active,2026-10-03,2026-10-03,1,,,,
8a32c6a898cbaa602ed003193754981a4448f9b0b12e618c2e7b39e946852e20,sha256,unknown-artifact,medium,30,active,2026-10-10,2026-10-10,1,,,,
8a391acee1f3d715f451d6a00846b35d8d5569ccd809de035945466aee0f14f0,sha256,unknown-artifact,medium,30,active,2026-09-29,2026-09-29,1,,,,
8a3c8f62d3f8f1a6b4ab4d7815e1cba31c77d50130241246891d986f5d944aa5,sha256,unknown-artifact,medium,30,active,2026-10-03,2026-10-03,1,,,,
8a40171a299b4035c8a0ce09a26d6d82c10e9de6602d71d23545bcb9d89ad4ac,sha256,unknown-artifact,medium,30,active,2026-09-25,2026-09-25,1,,,,
8a61a8ed59e1c972b151c1b161a544370c15f519658a1d8fc2733c53a5da7b9a,sha256,unknown-artifact,medium,30,active,2026-09-15,2026-09-15,1,,,,
8a68d1c08ea31250063f70b1ccb5051db1f7ab6e17d46e9dd3cc292b9849878b,sha256,unknown-artifact,medium,30,active,2026-09-22,2026-09-22,1,,,,
8a6bce313f4e7b06b3c5faad46f6c948355eec3e63c5018507fdf11511847fa8,sha256,unknown-artifact,medium,30,active,2026-10-04,2026-10-04,1,,,,
8a711f7d707e16da32ea34176b18bf5a636ccf926085680190d9f97fbbf592ea,sha256,unknown-artifact,medium,30,active,2026-10-03,2026-10-03,1,,,,
8a86638e7c9037b0706be2ecbdc5a3f9e0f3482de3c2260bf09bd33a191f67a2,sha256,unknown-artifact,medium,30,active,2026-09-30,2026-09-30,1,,,,
8a8753f0ddeb256fd196826378f3e3e3a73c5c59aed070dcde1320a4ee5d855a,sha256,unknown-artifact,medium,30,active,2026-10-03,2026-10-03,1,,,,
8a8f60ecb09b7e64c6d5214a8043865e608507db8c3f61f995eae6d078875901,sha256,unknown-artifact,medium,30,active,2026-09-15,2026-09-15,1,,,,
8a97ae4d16d044ba570d73b462f16aaeeb9b02396bf5b31e9429d054665d4012,sha256,unknown-artifact,medium,30,active,2026-09-14,2026-09-14,1,,,,
8a9d56d07025b3d1a76bfcc9ad619361b865e79b457b246572575b0c92a1cb7a,sha256,unknown-artifact,medium,30,active,2026-09-30,2026-09-30,1,,,,
8a9f5b2cb589cc36726d6ac0fe2bc3637c68d2e10994a74694450bcce5e62230,sha256,unknown-artifact,medium,30,active,2026-09-15,2026-09-15,1,,,,
8aafa6b96c202c1ee1125a90f857661d74d7ae28e0d4bb885007bfe9c3478c88,sha256,unknown-artifact,medium,30,active,2026-10-03,2026-10-03,1,,,,
8ab320f1c6614a475d757313fc6be068776107c6ce04c2f360267f8efdf1aefb,sha256,unknown-artifact,medium,30,active,2026-09-26,2026-09-26,1,,,,
8ac032f1a800d9e57078c21d630b5ab7a337f42364cbf34bf8be223e58df8173,sha256,unknown-artifact,medium,30,active,2026-09-26,2026-09-26,1,,,,
8adbbec8c36ec7cf663ca029eb9b410ee6b4baaef43b011efa78a1a45128dca5,sha256,unknown-artifact,medium,30,active,2026-09-30,2026-09-30,1,,,,
8addfabc5d29ab6d5a115aa3601f9f46d3d84a7ab1f1d49df893eb782cad1109,sha256,unknown-artifact,medium,30,active,2026-09-27,2026-09-27,1,,,,
8af7804923ba6fa0c095efe60fcdc87eedff3855b53ab4611f918c1cec57df23,sha256,unknown-artifact,medium,30,active,2026-09-22,2026-09-22,1,,,,
8b0202b663d94b226a37f11518d57e61a05f6e479c50fdeb38193bd6960c61f6,sha256,unknown-artifact,medium,30,active,2026-09-15,2026-09-15,1,,,,
8b1440436a4ac032e158e49db270b2f06c21472120e99499a2e7f7c91c780e10,sha256,unknown-artifact,medium,30,active,2026-09-15,2026-09-15,1,,,,
8b3abd2e1a8a0cc85c2d9181b9de683e844d8ce7b81c16eb133d2cdd3577ecb5,sha256,unknown-artifact,medium,30,active,2026-09-30,2026-09-30,1,,,,
8b4a3fb1a60e6483d377838ef3b7713eb56c125877ae2547a37af9fde13eae74,sha256,unknown-artifact,medium,30,active,2026-10-09,2026-10-09,1,,,,
8b5714bbd599c85eea4474bb4a7e9035ef92fdbdea2a4c5a320f0cf78ad8d6b9,sha256,unknown-artifact,medium,30,active,2026-10-03,2026-10-03,1,,,,
8b64f5156fc6839c1cb41cf1ed52fa5c9644f7d90ca87d23b7d0847e217ba87e,sha256,unknown-artifact,medium,30,active,2026-10-03,2026-10-03,1,,,,
8b71c63b6b9fe5a29ca63c7e3d2efa028031bb8c3338074190e0e49fcb4eedc6,sha256,unknown-artifact,medium,30,active,2026-10-03,2026-10-03,1,,,,
8b75ada05596cb6646563a04337dd1d3bacfc0f669e902d0f884bb1f63b13c83,sha256,unknown-artifact,medium,30,active,2026-10-03,2026-10-03,1,,,,
8b845d70453f7acd364a2fd667104c34b2a5c5e24f1fe1602b515da43fc97309,sha256,unknown-artifact,medium,30,active,2026-10-04,2026-10-04,1,,,,
8b8d556aafa37c94119e3da9353211b40abc48dafa123d3b0967fe3e169ca122,sha256,unknown-artifact,medium,30,active,2026-09-15,2026-09-15,1,,,,
8b911a8716b94442f9ca3dff20584048536e4c2f47b8b5bb9096cbd43c3432d5,sha256,unknown-artifact,medium,30,active,2026-09-15,2026-09-15,1,,,,
8bb4fea191a9434aa0f65ba903b947b5073856408e0eab9a98f072edd51d9275,sha256,unknown-artifact,medium,30,active,2026-10-03,2026-10-03,1,,,,
8bb66893557552fcdcd057f395a1ccbe53bd486be2fd7912a56553213348a2e4,sha256,unknown-artifact,medium,30,active,2026-09-23,2026-09-23,1,,,,
8bc1782acaba01801cd07e67e04ef5ee4e98f78b458c595bd1e81f5b8778eca0,sha256,unknown-artifact,medium,30,active,2026-10-09,2026-10-09,1,,,,
8bd372e3ea99c7617f31bda4d9864bac6fcc7d784b3b8b0b538ae4a4b7680fff,sha256,unknown-artifact,medium,30,active,2026-09-15,2026-09-15,1,,,,
8bd456e3db8447b634412c93d95e78878e6df8af728a69f3911c3f9759f99425,sha256,unknown-artifact,medium,30,active,2026-09-15,2026-09-15,1,,,,
8bd8acaf127ba1e31d870e6b06c1e008d21794e64fc85c73fad5996c69c1424f,sha256,unknown-artifact,medium,30,active,2026-09-30,2026-09-30,1,,,,
8be81b12ca64e20f6436e197c079499265617e09ad289d20bb39afddf1f1e222,sha256,unknown-artifact,medium,30,active,2026-09-15,2026-09-15,1,,,,
8bed0262d66e40eaf1a01fcfa2cd1f3bc38ab9ddbf3a32cde61293c492a03aca,sha256,unknown-artifact,medium,30,active,2026-09-15,2026-09-15,1,,,,
8c17ad317369ab73d2054225906258c1cc6afccc19ba64d306332ab24fbc70e6,sha256,unknown-artifact,medium,30,active,2026-10-09,2026-10-09,1,,,,
8c2ef2a870f40c6bec246fb61b160ce91d475cfc8a26c8625af6e725b789c4ec,sha256,unknown-artifact,medium,30,active,2026-09-22,2026-09-22,1,,,,
8c34c5346554ebf11c431cca4d3ca8e54e01c256689af80a39813a8b41e1ea90,sha256,unknown-artifact,medium,30,active,2026-09-30,2026-09-30,1,,,,
8c6108d65214effc41c337e55fced0105bafef3e312214a2b76d567d204495fc,sha256,unknown-artifact,medium,30,active,2026-10-03,2026-10-03,1,,,,
8c61f710aa1b7adfc27993b4f46b6e03f43756887ac03669572b864f316eee73,sha256,unknown-artifact,medium,30,active,2026-10-04,2026-10-04,1,,,,
8c7acd38a7cd0df0cdebca49501a1104979e5aa7e3e0d3d70de949430edf6735,sha256,unknown-artifact,medium,30,active,2026-09-24,2026-09-24,1,,,,
8c87ff69b24cf4f8ded9090d5378dad369a8c2642b85ef38679fde68c9979103,sha256,unknown-artifact,medium,30,active,2026-10-07,2026-10-07,1,,,,
8c90205396fa77f8910c2cda1ceb4b8190030d4db3e4f9cffb4ee527c663a197,sha256,unknown-artifact,medium,30,active,2026-09-30,2026-09-30,1,,,,
8c97c32a5902cf30a79ab9b80dc36907a3d8c1ab643f99b64a04ff225ae2f527,sha256,unknown-artifact,medium,30,active,2026-09-15,2026-09-15,1,,,,
8cb57d98c9f8b59d131b1175d3bfd0ca1994ad842360e597560d4e5e788cf8d3,sha256,unknown-artifact,medium,30,active,2026-10-10,2026-10-10,1,,,,
8cc037f19a11cf15a7a241da7f0207ccfabf5b062dc3deb6efb9c180ddedf337,sha256,unknown-artifact,medium,30,active,2026-10-09,2026-10-09,1,,,,
8cd07f3a5ff98f2a78cfc366c13fb123eb8d29c1ca37c79df190425d5b9e424d,sha256,unknown-artifact,medium,30,active,2026-09-27,2026-09-27,1,,,,
8ce01d672e4b03fa7b49668c11bfb6ca7287840d677bbef83025a67db77f7166,sha256,unknown-artifact,medium,30,active,2026-09-15,2026-09-15,1,,,,
8ce464667c7d991ed4fa168baff48c68166ddeeb971788cf6a66bac9bf18a896,sha256,unknown-artifact,medium,30,active,2026-09-29,2026-09-29,1,,,,
8cec25513797fc640a20ad21b140f844db5979de55b6447001d97c00e28e68fc,sha256,unknown-artifact,medium,30,active,2026-09-30,2026-09-30,1,,,,
8ced1ede176f4b84fa606ff8c1b50415320f9fea94ffa1222526eae9dda43938,sha256,unknown-artifact,medium,30,active,2026-09-22,2026-09-22,1,,,,
8cf83dd7ec608f0039a46b05a03cac4e9d69dc92e61c583416814742c600bd08,sha256,unknown-artifact,medium,30,active,2026-10-10,2026-10-10,1,,,,
8d0bf40a0368a535665e927ecb60ce0470a731f858046c0f3da8f2c81b80313b,sha256,unknown-artifact,medium,30,active,2026-09-15,2026-09-15,1,,,,
8d1156bcbc5d8648320b876242dbb2605a0aaf791d5db0c5531c070e7ea50633,sha256,unknown-artifact,medium,30,active,2026-09-29,2026-09-29,1,,,,
8d11f4105f144c7f8a75c6308f54ac2ad938560420e2cd27318cad4eb40e28fc,sha256,unknown-artifact,medium,30,active,2026-09-30,2026-09-30,1,,,,
8d1a3cbf2953eab3fd92eb1da265cb62d23c9d870ae98df2e8b5f24d103c18f0,sha256,unknown-artifact,medium,30,active,2026-09-30,2026-09-30,1,,,,
8d1cb501dce641348ca4ae7c2200a6d6b1433d354686b84a7c8ba8983ecc5721,sha256,unknown-artifact,medium,30,active,2026-09-24,2026-09-24,1,,,,
8d24f2750810e24e85d0d9afab155e7f0d1daf04aee05d11e87f9d02a5565d32,sha256,unknown-artifact,medium,30,active,2026-10-09,2026-10-09,1,,,,
8d2e20f5e5c696c77bdace0a3526f3fc8415d8d17775383bf54d0fae3a847999,sha256,unknown-artifact,medium,30,active,2026-09-25,2026-09-25,1,,,,
8d3476665ef37fe0a7a267324969b57477460e3e414d3f860ae800f2c281f124,sha256,unknown-artifact,medium,30,active,2026-09-26,2026-09-26,1,,,,
8d3ef336a1450a852e6fd185813216a3be6b4b66a7285b2eb4800a9002192e85,sha256,unknown-artifact,medium,30,active,2026-09-28,2026-09-28,1,,,,
8d46db078e07f71ebcee88c71d2d50b087e4d337aa62203414b3e8da38b39386,sha256,unknown-artifact,medium,30,active,2026-09-15,2026-09-15,1,,,,
8d473c7678ee3366743db7740f72995a199d12be2fe5adda23fcec09d323e1eb,sha256,unknown-artifact,medium,30,active,2026-09-27,2026-09-27,1,,,,
8d4b54791fe2dd73101def1df1a3b1349828602aa92c719f21b3b28c8130b3e8,sha256,unknown-artifact,medium,30,active,2026-09-15,2026-09-15,1,,,,
8d4fa03e96689fca1f824a3bd9b5888718650480e0040573213175debedc7b54,sha256,unknown-artifact,medium,30,active,2026-09-29,2026-09-29,1,,,,
8d5f37e58c70973f418a0c3c56ed28f755bbef3bd06c23253408399f6a68ca61,sha256,unknown-artifact,medium,30,active,2026-10-04,2026-10-04,1,,,,
8d691d1d94da835f013efe67b28be4cea218117547bc54574737ec816063102c,sha256,unknown-artifact,medium,30,active,2026-09-28,2026-09-28,1,,,,
8d74beec1be996322ad76813bafb92d40839895d6dd7ee808b17ca201eac98be,sha256,unknown-artifact,medium,30,active,2026-10-04,2026-10-04,1,,,,
8d78f0391fb5dd7cc8ff218687f222183435af893cb6320820be30e006d9db54,sha256,unknown-artifact,medium,30,active,2026-09-15,2026-09-15,1,,,,
8d7da6319aca19acea85fcd9f51fe7ca2722d30c2102366e37d3ac2c747c3f7e,sha256,unknown-artifact,medium,30,active,2026-10-06,2026-10-06,1,,,,
8d86a20f05ae8959cefe5d666e8ab4dc1a050e3d43545b04375837a19be8e713,sha256,unknown-artifact,medium,30,active,2026-09-15,2026-09-15,1,,,,
8d8ec4afe67fefba108545afb2c164eef9dd98dde7d56cea06cb6326630e7f2e,sha256,unknown-artifact,medium,30,active,2026-09-15,2026-09-15,1,,,,
8da58f5f5df71b43dbbb7d1fb966809e8c094788bf741d89aeff3506993149d6,sha256,unknown-artifact,medium,30,active,2026-10-04,2026-10-04,1,,,,
8dad4a095f7e563bb4a615871db2dfbfb4a2e29c0d70697f62eb486760b3739e,sha256,unknown-artifact,medium,30,active,2026-10-04,2026-10-04,1,,,,
8db280b76803c2b5ad79b56644408d494a3c84890fb64565d037e879f2719610,sha256,unknown-artifact,medium,30,active,2026-09-25,2026-09-25,1,,,,
8db74be2385fc3f3611f0c031a4480a81988cbccc4a05db7fd31f5c1aaa2f1e0,sha256,unknown-artifact,medium,30,active,2026-09-25,2026-09-25,1,,,,
8dc00fa507e6009cb82aedd6223a0752b2d010a484a0b062d5b3d3a02b7ebda4,sha256,unknown-artifact,medium,30,active,2026-09-30,2026-09-30,1,,,,
8de7e17293067f1fd7322c4df29cc9e8a50333f287b00776ff07ef9792d55a6e,sha256,unknown-artifact,medium,30,active,2026-10-09,2026-10-09,1,,,,
8def3f0edee1a1837e5714d3ed25a76cb1e11ad7e6c84b0971bc738d1d6a3c09,sha256,unknown-artifact,medium,30,active,2026-09-16,2026-09-16,1,,,,
8def5c99016cff3fc25e18290847ae1f799306ef715fd26dad9434c82167f296,sha256,unknown-artifact,medium,30,active,2026-10-04,2026-10-04,1,,,,
8dfebc9eeed9194522797fd3abc822c8803017fbdf4d4e68b2b50234329750d2,sha256,unknown-artifact,medium,30,active,2026-10-09,2026-10-09,1,,,,
8e0756f68149cd41c70344f8582e96a384f7d16dd3400384d4f518aa442ce97b,sha256,unknown-artifact,medium,30,active,2026-09-27,2026-09-27,1,,,,
8e0f78e3e59dadc3655aad10b543eb7abad674a41a28556c44103ea40e4f381b,sha256,unknown-artifact,medium,30,active,2026-09-15,2026-09-15,1,,,,
8e1a67a5c03b3cd818f046c7a1605afccc0ee5ce437a0d099881f1872b54bc70,sha256,unknown-artifact,medium,30,active,2026-09-14,2026-09-14,1,,,,
8e1e54dc583a71ce401ea2126811e3dd5f90ce3aa130f717ed58a7d5e51ca401,sha256,unknown-artifact,medium,30,active,2026-10-09,2026-10-09,1,,,,
8e2bff0b842ceeaad808c9261c4d3b961f73c7cdca80b93f9afae9ba47e6e006,sha256,unknown-artifact,medium,30,active,2026-09-23,2026-09-23,1,,,,
8e3be2ec96f86f6637ba3471dce1d924e1d345758b37278c2a9ac58ea2107ddd,sha256,unknown-artifact,medium,30,active,2026-10-04,2026-10-04,1,,,,
8e3efc0baa9e20be0620d36d717f1c0577e8bbd6b1492e904a7e919a6140dd40,sha256,unknown-artifact,medium,30,active,2026-10-03,2026-10-03,1,,,,
8e41327ccb71128be3cd8b7fa5000d15a2b80a3d73ea912d20162ab1016b7271,sha256,unknown-artifact,medium,30,active,2026-10-03,2026-10-03,1,,,,
8e41abaa54b7a8b08f08df8a76450a4cb932533e13640b5bbe83171448a25fb2,sha256,unknown-artifact,medium,30,active,2026-10-04,2026-10-04,1,,,,
8e4b4ae5f2a48811e69b80b53729356672318e32debfda1350234f9e4e48b098,sha256,unknown-artifact,medium,30,active,2026-09-15,2026-09-15,1,,,,
8e4d7776e9fd6d88b6b4ef51c02411bfbd1f21bff5c4d93bc5b4943dffcf5bd4,sha256,unknown-artifact,medium,30,active,2026-09-28,2026-09-28,1,,,,
8e6f32d8d5c2fea6e946742e1d4768384fb36e0ef1e9c9b1998563cd83eb1eda,sha256,unknown-artifact,medium,30,active,2026-09-24,2026-09-24,1,,,,
8e94b93fa9e36db63a40dc2c46eec47efc8a92727fde58e4923e08756066c48e,sha256,unknown-artifact,medium,30,active,2026-09-15,2026-09-15,1,,,,
8e98004b33159102e8f931151e703b95c7ce81b65a7177aa5d2dde81a1de1679,sha256,unknown-artifact,medium,30,active,2026-09-16,2026-09-16,1,,,,
8e9cca3a8868b778f12b2099cb8bffd9e0fdc2e60694107049f3d1c93e165780,sha256,unknown-artifact,medium,30,active,2026-10-04,2026-10-04,1,,,,
8ea1f99aacf13c408296a432fba14af1df4158eacaa845ba1fb68d561e5ba71a,sha256,unknown-artifact,medium,30,active,2026-09-15,2026-09-15,1,,,,
8eb70bad0762d6b56e2a71862b07019f7560d3c03ecbc90a45182c70bcd758dd,sha256,unknown-artifact,medium,30,active,2026-09-15,2026-09-15,1,,,,
8ebd8ffd0d858b78121dce78a59fc7063c67f4e1d6a66fa0fafba9d44430c708,sha256,unknown-artifact,medium,30,active,2026-09-30,2026-09-30,1,,,,
8ec7b39f87664fa77f789b819f631d7ec60bb46aadb0db23b8df2b6a42d0b0e8,sha256,unknown-artifact,medium,30,active,2026-09-25,2026-09-25,1,,,,
8ec95a6dcacda4c822cdd6ab0aad6f41c498218cb50553caf38c2fb24b8ddf5b,sha256,unknown-artifact,medium,30,active,2026-09-30,2026-09-30,1,,,,
8eeb854c38d2380b31fa034920e7af5987214cbb26fa6f071bfdaa780338b59a,sha256,unknown-artifact,medium,30,active,2026-09-27,2026-09-27,1,,,,
8eee7e02e46e672e00d71456ea134b81a8ba479610e004003cdcd1e3eabc6dbf,sha256,unknown-artifact,medium,30,active,2026-09-30,2026-09-30,1,,,,
8f0705f8bfacf73e32ac4251eb915f8ee2117703407326b736a35a1cc2dc3238,sha256,unknown-artifact,medium,30,active,2026-10-09,2026-10-09,1,,,,
8f472f6363676306e76ef022a3bfa0d31086e71b2dbdb18dbd6af38a818fdad2,sha256,unknown-artifact,medium,30,active,2026-09-25,2026-09-25,1,,,,
8f5044e3f0da509298bacec346bbf4c1e4dfcf6a7a6303688e023e415bf7c714,sha256,unknown-artifact,medium,30,active,2026-09-30,2026-09-30,1,,,,
8f53af2d7ef50cc9a37e9776f31947348acca841f82b79b3cb953d4584ba9d22,sha256,unknown-artifact,medium,30,active,2026-10-07,2026-10-07,1,,,,
8f5beeb3dc5df7607d61b9c8903b199a6feaaf2a23679b0c5ac2c167510d41ad,sha256,unknown-artifact,medium,30,active,2026-10-10,2026-10-10,1,,,,
8f7a44d7125b7aca49c408d307d0bb381e74a2b4702b2cc7eea74a0e1e97a887,sha256,unknown-artifact,medium,30,active,2026-10-04,2026-10-04,1,,,,
8f9f9fe542bbadadc0c3918d921a35a20a9edbdc03b47c14d595ee28890e53b0,sha256,unknown-artifact,medium,30,active,2026-09-15,2026-09-15,1,,,,
8fa4a4ce7ad386bef58981c78ff173598852dd196248ff4db6d0d41554032de8,sha256,unknown-artifact,medium,30,active,2026-09-25,2026-09-25,1,,,,
8fa96a30e4477c1df20e2af2a47badcec4440b6938772a8f254d2a9881baee57,sha256,unknown-artifact,medium,30,active,2026-10-09,2026-10-09,1,,,,
8fabc1cac6c1bc8c356826ead0a4f6317e36901ed9b768e5419e2ac500b9f0e2,sha256,unknown-artifact,medium,30,active,2026-09-27,2026-09-27,1,,,,
8fb93697e4b0751d0165685f92905e866a0af6482bd6af9c7589744a176e3abf,sha256,unknown-artifact,medium,30,active,2026-10-09,2026-10-09,1,,,,
8fcee8f148073e8be6d84c1e973098836c531fe2180e66b384d926bfaaffae92,sha256,unknown-artifact,medium,30,active,2026-09-16,2026-09-16,1,,,,
8fcf821ee4af109ed72e8c55a128ac3b49675ce3a16f183761186ecb8f559b79,sha256,unknown-artifact,medium,30,active,2026-10-03,2026-10-03,1,,,,
9.234.17.202,ip,http-scan,low,30,expired,2026-09-16,2026-09-16,1,8075,"MICROSOFT-CORP-MSN-AS-BLOCK - Microsoft Corporation, US",GB,
9000802e0fb58bedefd9caa36ba7f14201067303c9ebe16bf6e991af4c7d2c65,sha256,unknown-artifact,medium,30,active,2026-09-26,2026-09-26,1,,,,
900e3b6559da9a9a7d9594f4924b3b680a8adf48abf53a0375812e845fcd57bb,sha256,unknown-artifact,medium,30,active,2026-10-04,2026-10-04,1,,,,
9010feb2282ea1efdf7cd0bc7cd374b9fc307825e8a520e82227afd13b3855c9,sha256,unknown-artifact,medium,30,active,2026-10-04,2026-10-04,1,,,,
901ec8b6cc13171498223ab11aabecaf130aff02c38cf2b4eb0823cd709e6ae5,sha256,unknown-artifact,medium,30,active,2026-09-29,2026-09-29,1,,,,
903b9504faf12a9040890d1468b1f1e05aea51ff86ba4414366bc4c5d8669a82,sha256,unknown-artifact,medium,30,active,2026-10-04,2026-10-04,1,,,,
90466f0b552bb84458bd9fa8f4e5d8e90a7cf786e8ace04b28546358eee87001,sha256,unknown-artifact,medium,30,active,2026-10-10,2026-10-10,1,,,,
905aa7f8bb557eb0887613264cdc24c41fd2b3440fe2f3a1decac17a2552f544,sha256,unknown-artifact,medium,30,active,2026-09-30,2026-09-30,1,,,,
9061128ef00f603629fc841ff6bf47dd193ee6c25e88c5b96df776902fdbfd33,sha256,unknown-artifact,medium,30,active,2026-09-27,2026-09-27,1,,,,
906921b33bcab1afcaab6ba4efc0d0e6af202f06fa3ec24317169750d2632eb2,sha256,unknown-artifact,medium,30,active,2026-09-15,2026-09-15,1,,,,
906d26e5f3dcce84469e7bf5eb2b8ab152ac8786fc8eb8a4dde21bec3f6a2723,sha256,unknown-artifact,medium,30,active,2026-09-30,2026-09-30,1,,,,
907b22d50df5b7647ce7f981b9395e2e651d708f8aef30ccee71658d6ae3695e,sha256,unknown-artifact,medium,30,active,2026-10-10,2026-10-10,1,,,,
9087352bb9bde4970090592de0aae49c98a7521d27370bd60df89a5a34821573,sha256,unknown-artifact,medium,30,active,2026-09-26,2026-09-26,1,,,,
9087849ea4ba55cceb609e4202ba4ba7f296e87db00cd7874ac8f5012e98ac36,sha256,unknown-artifact,medium,30,active,2026-09-22,2026-09-22,1,,,,
9098eb58ee890c23125b2d6a7269fa0a112de1365bff58dad5e78bd86a77ee17,sha256,unknown-artifact,medium,30,active,2026-09-16,2026-09-16,1,,,,
909d7bde550db715638e7cc36454e4461b634b33fd67af7eb4b7275c27545a99,sha256,unknown-artifact,medium,30,active,2026-09-30,2026-09-30,1,,,,
90a4a3b48997323dc093bb2d6c7a0c14941e11b665050162611e0745312d3a2e,sha256,unknown-artifact,medium,30,active,2026-09-16,2026-09-16,1,,,,
90a4c7e3651918dd9c6107876c799a9464027b05707756770ff865587cb3ab83,sha256,unknown-artifact,medium,30,active,2026-09-30,2026-09-30,1,,,,
90aaf6c4962a98ecb1aa69635a6b6ca2c15b6bc37bfc890291239df4a4013d14,sha256,unknown-artifact,medium,30,active,2026-09-30,2026-09-30,1,,,,
90afddd50f4243e7843df0c1142ac64952a7a609ffa6890e3c940a420c149210,sha256,unknown-artifact,medium,30,active,2026-09-26,2026-09-26,1,,,,
90d831185a00a6b815b7758f620baff3734cd9bf4d8441a2ff76ecd2fd5d9cba,sha256,unknown-artifact,medium,30,active,2026-10-10,2026-10-10,1,,,,
90e2a8e7314c69761eec3b6809ac14f0fab756ec58bc33cbd83b407061bcd8ff,sha256,unknown-artifact,medium,30,active,2026-09-24,2026-09-24,1,,,,
91.196.152.12,ip,ssh-probe,low,20,stale,2026-10-07,2026-10-07,1,213412,"ONYPHE - ONYPHE SAS, FR",FR,
91.196.152.219,ip,http-scan,low,30,expired,2026-09-16,2026-09-16,1,213412,"ONYPHE - ONYPHE SAS, FR",FR,
91.196.152.32,ip,http-scan,low,30,expired,2026-09-16,2026-09-16,1,213412,"ONYPHE - ONYPHE SAS, FR",FR,
91.196.152.87,ip,ssh-probe,low,20,stale,2026-10-07,2026-10-07,1,213412,"ONYPHE - ONYPHE SAS, FR",FR,
91.211.133.235,ip,ssh-probe,low,20,expired,2026-09-14,2026-09-14,1,206257,"LANA-IT - LLC LANA-IT, UA",UA,
91.230.168.201,ip,http-scan,low,30,active,2026-10-04,2026-10-04,1,213412,"ONYPHE - ONYPHE SAS, FR",FR,
91.230.168.33,ip,http-scan,low,30,active,2026-10-04,2026-10-04,1,213412,"ONYPHE - ONYPHE SAS, FR",FR,
91.230.168.47,ip,http-scan,low,30,stale,2026-09-27,2026-09-27,1,213412,"ONYPHE - ONYPHE SAS, FR",FR,
91.231.89.101,ip,ssh-probe,low,20,stale,2026-10-07,2026-10-07,1,213412,"ONYPHE - ONYPHE SAS, FR",FR,
91.231.89.103,ip,ssh-probe,low,20,stale,2026-10-07,2026-10-07,1,213412,"ONYPHE - ONYPHE SAS, FR",FR,
91.231.89.124,ip,ssh-probe,low,20,expired,2026-09-12,2026-09-12,1,213412,"ONYPHE - ONYPHE SAS, FR",FR,
91.231.89.126,ip,ssh-probe,low,20,expired,2026-09-12,2026-09-12,1,213412,"ONYPHE - ONYPHE SAS, FR",FR,
91.231.89.137,ip,http-scan,low,30,active,2026-10-07,2026-10-07,1,213412,"ONYPHE - ONYPHE SAS, FR",FR,
91.231.89.151,ip,http-scan,low,30,stale,2026-09-30,2026-09-30,1,213412,"ONYPHE - ONYPHE SAS, FR",FR,
91.231.89.16,ip,http-scan,low,30,expired,2026-09-23,2026-09-23,1,213412,"ONYPHE - ONYPHE SAS, FR",FR,
91.231.89.229,ip,http-scan,low,30,active,2026-10-07,2026-10-07,1,213412,"ONYPHE - ONYPHE SAS, FR",FR,
91.231.89.255,ip,ssh-probe,low,20,expired,2026-09-12,2026-09-12,1,213412,"ONYPHE - ONYPHE SAS, FR",FR,
91.231.89.35,ip,ssh-probe,low,20,expired,2026-09-12,2026-09-12,1,213412,"ONYPHE - ONYPHE SAS, FR",FR,
91.231.89.37,ip,ssh-probe,low,20,expired,2026-09-12,2026-09-12,1,213412,"ONYPHE - ONYPHE SAS, FR",FR,
91.231.89.98,ip,ssh-probe,low,20,stale,2026-10-07,2026-10-07,1,213412,"ONYPHE - ONYPHE SAS, FR",FR,
91.242.112.151,ip,ssh-probe,low,20,expired,2026-09-27,2026-09-27,1,35346,"EUROTELECOM - SC ITNS.NET SRL, MD",MD,
91.247.112.32,ip,ssh-probe,low,20,expired,2026-09-14,2026-09-14,1,51522,"ONLINE - ONLINE LLC, RU",RU,
91.92.240.86,ip,http-scan,low,30,active,2026-10-09,2026-10-09,1,202412,"OMEGATECH-AS - Omegatech LTD, SC",TR,
91022c33aaa9cf04a5dba189f3802c4b9827784c95006eabebcfe3294f5621ac,sha256,unknown-artifact,medium,30,active,2026-10-03,2026-10-03,1,,,,
91159a2cc68aad5ed6d6a89171553518150afedcb93e74cb89de68d7a832c1f4,sha256,unknown-artifact,medium,30,active,2026-09-25,2026-09-25,1,,,,
911ad3b0ef41b9ff40429dffccd6704f15bce6b4026a62c4a1cee997e80d339b,sha256,unknown-artifact,medium,30,active,2026-09-15,2026-09-15,1,,,,
912439cfc90b4f9ece4135bd5b2f35fb45d771042b705582b38366f1631f19ae,sha256,unknown-artifact,medium,30,active,2026-09-30,2026-09-30,1,,,,
9125fd50cf7abb5f386d4db9854ab6bc8f20c2c9421cf17c2bde18b0012eb365,sha256,unknown-artifact,medium,30,active,2026-09-25,2026-09-25,1,,,,
91311bc72229bdfed098d377620fcd996d40991d19c8ae29ff98af018b17650c,sha256,unknown-artifact,medium,30,active,2026-09-15,2026-09-15,1,,,,
91329802d4f70f3d24fecf5a3e20ebc4e1ed3020eafe7ef48657da09cf7c814c,sha256,unknown-artifact,medium,30,active,2026-10-03,2026-10-03,1,,,,
9134e84d55f65782c05b863f3ffef1c191d0a8cd96cc3b02c445458a8c26c59d,sha256,unknown-artifact,medium,30,active,2026-10-03,2026-10-03,1,,,,
91493c932d4d83de00ce833094cb2154726fdb531e77135e50c5349d70b7f1b0,sha256,unknown-artifact,medium,30,active,2026-09-16,2026-09-16,1,,,,
915fba973491ff76da4d8caf5c01d3250ea922c7e04918ab725afda87195e296,sha256,unknown-artifact,medium,30,active,2026-09-27,2026-09-27,1,,,,
917b4e2a3533bb338cb72fd645fe26f8b5b5dbfb8340ec285212234b57808efc,sha256,unknown-artifact,medium,30,active,2026-09-24,2026-09-24,1,,,,
918383512d50d3c446286366cc4e29076ce5bd234d29c2b051112d63d238615e,sha256,unknown-artifact,medium,30,active,2026-10-04,2026-10-04,1,,,,
918862ce71c503374460723a66b19b963e30135195307d6b5e9513201add8e93,sha256,unknown-artifact,medium,30,active,2026-09-27,2026-09-27,1,,,,
918d565ae907101ccaf834a2e2df136b984dad170fc9d8e9063461c5d307b52b,sha256,unknown-artifact,medium,30,active,2026-10-03,2026-10-03,1,,,,
91949c54c84a5e9ba8396e7f299904e18e847f70b72fb588efb36110f7446c6b,sha256,unknown-artifact,medium,30,active,2026-09-30,2026-09-30,1,,,,
919a1d5c49689d54458682a6a9a109444716c3b51ecbea9cfffd3b94f0cfbf8a,sha256,unknown-artifact,medium,30,active,2026-10-06,2026-10-06,1,,,,
91a5eaff5837523bc861e0679381a3970d0f1f8f065fdcf4f3307403b9ad0200,sha256,unknown-artifact,medium,30,active,2026-09-30,2026-09-30,1,,,,
91a7ac8b96397611fd0bb38a37df3dfbe1c8f00764adcbd4fd154623b9e19110,sha256,unknown-artifact,medium,30,active,2026-09-28,2026-09-28,1,,,,
91b4de2bc68a2f5716aecac51f9b3608f3fe12c46be5c1b59e33e9ea2407c0bf,sha256,unknown-artifact,medium,30,active,2026-09-24,2026-09-24,1,,,,
91e8c2c161fc0d5bf29571acdd228524f6625843c8267c9b5c3863f69f15c6af,sha256,unknown-artifact,medium,30,active,2026-09-28,2026-09-28,1,,,,
91eaf0b6fe5a323492855ced6286c2852a25826da365a50351be61a26cd06f16,sha256,unknown-artifact,medium,30,active,2026-10-09,2026-10-09,1,,,,
91f140a6a2623d60852db00697ed7836e253058aa4eef80f35268f954226eee4,sha256,unknown-artifact,medium,30,active,2026-09-30,2026-09-30,1,,,,
92.88.175.199,ip,ssh-probe,low,20,expired,2026-09-12,2026-09-12,1,15557,"LDCOMNET - Societe Francaise Du Radiotelephone - SFR SA, FR",FR,
9203ffa17d15c475f9f422541dacc3b3153164e0032e3a8f74e7a7a9facc27cf,sha256,unknown-artifact,medium,30,active,2026-09-28,2026-09-28,1,,,,
9209bda827bdb882c547761e27046b029ae55f42a7ab7fcf75a9b8a0dd3339c8,sha256,unknown-artifact,medium,30,active,2026-09-15,2026-09-15,1,,,,
920eeafc1ee0d678a36d2016759b5304aba4c04a4b6099ea30f6f7fbe147aa8f,sha256,unknown-artifact,medium,30,active,2026-09-30,2026-09-30,1,,,,
92119253dd82eae542337525486696c3bc177b335d8bdc350ea2fa601ed4af4e,sha256,unknown-artifact,medium,30,active,2026-09-15,2026-09-15,1,,,,
921937e5e6f0ee3aa40b165db3954fc9504bfb27f969343dee66478682e5d6cf,sha256,unknown-artifact,medium,30,active,2026-09-27,2026-09-27,1,,,,
9242e4b83ceaa04554e9be90a453c1a12efd8062af6f6d626b3cf3b1218b2541,sha256,unknown-artifact,medium,30,active,2026-09-26,2026-09-26,1,,,,
92482b85ba0dd90a58a82105ffe0ca34090c8364f894c71c9e70fa53971b6814,sha256,unknown-artifact,medium,30,active,2026-09-26,2026-09-26,1,,,,
924a4736bfca6274b1f65e0aa8d753da1c260a730f928ca76d3fdceab52db055,sha256,unknown-artifact,medium,30,active,2026-10-07,2026-10-07,1,,,,
9257e8b5c8c00243922c554fb103c858baa5624a31b67850d28bda96a6777148,sha256,unknown-artifact,medium,30,active,2026-09-30,2026-09-30,1,,,,
92744d3bcb13e1a642df39a1f4b5ecc81adc73fa8679dc0bfad7bc597e9e55c4,sha256,unknown-artifact,medium,30,active,2026-09-16,2026-09-16,1,,,,
92772eb8230782df5ddb66ef203733729c28b917aad5cd2b396d8e71bd6e7f76,sha256,unknown-artifact,medium,30,active,2026-10-04,2026-10-04,1,,,,
92781f8c9a6f41b57b894ce3d664f738165fee64dbdfd266637789d219d07264,sha256,unknown-artifact,medium,30,active,2026-09-27,2026-09-27,1,,,,
92847c84a7f0ac19a2323eb60d36b4325448032060bb82fa508b933f4c4741af,sha256,unknown-artifact,medium,30,active,2026-09-15,2026-09-15,1,,,,
9289201e889bd28dee6c8eac4247af82e076454c194d73d5537706e959577314,sha256,unknown-artifact,medium,30,active,2026-09-15,2026-09-15,1,,,,
929fd7a15ed6f59937f0be209f45f570ae5c82e6d633ac0ce54ed481e4115f64,sha256,unknown-artifact,medium,30,active,2026-10-04,2026-10-04,1,,,,
92a9d70b75f28041b4562390030a2f0c348d0de65388a7d1a020a46faeb2394d,sha256,unknown-artifact,medium,30,active,2026-10-08,2026-10-08,1,,,,
92c23d3b563ab85c0415af4af6576ef9b5583cfe91c81f36ea74049b4516ce9c,sha256,unknown-artifact,medium,30,active,2026-09-30,2026-09-30,1,,,,
92d07dd070f0323d7340691e897754c37aba64be934c1580484d6aef7f0d8a9f,sha256,unknown-artifact,medium,30,active,2026-10-03,2026-10-03,1,,,,
92d6e0218716693ba7ea8a940812de4ca5a1b915ada3332f887d27834d58e127,sha256,unknown-artifact,medium,30,active,2026-10-04,2026-10-04,1,,,,
92e0d02978fdd8b6dee7afe38bae57c16fa49f2ee09b828f48b9982051f54f5f,sha256,unknown-artifact,medium,30,active,2026-10-09,2026-10-09,1,,,,
92e73fc4c741317ab2788cb72839127e9d942162ff50e6e5c0c1780c23934bac,sha256,unknown-artifact,medium,30,active,2026-09-15,2026-09-15,1,,,,
92fd0c96ca1af7d369aa7490a47d26fee32dec8e9c42d5ad296e24f437ad66d7,sha256,unknown-artifact,medium,30,active,2026-09-30,2026-09-30,1,,,,
93.88.156.88,ip,http-scan,low,30,active,2026-10-10,2026-10-10,1,199218,"ProtonVPN-2 - Proton AG, CH",NL,
930d1a54b963820eb4f760c9aaeab39cc6aee2a63582e3beaf93b07df96d0003,sha256,unknown-artifact,medium,30,active,2026-09-15,2026-09-15,1,,,,
93191218324b205ca4e4c0e0a9600759c818f9b908ec9311e9147178701ba04d,sha256,unknown-artifact,medium,30,active,2026-09-15,2026-09-15,1,,,,
93243b9582910f5dd503a3d87b735fcc028a286bcb4c1a25112889a448ab19de,sha256,unknown-artifact,medium,30,active,2026-10-03,2026-10-03,1,,,,
9339435d491d5eb4edc6f504aad0fb4cb7ee31d1989adfba35debad83585039d,sha256,unknown-artifact,medium,30,active,2026-09-15,2026-09-15,1,,,,
9344dbad9dca38b531d3204c30bb551200e4d10165f58c650dd232d257a79c94,sha256,unknown-artifact,medium,30,active,2026-10-04,2026-10-04,1,,,,
9354a31c98a9bb3b1918340fd6f918099f0508feae906d68e209ba3bfc061bf3,sha256,unknown-artifact,medium,30,active,2026-09-26,2026-09-26,1,,,,
9369b52993e7804fb5ba3b3d0c3b36fb04260026cf0b8dc42e59dac2fa5d83c5,sha256,unknown-artifact,medium,30,active,2026-09-24,2026-09-24,1,,,,
9372582b2b80d9a664e6ba7e23b4c9e0833b384e7a55040f33069c4b5f9b1e2b,sha256,unknown-artifact,medium,30,active,2026-10-10,2026-10-10,1,,,,
9388d0f9f92f5d5c7abd9184e45dd9946e037040ee5c793db329510f0bd65c2e,sha256,unknown-artifact,medium,30,active,2026-09-16,2026-09-16,1,,,,
938d7691d591bfe0f7f0aa2117b874d764b46f8b173065e136cae9999d64772f,sha256,unknown-artifact,medium,30,active,2026-09-27,2026-09-27,1,,,,
9398596a0263c32fd1e6660ec4d6be9adf56a58521f0269006614e9489e900fd,sha256,unknown-artifact,medium,30,active,2026-09-15,2026-09-15,1,,,,
9399a58a9007c56015e3ce585391352c5e3f8645f2c0c83b6a1e9f013184612d,sha256,unknown-artifact,medium,30,active,2026-09-15,2026-09-15,1,,,,
93a02d677d955136414f0b233bc74e66ba8562dacbaa332593167ff337e99117,sha256,unknown-artifact,medium,30,active,2026-09-27,2026-09-27,1,,,,
93afca48702f41c4ef5540a3663d69c90eb081198bad21aedede1ab790d849c8,sha256,unknown-artifact,medium,30,active,2026-10-03,2026-10-03,1,,,,
93b93d642ec22210cf39584bc65619cb377fbe1e1408e4f0fd1df3eb1e296d4f,sha256,unknown-artifact,medium,30,active,2026-09-15,2026-09-15,1,,,,
93ba1b7c46f2b2acbd8a3ea6db4c3174ee5410fa2cd08876bc2b35cb6d7e824e,sha256,unknown-artifact,medium,30,active,2026-09-30,2026-09-30,1,,,,
93bd552199ab1de4a86a98de31db7d0ba54c38181b442c22f0255c83c82bb211,sha256,unknown-artifact,medium,30,active,2026-09-16,2026-09-16,1,,,,
93c68c6a4e638453b399190a92068883f56b2122ec23bb4bf31b3cd9eeb7dd19,sha256,unknown-artifact,medium,30,active,2026-09-15,2026-09-15,1,,,,
93ceba50dd8dea19ba9ba5d0c7aac2e8772bab05670d31a2c2d4b1ecace97f96,sha256,unknown-artifact,medium,30,active,2026-09-25,2026-09-25,1,,,,
93d47aa367a90cda2efd78d93fbb4e08ea1076f66d3d2440e7d716fb3420cfaa,sha256,unknown-artifact,medium,30,active,2026-09-14,2026-09-14,1,,,,
93d8b98f368d40d773eb8cb4c55806ae27f19e5ca19f37d73d90cd697551ddbb,sha256,unknown-artifact,medium,30,active,2026-10-04,2026-10-04,1,,,,
93dd8317e7af99f6851873b844963a7a7a813a1a4f22e4bb74dfa9d663075ee2,sha256,unknown-artifact,medium,30,active,2026-09-27,2026-09-27,1,,,,
93e5d7e3d7d49d823aa2d8b8a28347952c7d644c8001047e596c2018ac8538a0,sha256,unknown-artifact,medium,30,active,2026-09-27,2026-09-27,1,,,,
93e80ca52a9426d97e45c1db4c304da61335dd0f7b2b4e5f5a66b21fb2d291a8,sha256,unknown-artifact,medium,30,active,2026-09-23,2026-09-23,1,,,,
94.102.56.99,ip,ssh-probe,low,20,expired,2026-09-13,2026-09-13,1,202425,"INT-NETWORK - IP Volume inc, SC",NL,
94.154.43.7,ip,http-scan,low,30,expired,2026-09-26,2026-09-26,1,219502,"STORMCLOUD-AS - Storm Industries LLC, US",UA,
94.231.206.1,ip,http-scan,low,30,active,2026-10-08,2026-10-08,1,213412,"ONYPHE - ONYPHE SAS, FR",FR,
94.231.206.10,ip,http-scan,low,30,active,2026-10-08,2026-10-08,1,213412,"ONYPHE - ONYPHE SAS, FR",FR,
94.231.206.154,ip,http-scan,low,30,active,2026-10-06,2026-10-06,1,213412,"ONYPHE - ONYPHE SAS, FR",FR,
94.231.206.200,ip,http-scan,low,30,stale,2026-09-29,2026-09-29,1,213412,"ONYPHE - ONYPHE SAS, FR",FR,
94.231.206.201,ip,http-scan,low,30,expired,2026-09-22,2026-09-22,1,213412,"ONYPHE - ONYPHE SAS, FR",FR,
94.231.206.202,ip,http-scan,low,30,stale,2026-09-29,2026-09-29,1,213412,"ONYPHE - ONYPHE SAS, FR",FR,
94.231.206.203,ip,http-scan,low,30,expired,2026-09-15,2026-09-15,1,213412,"ONYPHE - ONYPHE SAS, FR",FR,
94.231.206.204,ip,http-scan,low,30,active,2026-10-06,2026-10-06,1,213412,"ONYPHE - ONYPHE SAS, FR",FR,
94.231.206.205,ip,http-scan,low,30,expired,2026-09-22,2026-09-22,1,213412,"ONYPHE - ONYPHE SAS, FR",FR,
94.231.206.207,ip,http-scan,low,30,expired,2026-09-15,2026-09-15,1,213412,"ONYPHE - ONYPHE SAS, FR",FR,
94.231.206.255,ip,http-scan,low,30,stale,2026-09-29,2026-09-29,1,213412,"ONYPHE - ONYPHE SAS, FR",FR,
94.231.206.37,ip,http-scan,low,30,stale,2026-10-01,2026-10-01,1,213412,"ONYPHE - ONYPHE SAS, FR",FR,
94.231.206.38,ip,http-scan,low,30,expired,2026-09-24,2026-09-24,1,213412,"ONYPHE - ONYPHE SAS, FR",FR,
94.55.40.17,ip,ssh-probe,low,20,expired,2026-09-14,2026-09-14,1,47524,"AS-TURKSAT - AS-TURKSAT, TR",TR,
94.72.102.194,ip,http-scan,low,30,active,2026-10-07,2026-10-07,1,51167,"CONTABO - Contabo GmbH, DE",DE,
940bb2e3cd1b4af740bb845d460ea2e31fde94dca5628971c92d59b809b833a1,sha256,unknown-artifact,medium,30,active,2026-10-09,2026-10-09,1,,,,
94102bad7daa77c701ed07e00d04e286eeda12a6631d18e4cb6bb44f68fce0c2,sha256,unknown-artifact,medium,30,active,2026-09-28,2026-09-28,1,,,,
94139ca462ac367a2926bd2f040390c37d7eb38a1215164b8ea79ddaa0ba5d51,sha256,unknown-artifact,medium,30,active,2026-09-27,2026-09-27,1,,,,
941430731bb078ac6ed1db304865d7c3e0f43d564b26ffc4307d745f9ea37a6b,sha256,unknown-artifact,medium,30,active,2026-09-23,2026-09-23,1,,,,
9418871e2efab0a38163e0e6134883ca9c59c6ff934c29ef1de88595e0bf3ee0,sha256,unknown-artifact,medium,30,active,2026-09-22,2026-09-22,1,,,,
941df85f11daa137bba4aeb6380d086ba1c6f18e4fd4b35d011f2719e0b396da,sha256,unknown-artifact,medium,30,active,2026-09-30,2026-09-30,1,,,,
941efe52eb858311653bf2c1e855555cf735896d500f11ea90aaf7e93d1faa3f,sha256,unknown-artifact,medium,30,active,2026-09-30,2026-09-30,1,,,,
942d2b18957bef5ca29d4e05dea9d83e22a867907253b2dc200378938f7089c2,sha256,unknown-artifact,medium,30,active,2026-09-23,2026-09-23,1,,,,
9442a194c4aeb4a24403789be979f554c531b1440d84d5034451f5de33b39830,sha256,unknown-artifact,medium,30,active,2026-10-04,2026-10-04,1,,,,
9448292bdc981ed177ddf84829750b9bf4e8d4fd6fcbe07cf021c74c09900720,sha256,unknown-artifact,medium,30,active,2026-10-04,2026-10-04,1,,,,
94abd3a8ce4deb669b92062456a8d46664bc0ab84aea575848a2c872ce10552a,sha256,unknown-artifact,medium,30,active,2026-09-22,2026-09-22,1,,,,
94af4504e2e3c97a3b4497b6f1e485412aaa1747071ed84dec89b65d167c4543,sha256,unknown-artifact,medium,30,active,2026-10-03,2026-10-03,1,,,,
94d59b76e5b10f74d285313f8c69cc4799f538481dbc05edb8dc62f7a59f6eab,sha256,unknown-artifact,medium,30,active,2026-10-03,2026-10-03,1,,,,
94df5dd869afb31ab6223d57cfdc34783ef2439dc0113809b0c3243070df1eb9,sha256,unknown-artifact,medium,30,active,2026-09-16,2026-09-16,1,,,,
94df96e285040e26e76380089043ce0b676a7f096f500f0330e2e28e65a0c484,sha256,unknown-artifact,medium,30,active,2026-10-04,2026-10-04,1,,,,
94e95f0bb38f8e0fb52a6dab21f7708dde104b7edeb2eb5ce6b7e68f1328c295,sha256,unknown-artifact,medium,30,active,2026-09-15,2026-09-15,1,,,,
94fbc168d47cc367a237db5c427532b58744fa0d6ece40ca97de4ba8355e54b5,sha256,unknown-artifact,medium,30,active,2026-10-04,2026-10-04,1,,,,
95.10.185.177,ip,ssh-probe,low,20,expired,2026-09-12,2026-09-12,1,9121,"TTNet - Turk Telekomunikasyon Anonim Sirketi, TR",TR,
95.139.236.195,ip,ssh-probe,low,20,stale,2026-10-07,2026-10-07,1,12389,"ROSTELECOM-AS - PJSC Rostelecom, RU",RU,
950333fb6214114434d581d9036ebe91cefe0cbef1eec0784e925caf4c6f591d,sha256,unknown-artifact,medium,30,active,2026-10-03,2026-10-03,1,,,,
9503eef06ba8db2b61a9f219a4ef2724204262906ee759a136301de7ed99373a,sha256,unknown-artifact,medium,30,active,2026-09-15,2026-09-15,1,,,,
950f88d493e6b221ddcfdbcc0699ac77bbd2a97b66a7436a63fca3bed1d95670,sha256,unknown-artifact,medium,30,active,2026-10-09,2026-10-09,1,,,,
95251c5bc2dac813b3aea2d6ad879598b46b36f10539411220d92a46fc9d5c95,sha256,unknown-artifact,medium,30,active,2026-09-27,2026-09-27,1,,,,
952777458ff94cf630c97a951abc519d14c3c032c0308c33af802057ede5daba,sha256,unknown-artifact,medium,30,active,2026-09-30,2026-09-30,1,,,,
9534351a052bc45d963e90b898db2a9f49045aa27ead19351734af01349dca5f,sha256,unknown-artifact,medium,30,active,2026-09-28,2026-09-28,1,,,,
95414018e2612317cc97e7d44ce4f72238058a0ce33ab2ac85ae603ed7072540,sha256,unknown-artifact,medium,30,active,2026-10-07,2026-10-07,1,,,,
9544706ca3ebbdc66573d422fa5d55a84dc87003c3b3575c4a3165f8ae27a898,sha256,unknown-artifact,medium,30,active,2026-09-27,2026-09-27,1,,,,
955c7637044f9583507f73b7576b9450dd42100be5bf89bc83bec8ba5d1dfc7f,sha256,unknown-artifact,medium,30,active,2026-09-16,2026-09-16,1,,,,
955f857b0ecc063827cca95016c58f0734cb0ff847632eb21d45315a8c07bddc,sha256,unknown-artifact,medium,30,active,2026-09-27,2026-09-27,1,,,,
9572d7f4e812df12cd8c0d26e7308864c33cbb51b004cbe962ad545bc377a4a2,sha256,unknown-artifact,medium,30,active,2026-09-30,2026-09-30,1,,,,
95ac640617dfde0ea637ccc257eb0cd8e8d691b6c635a83f1766bac9b14e88c4,sha256,unknown-artifact,medium,30,active,2026-10-06,2026-10-06,1,,,,
95c3e78735004245e55604262aff8b6375eea80725326846dc974fb967ccb22c,sha256,unknown-artifact,medium,30,active,2026-10-03,2026-10-03,1,,,,
95db37b5489be19e22056991fdd99870ff22b8a586e4df0e6687ed62c7c2a142,sha256,unknown-artifact,medium,30,active,2026-09-15,2026-09-15,1,,,,
95dcbc547218ffa9042b4026cf168389013da4030c6e95e62c91b9bab6fda8e3,sha256,unknown-artifact,medium,30,active,2026-09-30,2026-09-30,1,,,,
95e476541aa6b62147505d549823f8c67a5cb726cf80a94dd785cfc4eb23557a,sha256,unknown-artifact,medium,30,active,2026-10-09,2026-10-09,1,,,,
95e8557987b697aa65673e93be54b1bb1647c3110fe7407038cb6ec1d94cffef,sha256,unknown-artifact,medium,30,active,2026-09-15,2026-09-15,1,,,,
95f062f4eaf37f958ef9de861d59b7ecae4d5141f984b38260ecfaea76c49c63,sha256,unknown-artifact,medium,30,active,2026-09-15,2026-09-15,1,,,,
95fa3345aba41e110e1d43bd14cc8dc4d6dbd382c0ba479943aa2a43f4ddbf92,sha256,unknown-artifact,medium,30,active,2026-09-15,2026-09-15,1,,,,
96171c133b33b6db82fe59ca91d45a5dc2803bba19501f00e06d243514da1f76,sha256,unknown-artifact,medium,30,active,2026-09-30,2026-09-30,1,,,,
9622d0b75a6b200ca1340eee4a9322edde31a77e8fea5978f84b382b50af0ab4,sha256,unknown-artifact,medium,30,active,2026-10-10,2026-10-10,1,,,,
9630505bfe8f2f91ef965979489ab963cfd4ba0c1691306a74eac88725f9e4fd,sha256,unknown-artifact,medium,30,active,2026-10-04,2026-10-04,1,,,,
964685eb0b2e64c31ca27c6c9e7cedc1d174fc48b083a6ac2d2f9330eb42ffc7,sha256,unknown-artifact,medium,30,active,2026-09-16,2026-09-16,1,,,,
964ed6c054338b02de81566626acf14fe6fcc0b4f9555565a985302340086fd7,sha256,unknown-artifact,medium,30,active,2026-09-30,2026-09-30,1,,,,
96622cf334063905fbf1875ffd774b58275ffe3abeca1bc0b6578513055fe871,sha256,unknown-artifact,medium,30,active,2026-10-04,2026-10-04,1,,,,
9664ef6532fcc231f84da6889219817a731cdf92852a7d45cdd4c75fcc556c5e,sha256,unknown-artifact,medium,30,active,2026-09-26,2026-09-26,1,,,,
96819839df42a37cb32090d4605096f60a177f8b8eacc3a4f83884dd1fab0a60,sha256,unknown-artifact,medium,30,active,2026-10-04,2026-10-04,1,,,,
9689d84149327aa871368ccf438534432e54fe87b05e5cc55fb752431f4d85fc,sha256,unknown-artifact,medium,30,active,2026-10-04,2026-10-04,1,,,,
96a2bc0d053ccec3bf5af885b6b980320c87a129b3fe23c3aa62c9468eb57ac6,sha256,unknown-artifact,medium,30,active,2026-09-22,2026-09-22,1,,,,
96b0842c908cac6e6d4c25621cc44388f2db43db44046c30633efd01f83607a7,sha256,unknown-artifact,medium,30,active,2026-10-09,2026-10-09,1,,,,
96bed7f389070781fe420b0367f75f4702a27e8d0b2d705c554c71c85874ccf6,sha256,unknown-artifact,medium,30,active,2026-09-26,2026-09-26,1,,,,
96c56c9eda87db728da79ed7b4166617c8092a4d78633e8a1658aa232fbd8b28,sha256,unknown-artifact,medium,30,active,2026-09-30,2026-09-30,1,,,,
96cec226bc170d1502cd4831c64cb95d0aacc5a87da392b37afa5ec55b5b5b3c,sha256,unknown-artifact,medium,30,active,2026-09-15,2026-09-15,1,,,,
96d5c47a87810c51cebeb839631990a9149322bcf84b819e20cbef08d1541d03,sha256,unknown-artifact,medium,30,active,2026-10-03,2026-10-03,1,,,,
96d93fc491271b35ce37e67979d891c522bcf4f25c45609e6bd3013ea2bdfad1,sha256,unknown-artifact,medium,30,active,2026-10-10,2026-10-10,1,,,,
97.246.215.36,ip,ssh-probe,low,20,expired,2026-09-26,2026-09-26,1,6167,"CELLCO-PART - Verizon Business, US",US,
97.74.93.116,ip,http-scan,low,30,stale,2026-09-30,2026-09-30,1,26496,"AS-26496-GO-DADDY-COM-LLC - GoDaddy.com, LLC, US",US,
97.83.192.140,ip,ssh-probe,low,20,stale,2026-10-07,2026-10-07,1,20115,"CHARTER-20115 - Charter Communications LLC, US",US,
97196744f1f17d91c68022e7ca4e8fe3ad82a9cce545397649899de90647bc5a,sha256,unknown-artifact,medium,30,active,2026-09-15,2026-09-15,1,,,,
972c733f4cf0e1b0b655af532c6464af5de26713540701965c787ef15b47822f,sha256,unknown-artifact,medium,30,active,2026-09-15,2026-09-15,1,,,,
974741c1b4d06510e413ca83b97d2c32de2fb282854126e8b955251178620fff,sha256,unknown-artifact,medium,30,active,2026-09-25,2026-09-25,1,,,,
974eb3c344f01a08de10d3f815b6b228f746b51668cedf1668230c02010de6cf,sha256,unknown-artifact,medium,30,active,2026-09-30,2026-09-30,1,,,,
9756d20ea479828db6a976b27b4afbb66817684a0acea68769d5e7db8bd5c445,sha256,unknown-artifact,medium,30,active,2026-09-25,2026-09-25,1,,,,
975c04b705df5154a4e90ef90f6297e0c94fc53a99255b55b32d60b2e0e5a167,sha256,unknown-artifact,medium,30,active,2026-10-03,2026-10-03,1,,,,
9763c1979fb90430d511fdcd94aafefef19495afcd19629a2026180c305454b5,sha256,unknown-artifact,medium,30,active,2026-09-15,2026-09-15,1,,,,
9780cc925f49470dccd8e405ff5537b532adb5c7de6ea78d791437e01c7fa8eb,sha256,unknown-artifact,medium,30,active,2026-09-27,2026-09-27,1,,,,
97a84c12acfcca278793272098205145c1a7a3b3ede2ca1eb809f97f9c2e1299,sha256,unknown-artifact,medium,30,active,2026-10-03,2026-10-03,1,,,,
97ae469061b9fed35d1c66dbaafe7bb636cf819a819c3a7d2da2755fc0563f32,sha256,unknown-artifact,medium,30,active,2026-09-27,2026-09-27,1,,,,
97b23a519f498587488f0693f429e872dbd1359cb9d687c49bca144dbb3c5213,sha256,unknown-artifact,medium,30,active,2026-09-24,2026-09-24,1,,,,
97c09ea7cf3c7cfd7bba2243d3c5aea42d292c724cfccc5c23654134b735851f,sha256,unknown-artifact,medium,30,active,2026-09-30,2026-09-30,1,,,,
97dd7461358d04da3e5c44f27b0ebfc5aef0deaacc95cf2f511abca04a2232b4,sha256,unknown-artifact,medium,30,active,2026-09-30,2026-09-30,1,,,,
97e6973ce3ec94c384d737e387b970202d4da53255777f775cff758d8802b0af,sha256,unknown-artifact,medium,30,active,2026-09-15,2026-09-15,1,,,,
97ed991ad0bb77aaee70224d578d3e8288818607d559d170fd5e567a64d43b2e,sha256,unknown-artifact,medium,30,active,2026-10-04,2026-10-04,1,,,,
97f3de4d061c8a68e289b73e79c4f30b7712a0acead2844e0c7c28beaf9d5676,sha256,unknown-artifact,medium,30,active,2026-09-27,2026-09-27,1,,,,
97fd0ee09ab403cd1e0f86eadd961398721bf43b113769843992a7c6fa1a7874,sha256,unknown-artifact,medium,30,active,2026-10-04,2026-10-04,1,,,,
98.49.219.250,ip,ssh-probe,low,20,active,2026-10-08,2026-10-08,1,7922,"COMCAST-7922 - Comcast Cable Communications, LLC, US",US,
98.80.77.204,ip,http-scan,low,30,stale,2026-09-27,2026-09-27,1,14618,"AMAZON-AES - Amazon.com, Inc., US",US,
98.88.249.38,ip,http-scan,low,30,expired,2026-09-22,2026-09-22,1,14618,"AMAZON-AES - Amazon.com, Inc., US",US,
98.97.151.193,ip,ssh-probe,low,20,expired,2026-09-12,2026-09-12,1,14593,"SPACEX-STARLINK - Space Exploration Technologies Corporation, US",US,
98038b25280788a45a2f06c209513024c99adee81c6416b691b4b5872db7e027,sha256,unknown-artifact,medium,30,active,2026-09-25,2026-09-25,1,,,,
980e7b0a7a4e3b06426d1123c71f6f6ce7c5b89d6dda91d53b0cfecd23a25a37,sha256,unknown-artifact,medium,30,active,2026-09-27,2026-09-27,1,,,,
981e481f751cbe5356957cd9523a50f79cbe2e2f1c5d2ea477aa4aa47a0ae4cd,sha256,unknown-artifact,medium,30,active,2026-09-27,2026-09-27,1,,,,
9824923dec563428c37f164c5a919cf9040e0e472e49c5db05579ba10502d1d0,sha256,unknown-artifact,medium,30,active,2026-10-04,2026-10-04,1,,,,
9834e7d8c09234365b033711e88a72fbe82d9f3bee25e8e73b56fa2f20e0c252,sha256,unknown-artifact,medium,30,active,2026-09-30,2026-09-30,1,,,,
983835da7d5afa872b6892bfd29280a53a15fe03a05ad084b17ac7ed1988c1a1,sha256,unknown-artifact,medium,30,active,2026-10-04,2026-10-04,1,,,,
986421f3e1150dab482a08a1261ed7d83c869323a6489bbac35bb1f0d346bef3,sha256,unknown-artifact,medium,30,active,2026-09-15,2026-09-15,1,,,,
9871676724f86ea26c71b9a6ade1a5e9a35dbdfdb0d1a1280563d56eaa7c6091,sha256,unknown-artifact,medium,30,active,2026-09-15,2026-09-15,1,,,,
9876a867e21840dc3da78539ca4802afb665694eaa865ab812c79d46f44898b8,sha256,unknown-artifact,medium,30,active,2026-09-25,2026-09-25,1,,,,
988a0b82887b6398afc1554eb77e7b4cb2d36444803aa59046561c8b274f69a5,sha256,unknown-artifact,medium,30,active,2026-09-29,2026-09-29,1,,,,
98956aca8dffe37bd1a6302a37304a4a04981f25c67189cc58cee26fbf2c98d5,sha256,unknown-artifact,medium,30,active,2026-09-27,2026-09-27,1,,,,
9897bd73482a29bb8360d0fa9851c222fc256d307521acac48ed16b4b6a7c57c,sha256,unknown-artifact,medium,30,active,2026-09-15,2026-09-15,1,,,,
98a3b36a4c01d8d12a1a84020b58969579ba4aea8d6b7beb60fd0e899fdb9cbb,sha256,unknown-artifact,medium,30,active,2026-09-28,2026-09-28,1,,,,
98ad61a25e3683b6adf2474b01bbe1c27de6aad2ce3a80ff4140fe473c14e691,sha256,unknown-artifact,medium,30,active,2026-10-03,2026-10-03,1,,,,
98b1234455d5a8de3bacd8ec206ff887eab945ec79c7c3367ca04ac0e11968cb,sha256,unknown-artifact,medium,30,active,2026-09-15,2026-09-15,1,,,,
98c1abbfe18f34836b0a63766a5902450b7e1074c557a5a92bf318d6e7f9d0c4,sha256,unknown-artifact,medium,30,active,2026-09-15,2026-09-15,1,,,,
98dbdd6cc4ca1fcc95261fce679e3844f4dd39bde213cc29b28b2032ad95fdc3,sha256,unknown-artifact,medium,30,active,2026-09-15,2026-09-15,1,,,,
98e31ec61a689356c456ab3c23429f5d22c4f3a11893065c6212a6e76182c5e4,sha256,unknown-artifact,medium,30,active,2026-10-04,2026-10-04,1,,,,
98efd5b69214db09ac97622b7fabc0c318a07b31b4baffdcff969e857a8f6db2,sha256,unknown-artifact,medium,30,active,2026-09-29,2026-09-29,1,,,,
99004238312883f3bae8bc6597413b7ae4e72c2204c4c39f8955b1cfb874e0c0,sha256,unknown-artifact,medium,30,active,2026-09-25,2026-09-25,1,,,,
990652de3c10723e63d38bec0d77f6acc4e90f8d0740b20458d944aec7d45bff,sha256,unknown-artifact,medium,30,active,2026-10-03,2026-10-03,1,,,,
990a9a4e4265a1354baaeca97c46175c3d7b5466ab7cad54bc6984b70fc2243b,sha256,unknown-artifact,medium,30,active,2026-10-04,2026-10-04,1,,,,
990c753fd50d48d25ec45f36a0d53d8345a1b15de51af7bc87dd7144e735f848,sha256,unknown-artifact,medium,30,active,2026-10-04,2026-10-04,1,,,,
99100ac04db2147ef246377b1ea4fc0c17106d37286e5d61cc02201301a85bbb,sha256,unknown-artifact,medium,30,active,2026-10-07,2026-10-07,1,,,,
99211fcf850dc46e285cfe13800ecbc36ff2b30124ac951cd0de340139dc2b3d,sha256,unknown-artifact,medium,30,active,2026-10-04,2026-10-04,1,,,,
9934dd34a4c9aecf9bf89d18b6d31d599ad25c57a45f8bc86ef3040ee83db6be,sha256,unknown-artifact,medium,30,active,2026-09-30,2026-09-30,1,,,,
9937a9b6e361428425793095ded9c4f237adc471aeaf9338a419912c44d4b093,sha256,unknown-artifact,medium,30,active,2026-09-23,2026-09-23,1,,,,
993ddbbf3b55ca5db438195394f55321c4c588c70b27c9f255f097bfe181965a,sha256,unknown-artifact,medium,30,active,2026-10-04,2026-10-04,1,,,,
995153eb6d9bf0e6ffcee453bf0cdb7f52e4a0c4dc484bfe7f0a17f457328d6f,sha256,unknown-artifact,medium,30,active,2026-09-22,2026-09-22,1,,,,
996226c3d730c2ac15faa1ec7736a6876227b93b1d43e495ab99021e43bf5f1c,sha256,unknown-artifact,medium,30,active,2026-10-07,2026-10-07,1,,,,
9976bd5a9de5556d2c5a6d49ffe4c2392f42d0c3164642f523315e103a25e419,sha256,unknown-artifact,medium,30,active,2026-09-24,2026-09-24,1,,,,
997c9a5123bdb414c238d29484e26c2d4b59dfe27c5c96fd5f9d01f4f1f6976a,sha256,unknown-artifact,medium,30,active,2026-09-24,2026-09-24,1,,,,
998806f32325052ad06f60fabe43d57d0714a11c1f36248f9fd17ff17c50af19,sha256,unknown-artifact,medium,30,active,2026-09-25,2026-09-25,1,,,,
998efe0efa1872d57043a633325566c3f2ec3be921c8ce9ca907d077e13c7b2d,sha256,unknown-artifact,medium,30,active,2026-10-10,2026-10-10,1,,,,
99929fb64a8b651e7d6d6cef8a63a495cf6daf9852c864582edfc809e6decfe4,sha256,unknown-artifact,medium,30,active,2026-09-30,2026-09-30,1,,,,
99ac487ff300910a930813b230ace77b8c34cab5c3758247b4acb0f1b0fa8231,sha256,unknown-artifact,medium,30,active,2026-09-30,2026-09-30,1,,,,
99bc2d7c04df81612f467ca0ad60194a82e4fa9a3f64f8ac1b9382a84470a151,sha256,unknown-artifact,medium,30,active,2026-09-30,2026-09-30,1,,,,
99c3695948156d23058c2818000c4c2f7af93cd84e502abfbbadfe75d65af628,sha256,unknown-artifact,medium,30,active,2026-10-03,2026-10-03,1,,,,
99c39ef24f13344f477d1d797cb4e70c55b27770d5880f8c1f9d93684bcf2f80,sha256,unknown-artifact,medium,30,active,2026-10-04,2026-10-04,1,,,,
99cf214597a155678381557b4a5f92f99a56298470f3a9dc9d4c884c5364ac4c,sha256,unknown-artifact,medium,30,active,2026-10-09,2026-10-09,1,,,,
99e068f8a2f73dea2c96ea6dba72f9eebf7b02fac974453a75417a0ed37ab063,sha256,unknown-artifact,medium,30,active,2026-10-04,2026-10-04,1,,,,
99f1547680fe82de800a3dac4a3e662b9ce194b8265966ed0607c9394f81d17f,sha256,unknown-artifact,medium,30,active,2026-09-30,2026-09-30,1,,,,
9a1aae4b40062b08d8c620ba10feaff7a0bbf26b372513521c317b95ef91a677,sha256,unknown-artifact,medium,30,active,2026-09-26,2026-09-26,1,,,,
9a271f2a916b0b6ee6cecb2426f0b3206ef074578be55d9bc94f6f3fe3ab86aa,sha256,unknown-artifact,medium,30,active,2026-10-03,2026-10-03,1,,,,
9a3656cfd68142e40ab6622341562a7ad1a26517b86fb8e776f242f7b6b884ef,sha256,unknown-artifact,medium,30,active,2026-09-25,2026-09-25,1,,,,
9a3e246041d3c27dc3645f79cb0d1eb41c277965614655d17119ed7498b956ec,sha256,unknown-artifact,medium,30,active,2026-10-03,2026-10-03,1,,,,
9a416d910ae01db41d1a99f2aa7aa6258cec591982a4423e224d2c831793062f,sha256,unknown-artifact,medium,30,active,2026-09-23,2026-09-23,1,,,,
9a44820a15453f0504e4733ea18c06304d02a79ae09f4003eaa42dbb2dd28312,sha256,unknown-artifact,medium,30,active,2026-09-25,2026-09-25,1,,,,
9a461b616b1fab1604b6942800897ca74049f04dffd8db9f1ea56f48b00035fe,sha256,unknown-artifact,medium,30,active,2026-10-09,2026-10-09,1,,,,
9a4f3a38dc41db79139456d9b53802792805f61a6b3d0e806f741227d307e4e4,sha256,unknown-artifact,medium,30,active,2026-10-09,2026-10-09,1,,,,
9a521cb5b83117a78fbf78605d30000d541d0028d730ee36326bed037e3fe769,sha256,unknown-artifact,medium,30,active,2026-09-16,2026-09-16,1,,,,
9a56d6eda269878371854ac2065132505190d9df43064f6188cbe34de337c56b,sha256,unknown-artifact,medium,30,active,2026-10-09,2026-10-09,1,,,,
9a5eb2bc29e22c757c9a3ca4628281896ad59f56e2376ac23b1bb95192096029,sha256,unknown-artifact,medium,30,active,2026-09-15,2026-09-15,1,,,,
9a68abd5ec4d672bef71f06a110b08170043788b3a6a1df7183e158b0f67acd6,sha256,unknown-artifact,medium,30,active,2026-10-09,2026-10-09,1,,,,
9a6bc19588e058ae8a7d12960a3fccbe229de8437bf4ded9257b6a25bce901c3,sha256,unknown-artifact,medium,30,active,2026-10-07,2026-10-07,1,,,,
9a7011d0490e7f8048100bf402b426021826e560bbcb7c4e3d68ea86702a36d0,sha256,unknown-artifact,medium,30,active,2026-10-04,2026-10-04,1,,,,
9a757f58eb8e50b6d2b86d9d26e7e6349fee27c2fef9919fe12115b81d51da0d,sha256,unknown-artifact,medium,30,active,2026-09-28,2026-09-28,1,,,,
9a7d1ad4bb87cd34e328f2a4b7f5ab0c91630f7b644cd774ecc370cce0d33b6e,sha256,unknown-artifact,medium,30,active,2026-09-30,2026-09-30,1,,,,
9a891ab1faaafc4235431f4319364df205741affd72b0dba97c0e55b1212bbcf,sha256,unknown-artifact,medium,30,active,2026-09-15,2026-09-15,1,,,,
9a9915f5f2c3e2ad47450b07f0299d3ca3d876d9b6d539979683851f4f1efe4f,sha256,unknown-artifact,medium,30,active,2026-09-15,2026-09-15,1,,,,
9a9d19eeb9dc983f2011568c10bc3714d1cb6bee961f20ba89b646d41d2c821a,sha256,unknown-artifact,medium,30,active,2026-10-03,2026-10-03,1,,,,
9aa6e95324c3f01cfeb01e7bea8ced64a51e99c9f2320029812db93aeb4278ea,sha256,unknown-artifact,medium,30,active,2026-10-09,2026-10-09,1,,,,
9aa914ff14ff5e9d6cf346986602df863d8bd83ba9111a87392ce1c47da23f8c,sha256,unknown-artifact,medium,30,active,2026-10-04,2026-10-04,1,,,,
9ab32327e54e427dd4236830455515f773423a9b9d797f2a70ddb6e05ae602d3,sha256,unknown-artifact,medium,30,active,2026-09-30,2026-09-30,1,,,,
9acec2005617fb39e4e5019249f066f5b45b9296412655dcfab5550b646b74f5,sha256,unknown-artifact,medium,30,active,2026-09-26,2026-09-26,1,,,,
9acf8c1cfb02788845a8b072e3e66c7745a1baddb9eaacca858ee831c4a62663,sha256,unknown-artifact,medium,30,active,2026-10-10,2026-10-10,1,,,,
9ad2a021580081ddd2d7f42842c33f336d887e560259d23dbbd82fd9cc4ce508,sha256,unknown-artifact,medium,30,active,2026-10-04,2026-10-04,1,,,,
9ad92665e35333fd8ddddc37ad4b57ea931b8507c3d8d5bd7becc06f5e11eb2d,sha256,unknown-artifact,medium,30,active,2026-09-27,2026-09-27,1,,,,
9adb3fbdd79e8a51599c0bf8ea0a09a027a069667255c5695f8f4784bf678f79,sha256,unknown-artifact,medium,30,active,2026-09-27,2026-09-27,1,,,,
9addda9f632661512644ad937398be735bcf989262571b3c4d2830ad7715d579,sha256,unknown-artifact,medium,30,active,2026-09-30,2026-09-30,1,,,,
9ae9f5d1bab29f3a7cf1805ff81c11ff31ef15db0018ff25d165116a8c65776e,sha256,unknown-artifact,medium,30,active,2026-09-26,2026-09-26,1,,,,
9aff507348e4b7de4f9b94b516bd6e3bb3749782591ee8d1dd02ffd2c4cc69bd,sha256,unknown-artifact,medium,30,active,2026-09-30,2026-09-30,1,,,,
9b0131e9fd2dd22b8ffbc2fd6ca3dd340596cf5275fce8e837f1de57a2a8522c,sha256,unknown-artifact,medium,30,active,2026-09-23,2026-09-23,1,,,,
9b0212bcfb88b482ee67f948481460ec464a6a743e0301c97b862ff731531781,sha256,unknown-artifact,medium,30,active,2026-09-30,2026-09-30,1,,,,
9b0a1d9fce488cea2c840ead292e9e86cb2e42b7a411a0e18225114e1e408456,sha256,unknown-artifact,medium,30,active,2026-09-25,2026-09-25,1,,,,
9b132c0f0db2962f4426e8902299019bd66d3ca55bbfaded01d3b6f071bab9e4,sha256,unknown-artifact,medium,30,active,2026-09-15,2026-09-15,1,,,,
9b1494d57ab8280186067a845b5953bdaae2062966c9b2b447a2bac06b487c1d,sha256,unknown-artifact,medium,30,active,2026-09-30,2026-09-30,1,,,,
9b2c5c3962723ec4ef404d77458fc64957e31064399be95076f7f4fcc4bfe88d,sha256,unknown-artifact,medium,30,active,2026-10-09,2026-10-09,1,,,,
9b2d7bb50d83a58ea0d5b08d567821b3819587b67ecc4b2de7b1e682b2e28c34,sha256,unknown-artifact,medium,30,active,2026-09-30,2026-09-30,1,,,,
9b3162498c21d7f960877099174ecea13410bd21d12440b2ea8868117fc08ae0,sha256,unknown-artifact,medium,30,active,2026-09-15,2026-09-15,1,,,,
9b34026a8b9bdb8f40951a6e88094ca7d091584da7e8a9d650843d581a901e68,sha256,unknown-artifact,medium,30,active,2026-09-15,2026-09-15,1,,,,
9b35cefea6d9a6ef31a45c9b07b1c864e8f413cae74bbecb41218e983adbdac2,sha256,unknown-artifact,medium,30,active,2026-10-04,2026-10-04,1,,,,
9b3a8a58581bcfbd78f3cd02e912cb815c25d898335040f35ad0265304a051fa,sha256,unknown-artifact,medium,30,active,2026-09-27,2026-09-27,1,,,,
9b4b7fc9b1fcf394df2787ae22753348f84c61eacf65a2001d94b456c9e0ba75,sha256,unknown-artifact,medium,30,active,2026-09-26,2026-09-26,1,,,,
9b6729a7d71f6ce08635ad5925c9759385bbc02ac7e4b791b8e5bba654799e1d,sha256,unknown-artifact,medium,30,active,2026-10-04,2026-10-04,1,,,,
9b703f1af032e7afb84960dd860123ae63853b7c46e9491be9877e6132b3cfa1,sha256,unknown-artifact,medium,30,active,2026-10-09,2026-10-09,1,,,,
9b75290f6a6359a2a3471022cbba4b724e45105b313ae8f6c103a2f79e82a857,sha256,unknown-artifact,medium,30,active,2026-10-04,2026-10-04,1,,,,
9b85e16f0968600c6b6b0c874acb7d5c243d6ee67790fb9959d61f9c174a1e5c,sha256,unknown-artifact,medium,30,active,2026-09-30,2026-09-30,1,,,,
9b873eb74f5d20f471a4e7c1f514569b5829a1e7556d1d0aee17553ad2389626,sha256,unknown-artifact,medium,30,active,2026-09-16,2026-09-16,1,,,,
9b8d13e50a7912de77e9fd3ecb885a1eb58328d2c796df5009bab915fe650b34,sha256,unknown-artifact,medium,30,active,2026-10-04,2026-10-04,1,,,,
9b9b42ce094aecbd6dd09579c229e270363b61684e52a3cf44eaafccb949870e,sha256,unknown-artifact,medium,30,active,2026-09-16,2026-09-16,1,,,,
9b9d33d6e0f60d40977bcbc0ade4bdc2b6c235d17435df804970f090e67a93f5,sha256,unknown-artifact,medium,30,active,2026-09-15,2026-09-15,1,,,,
9badc05d007c359d45b3ce122136bcaa880a11df6fadf007b974f9f765380c29,sha256,unknown-artifact,medium,30,active,2026-09-30,2026-09-30,1,,,,
9bc489b1d6fd325ca91bef5e5f4ecf8c9bd7587d6c0ff841619ef3f61b2a1b30,sha256,unknown-artifact,medium,30,active,2026-10-07,2026-10-07,1,,,,
9bce8f6655974ae8907680d245b64666b907987683d7cf78f659055936a50c90,sha256,unknown-artifact,medium,30,active,2026-10-04,2026-10-04,1,,,,
9bd41805e1d3e69ec8d101ad6c0d3cf73ebad5529e021ef9986fb0c2ac03fb6a,sha256,unknown-artifact,medium,30,active,2026-09-25,2026-09-25,1,,,,
9bdc64b03351b41af09d2d96886215d2ff9263b10f1982e282c025b440441395,sha256,unknown-artifact,medium,30,active,2026-09-30,2026-09-30,1,,,,
9bf16771c72f074f5a368c348f312a1697cb528c20a9fbef3c8d787128284c1b,sha256,unknown-artifact,medium,30,active,2026-10-04,2026-10-04,1,,,,
9bf8be0eac2cc4d0cf723ee45c776b95a35811b198c6003bad29c24fbc5a4e31,sha256,unknown-artifact,medium,30,active,2026-09-30,2026-09-30,1,,,,
9bfad2cd4192260ce25f2c94cd8397b204b8544aab21d6c7c9bdce1373c68330,sha256,unknown-artifact,medium,30,active,2026-09-15,2026-09-15,1,,,,
9c17fb983c44f19d0d6de51d825f513dc456f6c84fa6a8ab8a12b85d1d1b0d01,sha256,unknown-artifact,medium,30,active,2026-09-26,2026-09-26,1,,,,
9c271f7a0a11a2337cbb3e1f4821904f018baffbf248c9a4272d098feb80f6fe,sha256,unknown-artifact,medium,30,active,2026-10-03,2026-10-03,1,,,,
9c3a3a55e0d1d384d2612b7bf5d0181394b568972ec6c79df85bff8061c3c24e,sha256,unknown-artifact,medium,30,active,2026-09-15,2026-09-15,1,,,,
9c43550c7d6382d5c264c74377d7f28b0228b8f377174f7de9a746a556385039,sha256,unknown-artifact,medium,30,active,2026-10-06,2026-10-06,1,,,,
9c47f494885cff326699097d4706ec11ae874fe9ec721fdbe707a19871c956d7,sha256,unknown-artifact,medium,30,active,2026-10-10,2026-10-10,1,,,,
9c5955fc99a60b8f6dee6cf582c4420d91e1b3e2a201f532c91e2cbdfce7fa51,sha256,unknown-artifact,medium,30,active,2026-09-25,2026-09-25,1,,,,
9c627b49265ccdd36e5de08956feb3833dd09eb9e4a4925517fa609099379826,sha256,unknown-artifact,medium,30,active,2026-09-27,2026-09-27,1,,,,
9c69a47e1952fbe3dea3206ec8a5b15447effb4fd0d4a0cecfce5b010e414a18,sha256,unknown-artifact,medium,30,active,2026-10-10,2026-10-10,1,,,,
9c888c63743351385eb239e18cb28a0105577ed511655b1ed8e638f2d78a0c5b,sha256,unknown-artifact,medium,30,active,2026-10-09,2026-10-09,1,,,,
9c9c002c545fc455e45a18a60bf7d1ad93dfc3815edd16cf8fbcecfe123eb862,sha256,unknown-artifact,medium,30,active,2026-10-03,2026-10-03,1,,,,
9caf58be541d6bb26e44349a123499868a1772b878dcd322319b5b99baa8330a,sha256,unknown-artifact,medium,30,active,2026-10-03,2026-10-03,1,,,,
9cbb8a3c05e16b93ad5f5257cda63071b49a4930d3d2c16ca1fdaf9c2ef6b836,sha256,unknown-artifact,medium,30,active,2026-09-29,2026-09-29,1,,,,
9cbef9721daae3e344cc72ddab3a4e63f35fe87cad13c40990962bc36086aaf9,sha256,unknown-artifact,medium,30,active,2026-10-03,2026-10-03,1,,,,
9cc59bd6d0abb2091ee2ad6b6bbf15e10b28cabe904d738b288a134b0bc7f5d2,sha256,unknown-artifact,medium,30,active,2026-10-10,2026-10-10,1,,,,
9cc5a48ac7f622a1910eca3f9dbe07eaa9d4996aa9ed3f01fe0f2fba1fe5ed48,sha256,unknown-artifact,medium,30,active,2026-09-26,2026-09-26,1,,,,
9cd27eb4bb5a1d916f2567536ad81e28e3b45e793d211fdf9310bc5156f880ff,sha256,unknown-artifact,medium,30,active,2026-09-15,2026-09-15,1,,,,
9cdb167874fc7cc9a4e9715e9365ef2b0915f75f856f53e9eecc39cb0ac68803,sha256,unknown-artifact,medium,30,active,2026-09-14,2026-09-14,1,,,,
9ceece10cf8b97d1f1924dae5d14c137fd144ce999ede85f48be6d7582e2dd23,sha256,unknown-artifact,medium,30,active,2026-09-15,2026-09-15,1,,,,
9cf18eaeace05b33a19c2157c892cd4c5430523582a7e8a0a31a8c41bd660e30,sha256,unknown-artifact,medium,30,active,2026-09-15,2026-09-15,1,,,,
9d1202c544b4e9ff5e032b1671f9825233247cfac790f2eb36a09bd697f00164,sha256,unknown-artifact,medium,30,active,2026-09-23,2026-09-23,1,,,,
9d1b1a51f571d56c46a9905be464a383ec51731d524642c354ae04c83160c112,sha256,unknown-artifact,medium,30,active,2026-09-30,2026-09-30,1,,,,
9d272f1f3e92f7c5efdcfdda0ab92facccd98c340be8be09064060503fd167e4,sha256,unknown-artifact,medium,30,active,2026-09-25,2026-09-25,1,,,,
9d36b4e7dafb80a1cb6a72377fb1fe22a05ef2d4d5476ae23d1e137ee52f57b9,sha256,unknown-artifact,medium,30,active,2026-09-30,2026-09-30,1,,,,
9d4e09b1f76d40cfb8108e77da60a37b2dae25cde575374979fbe62ed3bacf58,sha256,unknown-artifact,medium,30,active,2026-09-26,2026-09-26,1,,,,
9d63dbbb89a90b395f4d983fd801a98de955c797d4c1aa35e19d1289d38afe9f,sha256,unknown-artifact,medium,30,active,2026-10-09,2026-10-09,1,,,,
9d6b13e82e0fb1c19d9f6e8c6d90f06117c91e3f11c7f2f78f8efcee3722904b,sha256,unknown-artifact,medium,30,active,2026-10-07,2026-10-07,1,,,,
9d6bd30bc1ca1d6b6fc6c0765c584c17441a95e48ffede5282a374bb801ef352,sha256,unknown-artifact,medium,30,active,2026-09-15,2026-09-15,1,,,,
9d794ce8390332ab53d86bebab366a9953af5b09c6f03e2fb0d8e8fdf2d3aeb2,sha256,unknown-artifact,medium,30,active,2026-10-03,2026-10-03,1,,,,
9d7da35842a8c6daefee0b8f41106dd75c03b07ea56d74ae62a5d78a0d9eb9b2,sha256,unknown-artifact,medium,30,active,2026-09-30,2026-09-30,1,,,,
9d8179722ce1d4c3c5f5b2501731b99555d1d5da5416c27aafff923e2a841beb,sha256,unknown-artifact,medium,30,active,2026-10-09,2026-10-09,1,,,,
9d8fbe690dadd44e825244f7ca1cb11c9fd12792c69bebdd61e50262b108e194,sha256,unknown-artifact,medium,30,active,2026-09-29,2026-09-29,1,,,,
9d9113f1ea5420c469941f0b8c9d74156bd6da61253a931086c233f8dd69db3f,sha256,unknown-artifact,medium,30,active,2026-10-09,2026-10-09,1,,,,
9d9b759414b6162ac3979613804ee531b9fd75df15889b8df78fa059f126ac6c,sha256,unknown-artifact,medium,30,active,2026-09-15,2026-09-15,1,,,,
9da378872ca49fa300d2fd9573072bc7d81bb3dd3a0893a1c758a1b109a5e870,sha256,unknown-artifact,medium,30,active,2026-09-26,2026-09-26,1,,,,
9da5c5d0ad72c715dfb91ad73e106c3f5ee118b8b4a71083c5731312afeb3e36,sha256,unknown-artifact,medium,30,active,2026-09-16,2026-09-16,1,,,,
9dba7f116b73c5db6ece3e0bd994a105e133ba2177d44c64269229d176ab7bbc,sha256,unknown-artifact,medium,30,active,2026-09-15,2026-09-15,1,,,,
9dc36d18e01e920ed3e6e9f6228853b3d8134faa7962c89b7b3c22c04115e348,sha256,unknown-artifact,medium,30,active,2026-09-27,2026-09-27,1,,,,
9dcc59548fda813749ade4dee6a85845f103b879f2762a93c6323e8258f8f3d3,sha256,unknown-artifact,medium,30,active,2026-09-27,2026-09-27,1,,,,
9dd40a09deb8b00d30d0864658052c3b68ee7920dcc5c819bc9c1fbe62777321,sha256,unknown-artifact,medium,30,active,2026-10-04,2026-10-04,1,,,,
9de7d5be2caea36f4eb11f455d205dea9ae8b61286357bac6a4b82bd0164bcfe,sha256,unknown-artifact,medium,30,active,2026-09-16,2026-09-16,1,,,,
9debb268e08618c34146c4b22c3512564ab9222313e05510e547fe2c26ce70b7,sha256,unknown-artifact,medium,30,active,2026-10-10,2026-10-10,1,,,,
9df1c6bfe659f49747bd3bb71c313f266bb825f77f93e30ff51228bb96588556,sha256,unknown-artifact,medium,30,active,2026-09-22,2026-09-22,1,,,,
9dfc119e48f0871c2a67760aa7d4c82f1227f1b965a591d5e61e503da353d521,sha256,unknown-artifact,medium,30,active,2026-09-27,2026-09-27,1,,,,
9e0645bfea470293cc2588cacc33a0a45bf2098a3b847992ea3322ac09ce1ebc,sha256,unknown-artifact,medium,30,active,2026-09-30,2026-09-30,1,,,,
9e0dd0cdacaf40870519a93b620549c2fe38198dc9b0b142bea0ce9d139effea,sha256,unknown-artifact,medium,30,active,2026-10-03,2026-10-03,1,,,,
9e1192e200c6859823d19813427e1b9161a971ff6a9d7a42a6b44110c449f6a6,sha256,unknown-artifact,medium,30,active,2026-09-29,2026-09-29,1,,,,
9e2d890b3a5f4103c7559982e22ffd5305b3e3094038d88025596b07623c4a85,sha256,unknown-artifact,medium,30,active,2026-10-03,2026-10-03,1,,,,
9e3b6267d614dd2fcef505f4f7dd7550b2a9cf0eb2d7c447e163e0828fc9893f,sha256,unknown-artifact,medium,30,active,2026-10-04,2026-10-04,1,,,,
9e3f0987bd2f072db2cac43bdbca4357e8542377b162fcb913155068f47dfcbb,sha256,unknown-artifact,medium,30,active,2026-10-06,2026-10-06,1,,,,
9e49fb3fe8f48749b68c18ba52a7d4c8a954958c0c53fd61cd16d90b04af56ac,sha256,unknown-artifact,medium,30,active,2026-09-28,2026-09-28,1,,,,
9e50f657e2ae7e7e05821eaae95c8c6e4432a474868ce93ca049a3add5bb1497,sha256,unknown-artifact,medium,30,active,2026-09-30,2026-09-30,1,,,,
9e5f90ad29001413dda773ea509fcde3d88f14035702137a8cc173b71e6c8b22,sha256,unknown-artifact,medium,30,active,2026-10-09,2026-10-09,1,,,,
9e6c0c1db1e0dfb3fa5159deb4ecd9715b3c8cd6b06bd4a3ad77e9a8c5694219,sha256,unknown-artifact,medium,30,active,2026-09-30,2026-09-30,1,,,,
9e825638c2cca284e77cda374e76580fcf67d2c1d877419ccefecba75ccbcc68,sha256,unknown-artifact,medium,30,active,2026-10-04,2026-10-04,1,,,,
9e89066775f5a32a871a4d6bc0a544b19f87600e9838efc84a9362b2caff8c62,sha256,unknown-artifact,medium,30,active,2026-10-04,2026-10-04,1,,,,
9e9325140a76ff2328893e51e1e9189f00b5fce77557e4035fdf461e769745fc,sha256,unknown-artifact,medium,30,active,2026-10-10,2026-10-10,1,,,,
9e93d9bb8e8c69c5cf4b5a399e81d885a268831b3e0fa23f17ad36d51a2a542e,sha256,unknown-artifact,medium,30,active,2026-10-03,2026-10-03,1,,,,
9ea8292358722baacaf51421e66a60e87043b908a093f1db7874d0440fd20906,sha256,unknown-artifact,medium,30,active,2026-10-09,2026-10-09,1,,,,
9eac40e8a83e358d96103726fde9cc9f589b270aa401dd273c737efd42c01a08,sha256,unknown-artifact,medium,30,active,2026-09-15,2026-09-15,1,,,,
9ec58d7dd9f1b302f15daeae6c36deb03c11a56cc51970a6ba92d2159e6cee5e,sha256,unknown-artifact,medium,30,active,2026-09-23,2026-09-23,1,,,,
9ed08c7a191a716bfb4d0ae7e29f7e19b5888a8c1940a5851850bda31219b80d,sha256,unknown-artifact,medium,30,active,2026-09-22,2026-09-22,1,,,,
9ee1942cc749865b7992c132bb7d4cc544fc189cfaa450882999a52ea98e0c23,sha256,unknown-artifact,medium,30,active,2026-10-09,2026-10-09,1,,,,
9eec28886f411e97b83706b08ee7d886d0de99dd2b8498ecea86208e10cfc712,sha256,unknown-artifact,medium,30,active,2026-09-15,2026-09-15,1,,,,
9eed40d5a76dbcc06f6875f3f3f54db58d29d4e33f00b64475687b0ad29b2f36,sha256,unknown-artifact,medium,30,active,2026-09-27,2026-09-27,1,,,,
9eefdcdefa29cf1c54bd395a552f5530db1f97dd3a5a5ef0de58805a95133e6d,sha256,unknown-artifact,medium,30,active,2026-10-03,2026-10-03,1,,,,
9ef11ca1cb146c1b5b4d29c9323cda12db0237789edad23800785593b4255d16,sha256,unknown-artifact,medium,30,active,2026-09-14,2026-09-14,1,,,,
9f071daef5feb6ad6566145bc54272177c2a44a9ee6e809a9467faeebf38b3b9,sha256,unknown-artifact,medium,30,active,2026-09-15,2026-09-15,1,,,,
9f283950a8255469230469d3047fd5c2529336519eb42ec9e3ba1fa227b4d0ea,sha256,unknown-artifact,medium,30,active,2026-10-07,2026-10-07,1,,,,
9f2fdd4b4e7706dda74e8e443e1e1da0fbbb19c62a58e230e90d648b69177c35,sha256,unknown-artifact,medium,30,active,2026-09-22,2026-09-22,1,,,,
9f4f850270faf09f957c3ed291ae06470e91cdd72b54d6b93f56e4699497ab5a,sha256,unknown-artifact,medium,30,active,2026-10-09,2026-10-09,1,,,,
9f5059c651edcb8fad48ac60aa8b59f2669746422f8583ab2fac2f18f5f8a21b,sha256,unknown-artifact,medium,30,active,2026-09-25,2026-09-25,1,,,,
9f56e761d79bfdb34304a012586cb04d16b435ef6130091a97702e559260a2f2,sha256,unknown-artifact,medium,30,active,2026-10-03,2026-10-03,1,,,,
9f611d59c7358a6c4d2cb135db4759b8bf51b4302dca101fd3d74c4580acb72c,sha256,unknown-artifact,medium,30,active,2026-10-03,2026-10-03,1,,,,
9f67c8340d73409328113894da470fc4c7cd8307f6dac20ef5698d27d5c56cac,sha256,unknown-artifact,medium,30,active,2026-09-30,2026-09-30,1,,,,
9f6adc6dbc7af992de9c9e2bcc4b179e68bfb6cac39d41e2e3d7d0a4b0debfdf,sha256,unknown-artifact,medium,30,active,2026-09-30,2026-09-30,1,,,,
9f6d13c740bd378c327f9b6b4e20de128caed3b796eeaf8b21fea8812a20ff03,sha256,unknown-artifact,medium,30,active,2026-09-26,2026-09-26,1,,,,
9f7b2eb9363696d210c22e3107d0431881577a9506039bde1c55f35f3196e06e,sha256,unknown-artifact,medium,30,active,2026-10-04,2026-10-04,1,,,,
9f862120b17a40cd76870024c47d808cbb2fc26ae8eb447c9c709c10529d3ebf,sha256,unknown-artifact,medium,30,active,2026-09-16,2026-09-16,1,,,,
9f873b44f997ce5476cbab7f12c462100b868beae689c5f193a55fa261462002,sha256,unknown-artifact,medium,30,active,2026-10-03,2026-10-03,1,,,,
9f95e477764fc7c5953f0d98642a1b348310c1035f7b13874101063b34301bca,sha256,unknown-artifact,medium,30,active,2026-09-27,2026-09-27,1,,,,
9f9aab8872efea6c70703a38f012aa9388e0ec68964aad0fe509351f7ca04f3f,sha256,unknown-artifact,medium,30,active,2026-09-25,2026-09-25,1,,,,
9fb22d8a3db651d8eb63689cfa8c29073037c7ce570264a0d26b19171ab15728,sha256,unknown-artifact,medium,30,active,2026-09-26,2026-09-26,1,,,,
9fb257c2d1281f518d8ccb6f3eeb30b1d92bcf66ddb413db2d8f0dafaa47659f,sha256,unknown-artifact,medium,30,active,2026-09-30,2026-09-30,1,,,,
9fba8c48d4437e5e07a080b20cd8b8fd86792868af5155a8af90aeb70d9cecc2,sha256,unknown-artifact,medium,30,active,2026-10-09,2026-10-09,1,,,,
9fbd514407a775c82e523ea5df5c0f7224c55092da767eb495aaa56c07be8f91,sha256,unknown-artifact,medium,30,active,2026-09-26,2026-09-26,1,,,,
9fc1f3b5b4c9e161a5bd1683fbd3bb81d07ff32bcd42ffcdb7bdcf14cade030e,sha256,unknown-artifact,medium,30,active,2026-09-15,2026-09-15,1,,,,
9fc34a9ca4ccf110e367ae20e69f752f211bc9fdf558d84a9d7e40ae50b6a980,sha256,unknown-artifact,medium,30,active,2026-10-09,2026-10-09,1,,,,
9fe68869e9a245ace633f7d95f8a84125bb86f975de708c0f97ed7ddd193a875,sha256,unknown-artifact,medium,30,active,2026-09-30,2026-09-30,1,,,,
9fef855a2d38dab3d4c4452f6211fbe915b0ad3a99dba1f761835fcfa02aa2d2,sha256,unknown-artifact,medium,30,active,2026-09-27,2026-09-27,1,,,,
a015c2d95a68965ed548c43203ecfc095029dfad349812ab577e31216cb8b5e8,sha256,unknown-artifact,medium,30,active,2026-09-15,2026-09-15,1,,,,
a01aae6591265883af356f6eb7fecce84e4586247a31a2d02dd71f9c2b9de2b8,sha256,unknown-artifact,medium,30,active,2026-09-30,2026-09-30,1,,,,
a01eb3fda076afca115c08857cb25d9884b2bff858d3b6e21421f313b510218e,sha256,unknown-artifact,medium,30,active,2026-09-26,2026-09-26,1,,,,
a0249e9fd12bd17b0bd6ce9b47b2a25b2164a520f577c7f75a9a76b23d27ef53,sha256,unknown-artifact,medium,30,active,2026-09-15,2026-09-15,1,,,,
a0257121c244fe2e8e548c4ddf7f1e542aeba0c0de91e7237022e2b554f49a5e,sha256,unknown-artifact,medium,30,active,2026-10-09,2026-10-09,1,,,,
a02ddcf867e01a395139a06b682307f53a7e42f40208c479eee2530affc83cb6,sha256,unknown-artifact,medium,30,active,2026-09-30,2026-09-30,1,,,,
a036ff8e08abe7cdf06b9dbc3d75aefecb12b1e042e2c30d205470a80f2bc333,sha256,unknown-artifact,medium,30,active,2026-09-15,2026-09-15,1,,,,
a05aa5a0b26036c6e0e336ac3e34791ccb9823da93e1a2f15562adf721246e2e,sha256,unknown-artifact,medium,30,active,2026-10-07,2026-10-07,1,,,,
a05ce389000afee2fdd31653412a9a3c9e71b51b9a03c81ba40a878893194e13,sha256,unknown-artifact,medium,30,active,2026-09-28,2026-09-28,1,,,,
a07203ba4aab362030d99704748d277b957402cfb9184ae6670717b91f5c277e,sha256,unknown-artifact,medium,30,active,2026-09-15,2026-09-15,1,,,,
a0730a0d8d78c8874bca6d1ceeaf5033fb76fe319f28b9ee45562c7e91c2782d,sha256,unknown-artifact,medium,30,active,2026-09-28,2026-09-28,1,,,,
a0945e81043d6cf56c8591036f3c14527b17c4c44965e92713944680dcb60af2,sha256,unknown-artifact,medium,30,active,2026-10-03,2026-10-03,1,,,,
a0be965e17442988c15b6053bbd24228ef74dfeb210517dac4ce714eed9b30b5,sha256,unknown-artifact,medium,30,active,2026-10-04,2026-10-04,1,,,,
a0c007051f7389097d8fd6e00c7a97a37b87b2dbaf8f54851206e0f37dfffcb9,sha256,unknown-artifact,medium,30,active,2026-10-07,2026-10-07,1,,,,
a0c6294c1d12124bc8af2424b3d1e773f899b290ad087916699d80cd66b0b866,sha256,unknown-artifact,medium,30,active,2026-09-16,2026-09-16,1,,,,
a0d92b133a7499fcb47acafed18ab8e6573658903bdd839fb593fce400f8a3f9,sha256,unknown-artifact,medium,30,active,2026-10-04,2026-10-04,1,,,,
a0fc314669d7ad88c13473e32fd9c4a9f9c4dbde1ecd01da420b719d15053b1d,sha256,unknown-artifact,medium,30,active,2026-10-09,2026-10-09,1,,,,
a10c7145abea8c804892e4c8186cbc5f36dbda51779e6a75cbb16d61be4dac9c,sha256,unknown-artifact,medium,30,active,2026-09-28,2026-09-28,1,,,,
a115051820ef17fb12fc71381dc8d0d92becd6dd91039b85a22365bc9ca4a8c0,sha256,unknown-artifact,medium,30,active,2026-09-15,2026-09-15,1,,,,
a1391d95315942cbe1f88bb1978b8cf63b3a53502c2805d67baca53a88fe6082,sha256,unknown-artifact,medium,30,active,2026-09-26,2026-09-26,1,,,,
a13a7147c137af0df7bdcd69d98215de1ecda9894de53c466f110409a38cb909,sha256,unknown-artifact,medium,30,active,2026-10-04,2026-10-04,1,,,,
a148f84ed79918a0af1ab467eb5fd53163b0f971890879b7fd9a9b7cd2e1484d,sha256,unknown-artifact,medium,30,active,2026-10-04,2026-10-04,1,,,,
a14ca171b36b00545d3d01c690d64a3ffd9bd2c1016a0cce79b96e184c764d8f,sha256,unknown-artifact,medium,30,active,2026-09-30,2026-09-30,1,,,,
a151d3f4f2422531f30a843ffb35479596c86722bb103bdf8591105687f9b125,sha256,unknown-artifact,medium,30,active,2026-09-14,2026-09-14,1,,,,
a15d5f778fe8336d9fdf6404d8ebe71bb5708aa6381906430f3b8475678f41ce,sha256,unknown-artifact,medium,30,active,2026-10-03,2026-10-03,1,,,,
a15d816ddaae2fc9ed37fa72d5192cfa60a86e94a9f709277aa2ec69fd7f9cb7,sha256,unknown-artifact,medium,30,active,2026-10-07,2026-10-07,1,,,,
a173582fd8632bbe8d5b61d1fc429a342427fdcb1645836432448b1defdaf25f,sha256,unknown-artifact,medium,30,active,2026-09-29,2026-09-29,1,,,,
a17a8b954da5ba663c2eb91d10ba4d104af01f1533a366230ca1ecf26654642d,sha256,unknown-artifact,medium,30,active,2026-09-15,2026-09-15,1,,,,
a180b4d00561675b8e30720a64494fa30d179c99ab5dfe1b12b505439e0a780c,sha256,unknown-artifact,medium,30,active,2026-10-09,2026-10-09,1,,,,
a1892b971e20d4ada898a8c19bc93162bc0f73bfb542ee5ee54cc1e081bea613,sha256,unknown-artifact,medium,30,active,2026-10-04,2026-10-04,1,,,,
a18cf5591341315862c53846bcb3c6182a4ad15057943ed2cfa864b9e4ed952e,sha256,unknown-artifact,medium,30,active,2026-09-15,2026-09-15,1,,,,
a1913eaf2cefe6e3787af559b35d4a2a11b8cbbb4efb7b15815cf79745427dcd,sha256,unknown-artifact,medium,30,active,2026-09-15,2026-09-15,1,,,,
a19db3d3c0a66608e9ab3652aaf2cfde36328111f9b3423d999e2ecdbc9e0ffe,sha256,unknown-artifact,medium,30,active,2026-10-07,2026-10-07,1,,,,
a19fd0d0669097d8795f9f9387d74aea486178e4a838dbdfc2e020ae6ce8a6f0,sha256,unknown-artifact,medium,30,active,2026-10-03,2026-10-03,1,,,,
a19fff14f7b8f3ea70040e7e1232aebef27697bef20be5b04325cd2c080c81b5,sha256,unknown-artifact,medium,30,active,2026-09-29,2026-09-29,1,,,,
a1a5e2a0cef08155e6b959c67fe653eb4d1c82984b7319e9eca60d084471705d,sha256,unknown-artifact,medium,30,active,2026-09-15,2026-09-15,1,,,,
a1aa4424af7ffd59fa60d009772b3a8fb298770ebae0022e072be70e29a49b84,sha256,unknown-artifact,medium,30,active,2026-09-15,2026-09-15,1,,,,
a1d075ff7f56dc5319e7fdade040a6192606c735dfbe226204f1ed848b95e57b,sha256,unknown-artifact,medium,30,active,2026-09-15,2026-09-15,1,,,,
a1fb50e6c86fae1679ef3351296fd6713411a08cf8dd1790a4fd05fae8688164,sha256,unknown-artifact,medium,30,active,2026-10-03,2026-10-03,1,,,,
a1fc1cb4e91671b43d5b6c13b33bcf53ed37abfba6d194820c04c418cf0acb55,sha256,unknown-artifact,medium,30,active,2026-09-30,2026-09-30,1,,,,
a207c5c3d99876a2fa4d9b2b95f1ae9ab77ad6989442f273804a1ba82effb62a,sha256,unknown-artifact,medium,30,active,2026-10-04,2026-10-04,1,,,,
a2086189e5ceaaf9675804199f8ed961145e83b8d7a553903b2d9ff62ad330e5,sha256,unknown-artifact,medium,30,active,2026-09-15,2026-09-15,1,,,,
a20a500e20b2fa64a662867bc6930e71e314ca31374b48d14d20e94cb8a0b596,sha256,unknown-artifact,medium,30,active,2026-09-15,2026-09-15,1,,,,
a21092beb26709b04ed728cea7da0a9b06858d5788e478b132a161ddbee2b6a6,sha256,unknown-artifact,medium,30,active,2026-09-26,2026-09-26,1,,,,
a21150cd474f38fb9d1d235ccd0ae42d569ab56d92d094428ed99f371502a089,sha256,unknown-artifact,medium,30,active,2026-09-15,2026-09-15,1,,,,
a21f4953886975f31144215b8ca4110b4e90d292b0711b6315fc2123e70f5e68,sha256,unknown-artifact,medium,30,active,2026-10-09,2026-10-09,1,,,,
a22e4a6ec5ef937e32a7ba98cd387f71858cbb5620ec2f406de55b4a6721e146,sha256,unknown-artifact,medium,30,active,2026-09-23,2026-09-23,1,,,,
a23797eeff46387ca241b39a4eda75b8f8696b4f97d11fa85ab41e9280640880,sha256,unknown-artifact,medium,30,active,2026-09-27,2026-09-27,1,,,,
a23fc90d19607312c9a59d9102639cb096a848af58a9ad95c193dd806074180e,sha256,unknown-artifact,medium,30,active,2026-10-04,2026-10-04,1,,,,
a25105c5d8df8e18fd5b1dafb545b9e97806af5545fa63855f157029803c707b,sha256,unknown-artifact,medium,30,active,2026-09-26,2026-09-26,1,,,,
a25e1f93bd556ac6430653598156ea38ca7eb3e4e91463fcd93d7b9827bbeef7,sha256,unknown-artifact,medium,30,active,2026-10-04,2026-10-04,1,,,,
a26098a8ae83fb5cbc94e9f31e07f7b10ced84a6fa6bd80bb8a76e5079d302ac,sha256,unknown-artifact,medium,30,active,2026-09-15,2026-09-15,1,,,,
a2782aa6fc01988c16bb63c7cd88d694790db18dd7ae101967ce118bd7d701e4,sha256,unknown-artifact,medium,30,active,2026-10-07,2026-10-07,1,,,,
a27b190bb5d9d777e805637afd9e77629b8b966d19b1bf62d41045d88229f1fd,sha256,unknown-artifact,medium,30,active,2026-10-06,2026-10-06,1,,,,
a27ecdde642e982bd3c9f0e7ef3b8d103aff5930d8ce434037d90273ad76339b,sha256,unknown-artifact,medium,30,active,2026-09-16,2026-09-16,1,,,,
a290d630c9c9a212d47295fdc6a8d52a570ccaaec9ef81264c1dcf73b5692ed6,sha256,unknown-artifact,medium,30,active,2026-09-25,2026-09-25,1,,,,
a292fb201b617a30773aa54893a982172cd600145c3e9a3832483fbb7296bdc1,sha256,unknown-artifact,medium,30,active,2026-10-09,2026-10-09,1,,,,
a2b60821a6632b8cbe5a6476900a1c8ee8ed2679e541edfd352fa2e029e51abd,sha256,unknown-artifact,medium,30,active,2026-10-04,2026-10-04,1,,,,
a2d09c9bb8f7a108cb9e82b410e88d46960f363677808c8bc9421cee9c0b4675,sha256,unknown-artifact,medium,30,active,2026-09-15,2026-09-15,1,,,,
a2d37d755bbe754b1fc5c36aacff40843fdae1b53cc6a7fb9b7b515223dad532,sha256,unknown-artifact,medium,30,active,2026-10-04,2026-10-04,1,,,,
a2e653259adaa6ba3c2f9652c213a62c0a8760455aa1c6074f995003a9b631a7,sha256,unknown-artifact,medium,30,active,2026-10-04,2026-10-04,1,,,,
a2ed11a6cee45d80acc44de75af899f9f35eea410301f9571b57b9160bb4a769,sha256,unknown-artifact,medium,30,active,2026-09-27,2026-09-27,1,,,,
a2fa1f78bbff56ed1141f6779cd0a0c2296fc6118030b05cc96ef1859de00e13,sha256,unknown-artifact,medium,30,active,2026-09-15,2026-09-15,1,,,,
a30dbc349e8ae46944ff5641be516c6a6f5f32a920e1224555088ffd2eddf430,sha256,unknown-artifact,medium,30,active,2026-09-27,2026-09-27,1,,,,
a30e0d87a5b79b7b4d7403a8715a354ae68dd88b3d021562efe5fe69a6c6c833,sha256,unknown-artifact,medium,30,active,2026-09-30,2026-09-30,1,,,,
a3186e20d9fb28f0cfbe49ff7a6664867409cb3ff04923bead35aa34e5209fa2,sha256,unknown-artifact,medium,30,active,2026-09-30,2026-09-30,1,,,,
a3217c41b23c4c87b2fabb104ad174760dd5b85977bd644978d84394d25bc309,sha256,unknown-artifact,medium,30,active,2026-10-07,2026-10-07,1,,,,
a32378c85b89e026b3dfc9240c4d5ddaaa23d9ce0a2202d9686f9b6811df038f,sha256,unknown-artifact,medium,30,active,2026-10-09,2026-10-09,1,,,,
a326cd31588437877424141d3b4e795239862f3d9b5dc0335bb99b0bf01c0353,sha256,unknown-artifact,medium,30,active,2026-09-15,2026-09-15,1,,,,
a327a998bed78b560b14b389d60d55e9cc6fe54c26dfd0038b0ada5cd4bc4504,sha256,unknown-artifact,medium,30,active,2026-10-04,2026-10-04,1,,,,
a34d2692b6e031fd06fc3cdd8b65a9743029a0c27180b76d3c36cd3a0011d2df,sha256,unknown-artifact,medium,30,active,2026-09-15,2026-09-15,1,,,,
a3519a1794a1098d20938466f429389ba4b7edd9d954b437de00cb536661f25a,sha256,unknown-artifact,medium,30,active,2026-09-26,2026-09-26,1,,,,
a36159865fb75e83b5537b5ec87f23f009f7bbbf0c44bb757299343086d0a2ab,sha256,unknown-artifact,medium,30,active,2026-09-27,2026-09-27,1,,,,
a364ca553ba89608e9ec6c765458083c0e9c2955a0d1a62e2165d457150b795a,sha256,unknown-artifact,medium,30,active,2026-09-14,2026-09-14,1,,,,
a36c3d8501f20814e43324669184b3e4f9f667f01b444fc5894a457a253c01e1,sha256,unknown-artifact,medium,30,active,2026-09-23,2026-09-23,1,,,,
a36db8dc08da6b41fdedfcbf6cc6071963abfa0c201175cd603e59c481abca96,sha256,unknown-artifact,medium,30,active,2026-09-23,2026-09-23,1,,,,
a37649842a47b8456a763c1b4878d08ea7ecee0ea861db2d7588f99f7e180cda,sha256,unknown-artifact,medium,30,active,2026-09-29,2026-09-29,1,,,,
a3953864ca1a5ce0a8d115ec94bce44b0aa2756c3f252539ad62f54c1c6fd774,sha256,unknown-artifact,medium,30,active,2026-09-28,2026-09-28,1,,,,
a3960f48bb1f93e212cd1ea623b9b58a50d93a1e876f0172b8c07c34824a50f1,sha256,unknown-artifact,medium,30,active,2026-10-03,2026-10-03,1,,,,
a3a5e715f0cc574a73c3f9bebb6bc24f32ffd5b67b387244c2c909da779a1478,sha256,unknown-artifact,medium,30,active,2026-09-30,2026-09-30,1,,,,
a3b69221cb29a965617d0036c603baa70caa654572018a5f03ba0e7fa8260f9d,sha256,unknown-artifact,medium,30,active,2026-09-25,2026-09-25,1,,,,
a3d370f02120892436b65c3daf834a08acb002368ee30996fb263e1dfd903135,sha256,unknown-artifact,medium,30,active,2026-09-29,2026-09-29,1,,,,
a3d643094da135640d34fe33a74e1d7be67848534232d4674c589d7fb9a85432,sha256,unknown-artifact,medium,30,active,2026-09-23,2026-09-23,1,,,,
a3de2e1332ac6cdd0f0c3752d26d575065038feb7956e238ad3e6004666ae6ff,sha256,unknown-artifact,medium,30,active,2026-09-24,2026-09-24,1,,,,
a3f0b9b943f66bb4a07050db04bb2f14df3d33098dedfd00dc9157dd37c1b963,sha256,unknown-artifact,medium,30,active,2026-09-23,2026-09-23,1,,,,
a3f48cd7ac23a07067c10a3bd68958c7fc026c4fe2f83d68d8a527ff39e0e551,sha256,unknown-artifact,medium,30,active,2026-09-15,2026-09-15,1,,,,
a40d91ca11687fdd99258017cbba153869bb7a79216a2df5ac1161dd3c25fadb,sha256,unknown-artifact,medium,30,active,2026-09-15,2026-09-15,1,,,,
a425fcd3bdb89d329bbf97a290c4f7df5b7615ebbf9737ca85bea77ac501b8ed,sha256,unknown-artifact,medium,30,active,2026-10-09,2026-10-09,1,,,,
a426f7e8fb047628727e22ee41a0d32b875f9fd721bc11034918da59b21b8449,sha256,unknown-artifact,medium,30,active,2026-10-04,2026-10-04,1,,,,
a42efa9dc3851a99848994b9e97e8e8e563bd648ba202436e2236d2866a7d32c,sha256,unknown-artifact,medium,30,active,2026-09-15,2026-09-15,1,,,,
a44414b784133d4c418d312ee48c9e80bbbaff829009b2779d4727497b71560d,sha256,unknown-artifact,medium,30,active,2026-09-16,2026-09-16,1,,,,
a44485bc23264b3af3cd067c65db2fc2083b64f68cd544f1ccfb31847b2b934d,sha256,unknown-artifact,medium,30,active,2026-10-09,2026-10-09,1,,,,
a458827fe8082ad5c678fce3de83e15674a42b121f008a8b52d1ae72e2ab36f2,sha256,unknown-artifact,medium,30,active,2026-09-27,2026-09-27,1,,,,
a458eb888c49da5afb341256f3cdc020dad64478ef18571844ac377f4958bc91,sha256,unknown-artifact,medium,30,active,2026-10-04,2026-10-04,1,,,,
a46e22981424af0497c276d4b2180de472b993b54f3986069168254086d8a02d,sha256,unknown-artifact,medium,30,active,2026-10-04,2026-10-04,1,,,,
a46efeb13d9aef656d53f35d7ff8798446edf6e930ab590c3add97f9dcccd582,sha256,unknown-artifact,medium,30,active,2026-09-15,2026-09-15,1,,,,
a46f02d7b28db904aac9b137b661a6bb99cd3d4f9161cf8fad9d04014e9c1002,sha256,unknown-artifact,medium,30,active,2026-09-27,2026-09-27,1,,,,
a470f720381c72d9292fdb92d35f21d7dac0a2063558459528ddb66685f89798,sha256,unknown-artifact,medium,30,active,2026-09-30,2026-09-30,1,,,,
a47ba636e5d086e8fcb8138543bcb56559ee67014da8458ee52f29c5ccf361a9,sha256,unknown-artifact,medium,30,active,2026-09-15,2026-09-15,1,,,,
a491a9a5cee52fd275221330bac90987bc3259a0f392caf224bdef591321796a,sha256,unknown-artifact,medium,30,active,2026-09-28,2026-09-28,1,,,,
a49ddc50ec4a1d326d493defd2ae7839bf4c86bf595729d0bfdeafd6194da34f,sha256,unknown-artifact,medium,30,active,2026-10-09,2026-10-09,1,,,,
a4b20ea206dd3517c69f097b9f4850f399fbb4586d569ea1a7c56accb5805a62,sha256,unknown-artifact,medium,30,active,2026-10-07,2026-10-07,1,,,,
a4b2da8b76c4f3eb8465824a61934032e48ec383277f2bb60c3b084cc1a96451,sha256,unknown-artifact,medium,30,active,2026-09-27,2026-09-27,1,,,,
a4b4d242c38919c8cd0cdf1c48ec700ddb79990f2a19372025d4b7af09e08063,sha256,unknown-artifact,medium,30,active,2026-09-15,2026-09-15,1,,,,
a4b52b4e721d8546ca2009b8df92ecb01960f9dde3b5f4b3f7baf7757dd87290,sha256,unknown-artifact,medium,30,active,2026-09-25,2026-09-25,1,,,,
a4ba5502ebe21c6937a736855d4fb818ab6dc464c601b16858af09bd49758c74,sha256,unknown-artifact,medium,30,active,2026-10-03,2026-10-03,1,,,,
a4e5e3bb85871d5155f1b233c31b86e69a3bb0d201a86d1507414af56293b821,sha256,unknown-artifact,medium,30,active,2026-10-09,2026-10-09,1,,,,
a4ecabd25e559089f34ba0e42b49b99fca95c7abfd90030516eb2520a088082c,sha256,unknown-artifact,medium,30,active,2026-09-30,2026-09-30,1,,,,
a4f49b196f09a044600f93cf8ff42f48c19e36cf5109c7cd9a1b20fbfb987b74,sha256,unknown-artifact,medium,30,active,2026-09-27,2026-09-27,1,,,,
a4f978719008c5e5481c4ef3c551d50360159c74515e2d1a8ce30f8d18f7d8c6,sha256,unknown-artifact,medium,30,active,2026-09-29,2026-09-29,1,,,,
a50d1d220bd26748f59a48f6003d030b6c817336aa13acdc9900183525389d6f,sha256,unknown-artifact,medium,30,active,2026-09-16,2026-09-16,1,,,,
a51e9e366634ea5b2b26b757937751ae55d79cb6371320602a1d53e49c94cec1,sha256,unknown-artifact,medium,30,active,2026-09-15,2026-09-15,1,,,,
a5212e64424b287ca2619c15333774ea209b83a1f696f3490100aae88f2330e5,sha256,unknown-artifact,medium,30,active,2026-09-29,2026-09-29,1,,,,
a5224667377f04d92353e5e236a7388181ee7f70fd512cb256bfead1bb65b07f,sha256,unknown-artifact,medium,30,active,2026-09-26,2026-09-26,1,,,,
a524d7a77a12318f7435d1645f914bd61469de818efd0df206d49fbe4ddfb78c,sha256,unknown-artifact,medium,30,active,2026-09-30,2026-09-30,1,,,,
a525d25f792f747a3a6107324c89e02706725e64e6c08f01f78dcda0d960b406,sha256,unknown-artifact,medium,30,active,2026-10-06,2026-10-06,1,,,,
a53578003421a9e23b7f06ffab127de505289eb9e1cef6d66db08ce3d32b832d,sha256,unknown-artifact,medium,30,active,2026-09-27,2026-09-27,1,,,,
a53e8b11590fea68ccc577498bf09010ccd0c4024ccc238c90a15a765ebd6f5d,sha256,unknown-artifact,medium,30,active,2026-10-04,2026-10-04,1,,,,
a549f58ce0e2e63057a1dbe7cdc461374832c4774812c198831623cf94df5bd9,sha256,unknown-artifact,medium,30,active,2026-10-09,2026-10-09,1,,,,
a54a965199beeb984ddc2ec55d43122c81de666d7c76367de3c5d1f3e84b86e9,sha256,unknown-artifact,medium,30,active,2026-10-04,2026-10-04,1,,,,
a573af0b81dcaca9953ebb137633828c82d6eb9e5884ea2e8c9398638368f172,sha256,unknown-artifact,medium,30,active,2026-10-09,2026-10-09,1,,,,
a57f1358a0fd742766319b15ca510442129bfa76b22d1706feb9bd66b628091d,sha256,unknown-artifact,medium,30,active,2026-09-15,2026-09-15,1,,,,
a5823e2576e7cdd6b1d65e12cbb9b050b52990bd80a778973b699ac9d6eb5fec,sha256,unknown-artifact,medium,30,active,2026-09-29,2026-09-29,1,,,,
a586a00c0a10361d50341232486c254fe0efb6ac52be9a3b9878769b382c4d1c,sha256,unknown-artifact,medium,30,active,2026-09-30,2026-09-30,1,,,,
a5a3744f4767868ed2749ffb55d8f04062d545dcb94920f83d7c60b1529ffec9,sha256,unknown-artifact,medium,30,active,2026-09-22,2026-09-22,1,,,,
a5b2bd98feeddb292bdc3e994f5db7015fb6ff6151026aff49328fa9e05f32db,sha256,unknown-artifact,medium,30,active,2026-10-04,2026-10-04,1,,,,
a5d559e689dcb4e68d5dfd5148cae43e5c9c9dd4845cd945002157fe69dd3ec1,sha256,unknown-artifact,medium,30,active,2026-10-04,2026-10-04,1,,,,
a5da2aa6bc336bba850357cdf27f0ff2a3a1f085db2eb43a636ee646197bc45f,sha256,unknown-artifact,medium,30,active,2026-09-26,2026-09-26,1,,,,
a5e03b33820d9a4b51f06b772bc968142dd61ef5481f4ff1844d3dcab4ac6c37,sha256,unknown-artifact,medium,30,active,2026-09-16,2026-09-16,1,,,,
a5ed018d45eff9babdfbdd75aacbec7098bf5138d5606ddb58bec69b63c8cc0b,sha256,unknown-artifact,medium,30,active,2026-10-06,2026-10-06,1,,,,
a5ef61a1647488d93e62e34b8f67bc7b87fe01b5798f944e5d225dee9341a051,sha256,unknown-artifact,medium,30,active,2026-10-04,2026-10-04,1,,,,
a5f04e6a412ba347c00a8ee68598f524929b353d86f3669567cf63876968d7e4,sha256,unknown-artifact,medium,30,active,2026-10-03,2026-10-03,1,,,,
a5f4f0735aee62390e5caaa650ffa981d6f56a11dd001018eaa23494eaba4e32,sha256,unknown-artifact,medium,30,active,2026-10-06,2026-10-06,1,,,,
a5fa71a0783658bc8fef0bcfba0c54b5a41fcac41f1e3ab0471676966cef5d37,sha256,unknown-artifact,medium,30,active,2026-09-30,2026-09-30,1,,,,
a60fcb73d42897babb8d9dd160a64e92f4b37b620b474870ef5984acf1a8f1da,sha256,unknown-artifact,medium,30,active,2026-09-15,2026-09-15,1,,,,
a6181c9a379bec9ee83ccb842ebb26ab484a1b03f8e9fc894f80321585a03c48,sha256,unknown-artifact,medium,30,active,2026-10-07,2026-10-07,1,,,,
a6276b652068fd1e769e8987b39c1b8294450cdc539816812bef8ea7cefa3986,sha256,unknown-artifact,medium,30,active,2026-09-15,2026-09-15,1,,,,
a6282eaf57f595d6758f0bcecf827d5d49cce5cf62abf8be9a453d97a7d4b87d,sha256,unknown-artifact,medium,30,active,2026-09-26,2026-09-26,1,,,,
a630f4204162336e716b31d56fd4e0bb99b3b1782845e9b2cc7d241a3b186533,sha256,unknown-artifact,medium,30,active,2026-09-26,2026-09-26,1,,,,
a6663666ed93007504cf742faba86a8d35c325b3b4f5a7e55cf612e8ca564810,sha256,unknown-artifact,medium,30,active,2026-09-15,2026-09-15,1,,,,
a6856e000137064be3ea05b065a66bcd9e560428bc59164a29b0ecb8098777b4,sha256,unknown-artifact,medium,30,active,2026-09-27,2026-09-27,1,,,,
a69ec6b9225dccc2737e274107f526b65cf2577275f177d3ccc94a4d991649c8,sha256,unknown-artifact,medium,30,active,2026-10-04,2026-10-04,1,,,,
a6a2ab63e364a44c10aaa6854d9325c10095b758f751b64019fa63bfc6a843a3,sha256,unknown-artifact,medium,30,active,2026-09-27,2026-09-27,1,,,,
a6ab5a6874ae351784fd733a81e196aa7612d006fa977f370a11e6b1cd76b5d4,sha256,unknown-artifact,medium,30,active,2026-09-16,2026-09-16,1,,,,
a6bc13afbab7c1cae4441db332acccffa73b9bbc83d61b2d927c9c85377b9b60,sha256,unknown-artifact,medium,30,active,2026-09-15,2026-09-15,1,,,,
a6e7b41610d1ee45de815e8a6f02a008a70c53b249059e7ebf5fb924ca6a41f2,sha256,unknown-artifact,medium,30,active,2026-09-15,2026-09-15,1,,,,
a6f2850edf2b24531d3b6dc454dd58209681f81dd68a0b2ab3282a10381854b1,sha256,unknown-artifact,medium,30,active,2026-09-24,2026-09-24,1,,,,
a6f45d7b19ebe7128446ba9b58d243976326e41357b2c41d1bbd80cede41fad6,sha256,unknown-artifact,medium,30,active,2026-09-27,2026-09-27,1,,,,
a6f46b5c9ad010d2ac3f7ae4c5575e82ea9df84746aef20f06b0d7aa820381f5,sha256,unknown-artifact,medium,30,active,2026-10-06,2026-10-06,1,,,,
a7087225679163f98b5caa8631a78f99642ec042e36625457a1a4d69093cd16f,sha256,unknown-artifact,medium,30,active,2026-10-09,2026-10-09,1,,,,
a71159c1437f7f0d4926e72cc97835c096281e9ddc5fe5399c9cbf1aad6299ff,sha256,unknown-artifact,medium,30,active,2026-09-15,2026-09-15,1,,,,
a71319d9039346e72dceb301504139237058064e90d36281e96e165b6bfbdd4a,sha256,unknown-artifact,medium,30,active,2026-09-30,2026-09-30,1,,,,
a7160cd7697bfe81343102c9686d614b1b85e87113983689b132c69f89ed76a7,sha256,unknown-artifact,medium,30,active,2026-09-15,2026-09-15,1,,,,
a7162d8ba8cda289c4cf52e604a56c621f086d533fcb332c4e1981a3dd006401,sha256,unknown-artifact,medium,30,active,2026-10-03,2026-10-03,1,,,,
a724a61a756f4af2b253075e02b3542aff67d416e3d61f923f97c5e2beda8ce6,sha256,unknown-artifact,medium,30,active,2026-09-16,2026-09-16,1,,,,
a727cf20993e8e6bc0864cd708e81340090a654d00d3f675bdf625c081502653,sha256,unknown-artifact,medium,30,active,2026-09-26,2026-09-26,1,,,,
a72c5a97951211f9c09dad3eb965e7546e325eac4830b072d8f2e66bf825abd2,sha256,unknown-artifact,medium,30,active,2026-10-03,2026-10-03,1,,,,
a74f6ed27de902c1a137ae9c3c5f000fb50ca681833e29b983188bfce8e2f587,sha256,unknown-artifact,medium,30,active,2026-09-15,2026-09-15,1,,,,
a7535b49de342ff6a985405363f172fc23cbe200b0682fad26c9f61c0258b890,sha256,unknown-artifact,medium,30,active,2026-09-15,2026-09-15,1,,,,
a7657014bb1a119fc4d59536acd6388fbb472261aba83c1110e2bac291bb1447,sha256,unknown-artifact,medium,30,active,2026-09-25,2026-09-25,1,,,,
a76ce2a85f1de0e1f0cef4d7cfb303eeb4e8fab34287ba2544ab6bc26e1de422,sha256,unknown-artifact,medium,30,active,2026-09-15,2026-09-15,1,,,,
a77e51202918d1e6fa89516ee8f2f02b87ce08565398a8d9c1ad7169fbddd0b3,sha256,unknown-artifact,medium,30,active,2026-09-25,2026-09-25,1,,,,
a791b19fe64c7478038336ec8cfc1390590f851ecb58e5cdbc3c01fed9eb750b,sha256,unknown-artifact,medium,30,active,2026-09-15,2026-09-15,1,,,,
a7b0770f1dfee4d2a72b1cc715422dd30da2f201789d404f510619fee96cad64,sha256,unknown-artifact,medium,30,active,2026-09-27,2026-09-27,1,,,,
a7b59001ddb4749862fcb4c1f3822b5560ed09a4a337a56ed796e03b443441bb,sha256,unknown-artifact,medium,30,active,2026-10-09,2026-10-09,1,,,,
a7b85f4ff689fc3aadef21a9850733677f262429ab48f9715dad71016cd9633c,sha256,unknown-artifact,medium,30,active,2026-09-24,2026-09-24,1,,,,
a7c3a8e26fafc7c1eb0b29fd70867f1f2c5176e25440fab90096b8dbf9507f47,sha256,unknown-artifact,medium,30,active,2026-09-26,2026-09-26,1,,,,
a7d29f290a7220055a0408f92d4d8aca433f6a4991ecb710c0c3af6f91ba2832,sha256,unknown-artifact,medium,30,active,2026-09-23,2026-09-23,1,,,,
a7e3a9f37daee01d69362ef153ec2eb101e2dbe80a4b9b1002b9d1500495330b,sha256,unknown-artifact,medium,30,active,2026-10-09,2026-10-09,1,,,,
a818f8d20ac590639f0d9d960d2c37cb54670e5806d2ef2b3fca6f18d75bcf8c,sha256,unknown-artifact,medium,30,active,2026-09-15,2026-09-15,1,,,,
a81ecc65f88c88c394887373d40c1df7c90a429dd15ab11e3e21ac5973ae6a89,sha256,unknown-artifact,medium,30,active,2026-09-27,2026-09-27,1,,,,
a82371ac8c9d7c77bb5a8e97fdc92cf939245d04b029f21973d60d4b81defdc7,sha256,unknown-artifact,medium,30,active,2026-09-22,2026-09-22,1,,,,
a834640b902d4c63e61028e50c41175b0f7bb10c944c24adabbc60e0b03f0487,sha256,unknown-artifact,medium,30,active,2026-10-06,2026-10-06,1,,,,
a83476deeb48a9fd859114304b7373e0aeb476656184afb1a56654c8f0f226c9,sha256,unknown-artifact,medium,30,active,2026-10-04,2026-10-04,1,,,,
a8460f446be540410004b1a8db4083773fa46f7fe76fa84219c93daa1669f8f2,sha256,unknown-artifact,medium,30,active,2026-09-27,2026-09-27,1,,,,
a85dba9552005cd4c4ef15d37fb87b7d710529f1efadd797ca724be14f98cd17,sha256,unknown-artifact,medium,30,active,2026-09-27,2026-09-27,1,,,,
a8600552db4c584817949233caaf7cf46a106d81d09a8b1d510aefa517786fc9,sha256,unknown-artifact,medium,30,active,2026-10-03,2026-10-03,1,,,,
a86a6ee33b3ca0ab1362d51f396043e33b4ecc1a013a639f287a4cada7d4916f,sha256,unknown-artifact,medium,30,active,2026-09-25,2026-09-25,1,,,,
a872e28107f3f98e91fd309de53f2c078bf1555b43d24ac4c32fa94a4471e543,sha256,unknown-artifact,medium,30,active,2026-09-27,2026-09-27,1,,,,
a87b5f07ca33e3a1213126b6d28f6eba0b993b8180a807ea84224708655223b4,sha256,unknown-artifact,medium,30,active,2026-10-09,2026-10-09,1,,,,
a87f31a9bcd28116d6e27f9727f91e41a187ff6e07065f57e7c3f0bfa312432a,sha256,unknown-artifact,medium,30,active,2026-10-03,2026-10-03,1,,,,
a8819975f9d947e63f77e944d4c2418c259a550046c554f2a94dec0cae8bab58,sha256,unknown-artifact,medium,30,active,2026-09-27,2026-09-27,1,,,,
a883dafc480d466ee04e0d6da986bd78eb1fdd2178d04693723da3a8f95d42f4,sha256,unknown-artifact,medium,30,active,2026-09-15,2026-09-15,1,,,,
a886838043c3dff527fa2ed9adca439066d122403e06d15950a40cd7841b6f98,sha256,unknown-artifact,medium,30,active,2026-10-09,2026-10-09,1,,,,
a88bdf115fdfbfe3dffce39e80d334bb45013cb2f39373508952a76143226a24,sha256,unknown-artifact,medium,30,active,2026-09-26,2026-09-26,1,,,,
a8954dc5e18da6516cf35103bc3b02e6aa55694b72e8301ca29893ae59e2cd5b,sha256,unknown-artifact,medium,30,active,2026-09-15,2026-09-15,1,,,,
a896c246445ce6f9c55342efe447c243cdd7236b279a5f14f698392a9a0bf785,sha256,unknown-artifact,medium,30,active,2026-09-15,2026-09-15,1,,,,
a89deade9ac19f30ce73b0ed145287137fa4e615224e135f9458b1cec7245fe8,sha256,unknown-artifact,medium,30,active,2026-09-27,2026-09-27,1,,,,
a8a0596137332239535397e59d9d4e698bfa95bcbd22a4fb2bdf3818339c2944,sha256,unknown-artifact,medium,30,active,2026-09-15,2026-09-15,1,,,,
a8a12c30311e1f41150dc089605a76fc19a8166fd20b01feca2c3f2def142848,sha256,unknown-artifact,medium,30,active,2026-09-30,2026-09-30,1,,,,
a8ad1b0719db2c837c7d3ead75faa163ac6dc5ab418959cbc869d8f84fa2c048,sha256,unknown-artifact,medium,30,active,2026-10-04,2026-10-04,1,,,,
a8ca17c2618ac3dc7e376410baeeb90b7af3197a478d388efc8a8f9b4c7eca73,sha256,unknown-artifact,medium,30,active,2026-09-15,2026-09-15,1,,,,
a8d069e0d366963e4f0b2d91da0c79083c61387bec3f0be7d6f6a1d332943387,sha256,unknown-artifact,medium,30,active,2026-09-30,2026-09-30,1,,,,
a8d372305113b3e05aee426958f363b2a2d32bd57501b6e295e633cca34ec154,sha256,unknown-artifact,medium,30,active,2026-09-15,2026-09-15,1,,,,
a8f415e49505f60d849ef7e7b65ac8fae98a5bf05677450a3ade2867ef4239c5,sha256,unknown-artifact,medium,30,active,2026-10-03,2026-10-03,1,,,,
a906bdda7876c56bbc151092af1c8b0f48c364ef5c2451ea8ef752aa5a94d451,sha256,unknown-artifact,medium,30,active,2026-09-27,2026-09-27,1,,,,
a90f3fb444fba453df9109365df2218c81187f64d6169956021f6eee6348416a,sha256,unknown-artifact,medium,30,active,2026-09-15,2026-09-15,1,,,,
a91f36a69921e514fad597ae9aac0c04551594b2aabd500440b033dc56a22453,sha256,unknown-artifact,medium,30,active,2026-09-24,2026-09-24,1,,,,
a927e94570a29ee29412a7cfeea90f64acf78c20350995d9372bb3719254cf29,sha256,unknown-artifact,medium,30,active,2026-09-27,2026-09-27,1,,,,
a944702560897d0f52d0a88fd0258e455ce378745e8a182193fd20ae7e2e26d8,sha256,unknown-artifact,medium,30,active,2026-09-25,2026-09-25,1,,,,
a950c0dd05c5544736eab929442ced9e4fb66f52b0e070bd571e56db9121410b,sha256,unknown-artifact,medium,30,active,2026-09-26,2026-09-26,1,,,,
a958f6fd4af5452637bbc4e902ffdc5287040a58ea169fbf8c5fdef9a7b98f5e,sha256,unknown-artifact,medium,30,active,2026-09-30,2026-09-30,1,,,,
a95a08c181bf989836a6c1036da4dd0375d471320a942a79a229ac93f647b510,sha256,unknown-artifact,medium,30,active,2026-09-15,2026-09-15,1,,,,
a96fd3e8c3b09bdfcad49941f440d26318d5c4ca9bea6192bbe6fe37d1952eac,sha256,unknown-artifact,medium,30,active,2026-09-15,2026-09-15,1,,,,
a98271a83f3a085c8a57a6746af51e483a522bd6ac4c97e06aed565cc6302352,sha256,unknown-artifact,medium,30,active,2026-09-16,2026-09-16,1,,,,
a99b2ffede7f6d420ea3ce606690523412dfaa0908d3b62fb4f90c20e497fd49,sha256,unknown-artifact,medium,30,active,2026-10-03,2026-10-03,1,,,,
a9c75b000dc2a2bb4ae827bae88657908311eb960c725992f7924a0861a04efd,sha256,unknown-artifact,medium,30,active,2026-09-26,2026-09-26,1,,,,
a9ce3f1ad25d4deee9393c74e5b98f28ac74946a29dfebd24217910b73d234ba,sha256,unknown-artifact,medium,30,active,2026-09-30,2026-09-30,1,,,,
a9eea37f3384cefde00ba47a14bdb36569ef4eeb28fdfe133750b917771b61bb,sha256,unknown-artifact,medium,30,active,2026-09-27,2026-09-27,1,,,,
a9f3568bfb252fe9d09e6ad52e2e36a2c36cd5684ebf2509f1d373f5b21d8d0c,sha256,unknown-artifact,medium,30,active,2026-09-30,2026-09-30,1,,,,
aa033dd880918661be2e6b33882e7d54049caff60169e5372561676b321eca0c,sha256,unknown-artifact,medium,30,active,2026-09-15,2026-09-15,1,,,,
aa05d6aa3472339636383540c0fa7ffd762572733d8236f3eeb9a89c23b0df21,sha256,unknown-artifact,medium,30,active,2026-09-26,2026-09-26,1,,,,
aa0a586ad179a04537475c623c78f5c733c67a09516538138a1d139aa87a7028,sha256,unknown-artifact,medium,30,active,2026-09-23,2026-09-23,1,,,,
aa0ab952297aaf47652494687dfaa52e1301c3a739d35de72b21c67caaab561d,sha256,unknown-artifact,medium,30,active,2026-10-03,2026-10-03,1,,,,
aa0b5b25cac7926fd941fb67ba351d12ba9f637a4063cc97711d71aa7bd1c9af,sha256,unknown-artifact,medium,30,active,2026-10-04,2026-10-04,1,,,,
aa0e1ee762c8418c113c1cbbd119f8e31d2f5bd4d5e309f9070e47bfb97ca077,sha256,unknown-artifact,medium,30,active,2026-09-25,2026-09-25,1,,,,
aa4678bdad5c5e281f447982881c4993858544b78f2a5b6952da72de84f90816,sha256,unknown-artifact,medium,30,active,2026-09-15,2026-09-15,1,,,,
aa48d2f5e956518f267c99d76da8987a0db3a982536121a4f6e8e8606b4bc467,sha256,unknown-artifact,medium,30,active,2026-09-15,2026-09-15,1,,,,
aa6b1a6e3eb4d87ad8a4183d2ce10485518cc701a055b130045606adbdcf492f,sha256,unknown-artifact,medium,30,active,2026-09-26,2026-09-26,1,,,,
aa6e88735839b3042d5f904e37d19205e1e4003e70281dcaf3f9832a66d4a2a4,sha256,unknown-artifact,medium,30,active,2026-09-15,2026-09-15,1,,,,
aa7bd69609b2c700f4653b6790a0f9e0c864b0e153ffb207ea1cdcb39c52003b,sha256,unknown-artifact,medium,30,active,2026-09-26,2026-09-26,1,,,,
aa8a832bd7214bbefb087a0578cb1830f3b543f4fe13e38a42a68907ed44f58a,sha256,unknown-artifact,medium,30,active,2026-09-15,2026-09-15,1,,,,
aa998c279ef41a79886c1cb9cef84330a5ff43c9b7c6001e9308446f54a4ab40,sha256,unknown-artifact,medium,30,active,2026-10-08,2026-10-08,1,,,,
aaa0fa03c1f9bfeba9ff5f6e50fb659bf30ab05971b70c91ed9a80c0b9d4d231,sha256,unknown-artifact,medium,30,active,2026-10-03,2026-10-03,1,,,,
aaa217e64618510c11fc0fc6f4aebf6f9d2cdac7a27d03556d927bb4fd8010b0,sha256,unknown-artifact,medium,30,active,2026-10-03,2026-10-03,1,,,,
aacc662ba8c7754fca55f783ec530ecc5cb0d39045627727913cff9ce9666255,sha256,unknown-artifact,medium,30,active,2026-09-25,2026-09-25,1,,,,
aaeabd04efb0c73c84805e2c8b4d500220e8fa2380ddf604627a19771eeb1ce3,sha256,unknown-artifact,medium,30,active,2026-10-06,2026-10-06,1,,,,
ab03c34f1ece08211fe2a8039fd6424199b3f5d7b55ff13b1134b364776c45c5,sha256,unknown-artifact,medium,30,active,2026-10-04,2026-10-04,1,,,,
ab064a7dd44bb542eeb54100226785b593bf36f3030023274c52bacdfea7b6af,sha256,unknown-artifact,medium,30,active,2026-09-30,2026-09-30,1,,,,
ab18fa23ea29c3513f438ba7d5c8c41a9bef81e0fe896cbb338ebc8a59bc6d08,sha256,unknown-artifact,medium,30,active,2026-09-25,2026-09-25,1,,,,
ab1ff1560ce338ca6ac11965f62bbb2564e5f68e03ba32d980426bf7308cbb44,sha256,unknown-artifact,medium,30,active,2026-10-03,2026-10-03,1,,,,
ab24757b08cb46d7bd555ba594463016b33a33c37659cec525663a7ecc2ed699,sha256,unknown-artifact,medium,30,active,2026-10-03,2026-10-03,1,,,,
ab49f3eb142e8e18c94fa79d2017f57b6141b1c4cdc042f1a0d0e3de5297090e,sha256,unknown-artifact,medium,30,active,2026-09-27,2026-09-27,1,,,,
ab564d0b4b93783742d145accf7be448bfa4130e25d34e595d512533b12ab574,sha256,unknown-artifact,medium,30,active,2026-09-30,2026-09-30,1,,,,
ab5bf285af53f5e4205406b9d84f730469712cc354b9522fc1a634ce5fb8f48e,sha256,unknown-artifact,medium,30,active,2026-10-10,2026-10-10,1,,,,
ab5e9250650403a7e8e84ce8db23503518343cf91c27db7f68fec765ce31423d,sha256,unknown-artifact,medium,30,active,2026-10-10,2026-10-10,1,,,,
ab5ed8595280a88b22a00b62c368067975d811a3fac57488387e693d641d0325,sha256,unknown-artifact,medium,30,active,2026-10-04,2026-10-04,1,,,,
ab6461292ccccd702d05add25cb34de7a5fc76b0f23f31237d580b1621c744a2,sha256,unknown-artifact,medium,30,active,2026-09-30,2026-09-30,1,,,,
ab71533520d7d260e6efd323cee6bd41737791bd3ff951df603c90194e6de6bc,sha256,unknown-artifact,medium,30,active,2026-09-15,2026-09-15,1,,,,
ab7338b76b319ea7478a37da4807daf011009f53ec65802ee3fd908c1ec28dec,sha256,unknown-artifact,medium,30,active,2026-10-03,2026-10-03,1,,,,
ab79801357d018e85c843de3cfb7213d220df1d6c766253fef6303964c30dd59,sha256,unknown-artifact,medium,30,active,2026-09-25,2026-09-25,1,,,,
ab7efe2f8389fd7a45e512f903311eb76a334b5d5a059d77af5a92bfe2c04a98,sha256,unknown-artifact,medium,30,active,2026-09-30,2026-09-30,1,,,,
ab820878924386fd078069c5cbdc1e645c1e40e0b757fe7f2946a0e1a1e13680,sha256,unknown-artifact,medium,30,active,2026-09-30,2026-09-30,1,,,,
ab97b7d58a02fa886ad0e45c9ea5f6f9b28797b4a0c19932535a35328cf3b83b,sha256,unknown-artifact,medium,30,active,2026-10-04,2026-10-04,1,,,,
aba9dce2db7805d71d6c8ae3b2485358b268fc152d87dbf0de54ade35c6128e5,sha256,unknown-artifact,medium,30,active,2026-09-27,2026-09-27,1,,,,
abccd416494cb16dae4af935fa113746d1c92b7600de4285bb6263efc4a22158,sha256,unknown-artifact,medium,30,active,2026-10-04,2026-10-04,1,,,,
abdc1aae50387f317e728cef9c7738a547231be48e200454338e0eead8c1e308,sha256,unknown-artifact,medium,30,active,2026-09-30,2026-09-30,1,,,,
abe1b9e7735ee72feba35e7a36e013513ebe475990e188ac3d9ab24b4d6bb8ec,sha256,unknown-artifact,medium,30,active,2026-10-03,2026-10-03,1,,,,
abe90175f262dfad2e7a7c172e465783be612bdd96ba29323bfae8ba6d40056a,sha256,unknown-artifact,medium,30,active,2026-09-26,2026-09-26,1,,,,
abe90b8b9e1b31ddcd3d635bf202597184fddc5a3190706ef7b437821e3bd83d,sha256,unknown-artifact,medium,30,active,2026-09-15,2026-09-15,1,,,,
abee82794fb7f70c68efc4c9eeb45b1ebef935f1c6fd1f57d9638b2f22bb9f73,sha256,unknown-artifact,medium,30,active,2026-09-23,2026-09-23,1,,,,
abee91248bee7b0033922275b8d0593d7ae5033d277b451ce1f779ca10ce519d,sha256,unknown-artifact,medium,30,active,2026-09-27,2026-09-27,1,,,,
abf20fb8103f6baa08808b35a61a60f8d5d8e56df955f0f65ce3d38b99312a15,sha256,unknown-artifact,medium,30,active,2026-09-15,2026-09-15,1,,,,
ac123b81809390cc53efde26bbe40ecfb81ade9fc6120050b45bfae6ca9cf55f,sha256,unknown-artifact,medium,30,active,2026-10-07,2026-10-07,1,,,,
ac14bcaa79a08baebd9aa3310dd4fdec4986139496fa9133d33603e841723831,sha256,unknown-artifact,medium,30,active,2026-09-22,2026-09-22,1,,,,
ac41d74c77403e685cb37c37fe7bf9ce5013f3c41bd5226421c7fcb2f4b1b510,sha256,unknown-artifact,medium,30,active,2026-10-10,2026-10-10,1,,,,
ac4b14486e06a4df5c0517feb7236af9aeed4d2205a7fc7cfaf146dadf7e20ab,sha256,unknown-artifact,medium,30,active,2026-10-07,2026-10-07,1,,,,
ac6eda6a5b57177eded91554306f0ff85bc9c8355942f8991c654ab4de98287d,sha256,unknown-artifact,medium,30,active,2026-10-09,2026-10-09,1,,,,
ac8d9daefd427103ca3a22bd3b9c48819253a1c8b4aff681de0796039d82156f,sha256,unknown-artifact,medium,30,active,2026-09-23,2026-09-23,1,,,,
acdd87eb6b01cf0bed943d29a7032aac8cace3e5a49937f260bb2c9fd9c11bfe,sha256,unknown-artifact,medium,30,active,2026-10-04,2026-10-04,1,,,,
acfcc307f2966926ce81c8a91f2e3f73ee8fe834d243e5a7642b15eaf626441d,sha256,unknown-artifact,medium,30,active,2026-10-03,2026-10-03,1,,,,
acff4bec38f52ecd15c2d6182d11c84e512e87b29858eb168d743f6c81d26827,sha256,unknown-artifact,medium,30,active,2026-09-30,2026-09-30,1,,,,
ad1790e8c17c2ac0a4ad9a10dee2e99e392148ff898a47f746d141c7bf9c083e,sha256,unknown-artifact,medium,30,active,2026-09-15,2026-09-15,1,,,,
ad19ab10ecbdb05440b5ae8b21dd39a76ad78e4bc66bc6ad9a84813db0772d4d,sha256,unknown-artifact,medium,30,active,2026-09-30,2026-09-30,1,,,,
ad20fbf217824b84a22585681998846a9c0d26b2eae5cc2df2a6c11a37a1c8d5,sha256,unknown-artifact,medium,30,active,2026-09-30,2026-09-30,1,,,,
ad21ab94c85200d5f529c79b2ca6f59aee6ce9e2fb7d24a19237f3f395248f17,sha256,unknown-artifact,medium,30,active,2026-10-04,2026-10-04,1,,,,
ad3d41adf2bf79e701c71d4e9e9bff5c6f61887319f84a1e1d036c7c6ff04957,sha256,unknown-artifact,medium,30,active,2026-09-27,2026-09-27,1,,,,
ad451e92a59f552a88e7e7f47a0b49aa32b6b89a13e18e41d59765e96f55b91a,sha256,unknown-artifact,medium,30,active,2026-09-30,2026-09-30,1,,,,
ad4577b995b7687fecd13c16ba28a8a6c1ab2efe74e25058ec32a7903d674080,sha256,unknown-artifact,medium,30,active,2026-09-23,2026-09-23,1,,,,
ad51f47cc972b86a43a74b9e6237942d3553d346324c2e1d6507d0ae9593a702,sha256,unknown-artifact,medium,30,active,2026-09-30,2026-09-30,1,,,,
ad5e4e0a30f54b075fe8be137de9382e4277887f8997e455131893a280a12290,sha256,unknown-artifact,medium,30,active,2026-10-09,2026-10-09,1,,,,
ad6479f9468a4d5413979208a835f0b96f8c6eb7e719cffd5870b1415f9abc13,sha256,unknown-artifact,medium,30,active,2026-09-28,2026-09-28,1,,,,
ad77ab1974c4375883d4437760cac5bae6bdd578813b548de1ce48d255558380,sha256,unknown-artifact,medium,30,active,2026-09-30,2026-09-30,1,,,,
ad9aa5b10496c38f9d1a38c6eac0299f158ed6a65fd8fbef58680b9f05e3e265,sha256,unknown-artifact,medium,30,active,2026-09-15,2026-09-15,1,,,,
adaf028f1aed22db93b33f0b7e52d6d3684b53addef45133d280b6015b208011,sha256,unknown-artifact,medium,30,active,2026-09-30,2026-09-30,1,,,,
adbd2f480bacea80cbab1d4cc27214ebbf7dd24f7243e71940d16bfe3353e58e,sha256,unknown-artifact,medium,30,active,2026-10-09,2026-10-09,1,,,,
adc69b4f343ee073246c4195addb92b59c919809395c796ea07e960df7fe2acb,sha256,unknown-artifact,medium,30,active,2026-09-30,2026-09-30,1,,,,
add51a8033e5a73c667bc16057aa04d95600ce67e8229231bcb31ff97c97d8ab,sha256,unknown-artifact,medium,30,active,2026-09-27,2026-09-27,1,,,,
add73d8ff8ddd0e9adcc4168506da68df760510b9bee71112486b1680b16f5a0,sha256,unknown-artifact,medium,30,active,2026-09-27,2026-09-27,1,,,,
ade237d3eabfb0b8f766955fecc48d5543731a6c9478bf1c618865d5cbff0264,sha256,unknown-artifact,medium,30,active,2026-09-27,2026-09-27,1,,,,
ade3cc1ede9919494586accc049b46fa14747fe813180d1e13dda461f93e121f,sha256,unknown-artifact,medium,30,active,2026-09-30,2026-09-30,1,,,,
ae00770484845e270ed011a09089cbdd63fb6c0e1d0b37503ce2930bd1eda34e,sha256,unknown-artifact,medium,30,active,2026-09-15,2026-09-15,1,,,,
ae0666f161fed1a5dde998bbd0e140550d2da0db27db1d0e31e370f2bd366a57,sha256,unknown-artifact,medium,30,active,2026-09-22,2026-09-22,1,,,,
ae20c0c6a7b90526f7919790fb2390fdb48bb445b026dc7baef3593dd0059e6d,sha256,unknown-artifact,medium,30,active,2026-09-30,2026-09-30,1,,,,
ae2bb34b6297b1738b007fca30192c774c78be3c8b20866d62b633bcedae4def,sha256,unknown-artifact,medium,30,active,2026-10-04,2026-10-04,1,,,,
ae2d3103ee2311806253ce79fba1d9da6f7083d0027b46ea957b7341f5533483,sha256,unknown-artifact,medium,30,active,2026-10-04,2026-10-04,1,,,,
ae533093cf80a7f5abc2663fca20f3c124b193a142b55199432f1866d67dceb9,sha256,unknown-artifact,medium,30,active,2026-09-30,2026-09-30,1,,,,
ae5b90001abc0e641e6b45e5bd7fc4cb2ac45883d05bf6a4319291c926f3e4d1,sha256,unknown-artifact,medium,30,active,2026-09-15,2026-09-15,1,,,,
ae5faef60bea81c363e97ed1d29fc97175739ded830e9df0ed349884e44aaecc,sha256,unknown-artifact,medium,30,active,2026-09-30,2026-09-30,1,,,,
ae6f0fe9982c11c70bbf17433ae55352ab782bdeb45358b70c1d428815ea08ea,sha256,unknown-artifact,medium,30,active,2026-10-09,2026-10-09,1,,,,
ae73969a1e517c03fb2d62fce3c1dfb680759ae92677cb60d1c814b52a9e0f82,sha256,unknown-artifact,medium,30,active,2026-09-30,2026-09-30,1,,,,
ae781c2cc37f84f3f3165f215c72e36c987e02bb22b067f0ce39e316a48984da,sha256,unknown-artifact,medium,30,active,2026-09-16,2026-09-16,1,,,,
ae858cde09097f297fb465d12d8e9c01b4accdb4d41eca99265d6a3ef37f1049,sha256,unknown-artifact,medium,30,active,2026-09-15,2026-09-15,1,,,,
ae8e8df0d080a24412b6767064c5bcea422301a26ad3faf8d7f4a18b2005f289,sha256,unknown-artifact,medium,30,active,2026-10-04,2026-10-04,1,,,,
aea066748a322e3610b44bacbe97ceb07ae362c2d1410e5630cb0be7f2ce63c6,sha256,unknown-artifact,medium,30,active,2026-09-25,2026-09-25,1,,,,
aea1538be95c3c429cef6ba8c7f62944b593ac57845679b3c3278450bc4e9d04,sha256,unknown-artifact,medium,30,active,2026-10-03,2026-10-03,1,,,,
aeab3b3cb5c804b493e09f504bf66315a77073f3a26b691639c19e84bea50fa9,sha256,unknown-artifact,medium,30,active,2026-10-09,2026-10-09,1,,,,
aeb9b49bbd908b7ace5ee9c5b05b07292037c38ceda3d3c86bca42f78ea3893e,sha256,unknown-artifact,medium,30,active,2026-09-28,2026-09-28,1,,,,
aebe6b0d6e488011a99d60e90f3390ec39c83fab4d031e436dc2f63fa70d7fac,sha256,unknown-artifact,medium,30,active,2026-10-04,2026-10-04,1,,,,
aeead3b5d68b8f511619b93d040390fbae5e888723e8d9cc2512af17ad3b2840,sha256,unknown-artifact,medium,30,active,2026-09-30,2026-09-30,1,,,,
aef4e4838b6f32771d2b39dab91c4e0aba1b0125714c6f7f1b16f2dca73e7bae,sha256,unknown-artifact,medium,30,active,2026-09-27,2026-09-27,1,,,,
aef6d0c0f74770e7c279bf688231b0d37a0287954b1c510b676b189a2dc0b588,sha256,unknown-artifact,medium,30,active,2026-09-27,2026-09-27,1,,,,
af00bdfc3e8e8b2f5de44d25610ec6eaa92a023c7c1bc935d4fbc948e83c4a62,sha256,unknown-artifact,medium,30,active,2026-09-15,2026-09-15,1,,,,
af0945fdc01b6b40a83135acb3234ce9449ca5636e7b1eb1b13fc183e8ceaadd,sha256,unknown-artifact,medium,30,active,2026-09-15,2026-09-15,1,,,,
af26c2be6777b18de1e6a183063bee01e0ab61bce11108cfbcb404308263e2e0,sha256,unknown-artifact,medium,30,active,2026-10-03,2026-10-03,1,,,,
af32fe8cfbfb5ebc4e1ab12ccea555953d944d493cb6e45418b5c98d709406a7,sha256,unknown-artifact,medium,30,active,2026-09-30,2026-09-30,1,,,,
af3dbca4318a17b944d9e4a97031d705872584f50b019059889d2155d6644431,sha256,unknown-artifact,medium,30,active,2026-10-03,2026-10-03,1,,,,
af44d74000854aef176b45438bb7bf57a6a7c70585aa5eaf82f89c7d49b5ef31,sha256,unknown-artifact,medium,30,active,2026-09-29,2026-09-29,1,,,,
af4ae44e90b780499269571f9bcfcd3f99c4e90669f8bae25b77f18439cb7c0f,sha256,unknown-artifact,medium,30,active,2026-10-03,2026-10-03,1,,,,
af5d8a21858f42808c9bcc17012b77bcc2fd6ab3b071dbd4a05f13f410470541,sha256,unknown-artifact,medium,30,active,2026-10-03,2026-10-03,1,,,,
af77b643964afd794460d28ab8a11b0ec8790cd5463abfde126613a4f3bccd32,sha256,unknown-artifact,medium,30,active,2026-09-15,2026-09-15,1,,,,
af803903f4b8977809fcba0c812203782a1e4ebd9106d4df7500e20f89e1aedd,sha256,unknown-artifact,medium,30,active,2026-10-03,2026-10-03,1,,,,
af917d862ad13153451446d886f968eceddaf852233ecf6f2b16801185d183ce,sha256,unknown-artifact,medium,30,active,2026-10-03,2026-10-03,1,,,,
af9a3e2ef5be441c2f1cbd0879d2b5e25f2a4eefacc8bbd77b98fe126d393164,sha256,unknown-artifact,medium,30,active,2026-10-07,2026-10-07,1,,,,
af9d9d354ffea20597cf0c0e7a8c943014cbdb9560af183430ff617758902248,sha256,unknown-artifact,medium,30,active,2026-10-09,2026-10-09,1,,,,
afad3f22bd8305c90ce08a433c6dbd2547824a5e05bf6ae27e377b24d2017dd6,sha256,unknown-artifact,medium,30,active,2026-09-23,2026-09-23,1,,,,
afb85c84ff9a1d0d95f3e56b90406adc2aaa030a3ef8cbdaf61ecd1f171678e8,sha256,unknown-artifact,medium,30,active,2026-09-15,2026-09-15,1,,,,
afd39556291239cd4f7d751e9600c04ecb839b303cdb06c9949f57ccaadf9177,sha256,unknown-artifact,medium,30,active,2026-10-09,2026-10-09,1,,,,
afd59c0f06e5ceaf2dcc00caddc0c3939d869690273fa250a72031c1ce24571e,sha256,unknown-artifact,medium,30,active,2026-09-16,2026-09-16,1,,,,
afec3103a40ae4913f4d307fdfdd5034f2996409255cff8d7fa4d0fc4da28e30,sha256,unknown-artifact,medium,30,active,2026-09-16,2026-09-16,1,,,,
b001aa0624508d34dfca30b26cddd4b11118d5e4ecaf618512e299cda449ae0d,sha256,unknown-artifact,medium,30,active,2026-10-07,2026-10-07,1,,,,
b02be0f2fe16d703c50554a728e0e968485907d392ea3d4ba821f1b8eda48cca,sha256,unknown-artifact,medium,30,active,2026-09-15,2026-09-15,1,,,,
b02dda1992fb435771734640180782dd4161bd202c81ebe556baa8b3b640f66d,sha256,unknown-artifact,medium,30,active,2026-10-04,2026-10-04,1,,,,
b036dee0a8d15016320782000503a31f3a2898d287ff82b03afe5f3cfaefe0c1,sha256,unknown-artifact,medium,30,active,2026-09-30,2026-09-30,1,,,,
b04999d6be11eaf0bbdd9409075fc11ef2cb19169379fe29405103e736d88760,sha256,unknown-artifact,medium,30,active,2026-10-09,2026-10-09,1,,,,
b04f71d34af9a9e8791a306af8a2998781d4478915621f45e1a15fc10c8faa84,sha256,unknown-artifact,medium,30,active,2026-09-15,2026-09-15,1,,,,
b05f83b1e99655fe36eed6dbae9ae8d205cef2c80863ffc039961acdeac72a3b,sha256,unknown-artifact,medium,30,active,2026-09-15,2026-09-15,1,,,,
b0635163548bb3e43dbc1214305b78bc0b4369b7b88d08cd0321f55dc8c35556,sha256,unknown-artifact,medium,30,active,2026-09-14,2026-09-14,1,,,,
b0809f5c0a1f02b9413f608230d13ea1d76ddd192e35dde95ad5fdeca38745b0,sha256,unknown-artifact,medium,30,active,2026-09-30,2026-09-30,1,,,,
b087f057921aa7b4d034c9f8540f2ff35f8536f20c6e9f80b24565668e42a218,sha256,unknown-artifact,medium,30,active,2026-09-25,2026-09-25,1,,,,
b09c5a4a6bcfc55c6577c2f534d2e746aa86ed8229c2b15b27ba78c3fc8e8ea6,sha256,unknown-artifact,medium,30,active,2026-09-15,2026-09-15,1,,,,
b0a19f6650c00c923c931650698f5869100e5bd6dc5b256ba80e13cfded00a48,sha256,unknown-artifact,medium,30,active,2026-09-16,2026-09-16,1,,,,
b0aa23f80cf91b04b6d8bddfed9c5679139e9f84497610d306a5758246d807cd,sha256,unknown-artifact,medium,30,active,2026-09-15,2026-09-15,1,,,,
b0b3e8d32ac9899a87d36d0db7b501c18782c003be603f0c2fbc1235fa3300cf,sha256,unknown-artifact,medium,30,active,2026-10-04,2026-10-04,1,,,,
b0bc1f15a4f43425c0fc54c25fb01def39b49ab495848c86b1e465c44d381f07,sha256,unknown-artifact,medium,30,active,2026-09-25,2026-09-25,1,,,,
b0c2322dc996b40388ea39323492c3fb9b06fe6319d732b8283b3bf22de9fd60,sha256,unknown-artifact,medium,30,active,2026-09-16,2026-09-16,1,,,,
b0ec2bc7d17ab4cf81ee82ec36fde63d1bf6be13dc87bea41ece9e678d056945,sha256,unknown-artifact,medium,30,active,2026-10-09,2026-10-09,1,,,,
b0ff5734bfae7c1ce9d19bd284519ad1b98c463d3b13b25292147e62524f034f,sha256,unknown-artifact,medium,30,active,2026-10-04,2026-10-04,1,,,,
b10a5d5e36f06bdba350cd0faaee010bb8dd2e7ab2c0442814b29687c1f004c9,sha256,unknown-artifact,medium,30,active,2026-09-25,2026-09-25,1,,,,
b11209aac1d6cdd3e35bfddda33e9876f6a8ebad33fd266b41e239bc89404e9b,sha256,unknown-artifact,medium,30,active,2026-09-23,2026-09-23,1,,,,
b12b769a30abef36237f1de861c9c8957a5df5ed997deeb83d46cb60b5b46233,sha256,unknown-artifact,medium,30,active,2026-09-23,2026-09-23,1,,,,
b1375220dfa95825cc5ae5e103980ad074d5ce3f229d8679cf2573fbff4c1ff5,sha256,unknown-artifact,medium,30,active,2026-10-09,2026-10-09,1,,,,
b1412f5184a6ccb6ad7ecfa2c47771fb07f074bd4df1f5f18d27f1c0c3dd05dd,sha256,unknown-artifact,medium,30,active,2026-09-25,2026-09-25,1,,,,
b157c777e09026e31ef43c9421644e66ef6ab1e46bbad76d117bc5dad8e63209,sha256,unknown-artifact,medium,30,active,2026-10-04,2026-10-04,1,,,,
b17ce4321e081ceab8a7ff2b569654b9646d8f2c52f481f57defbf74dd89398f,sha256,unknown-artifact,medium,30,active,2026-09-27,2026-09-27,1,,,,
b181a388921ab01e450429c5b43f4dbe3b2a1c53cdb7a71dbde5ef11480e9b24,sha256,unknown-artifact,medium,30,active,2026-09-30,2026-09-30,1,,,,
b18a694432c9434bf2e866845a6b000671aca2e7f3aef653a22a230dad8d2414,sha256,unknown-artifact,medium,30,active,2026-10-09,2026-10-09,1,,,,
b19f2c093c08655d8864a7dfa4f7f767c009b739bacb2fa8b8481abb87243a7e,sha256,unknown-artifact,medium,30,active,2026-10-04,2026-10-04,1,,,,
b1bd88f4e5850fe1bb2522d73c31a620fd0a1dbb26e5ada6ca7241e467bd66f9,sha256,unknown-artifact,medium,30,active,2026-10-07,2026-10-07,1,,,,
b1be87cca7ab3e7bb77df68b7f28de2344c5b8363b15a5396cac85a45292d3c9,sha256,unknown-artifact,medium,30,active,2026-09-16,2026-09-16,1,,,,
b1bfb5065710db92625f15e59a641d8f3c472a298ddb88a91e9c937d61b461a4,sha256,unknown-artifact,medium,30,active,2026-10-03,2026-10-03,1,,,,
b1c386f692403a45327bcc2065083643c091af2b26ae444d4134539afed87752,sha256,unknown-artifact,medium,30,active,2026-10-03,2026-10-03,1,,,,
b1c6de4dd5125cbc89bbb833de0a9d8399c78907b3758ddb51f3b062ac2e6775,sha256,unknown-artifact,medium,30,active,2026-09-23,2026-09-23,1,,,,
b1cfe27b738d2aee45b5169f2ea07a26d2833893af32105bc44367872876c8d0,sha256,unknown-artifact,medium,30,active,2026-09-22,2026-09-22,1,,,,
b1da298fb64890f786bcfaf8f38ad586d690ce2740caf501851b13773985a1ed,sha256,unknown-artifact,medium,30,active,2026-10-03,2026-10-03,1,,,,
b1e574fec1773c153fab35332561228d890dcecd6634172a3770eb367bba5d92,sha256,unknown-artifact,medium,30,active,2026-10-09,2026-10-09,1,,,,
b1f6993cc341f6712ece957411d62c21f3c514aef3c0057cb79bdc7129c2d939,sha256,unknown-artifact,medium,30,active,2026-09-27,2026-09-27,1,,,,
b211adc5f7cd4e0e0bc7dadae668b683b41973821e59a985c741283096232517,sha256,unknown-artifact,medium,30,active,2026-10-09,2026-10-09,1,,,,
b211dfea30f454a47f41e5568b49f16a80c354c481835dcda51d6174f0740733,sha256,unknown-artifact,medium,30,active,2026-10-07,2026-10-07,1,,,,
b218396172a2d3e64e4fd942f36114e3c6b3d6153a3d4dc58c5fe1f824761fad,sha256,unknown-artifact,medium,30,active,2026-09-29,2026-09-29,1,,,,
b22658c2c5f6433a811bc2a86c3642b52655b62e50ded6647818d2148483c077,sha256,unknown-artifact,medium,30,active,2026-09-26,2026-09-26,1,,,,
b23961f5f64934b00ba626d978f67e943177281571be0612d486b4b1ae07d74d,sha256,unknown-artifact,medium,30,active,2026-09-15,2026-09-15,1,,,,
b23c4a256d8499979784ebc91a89477cd57fffacc2751b4dec9080db68a9367f,sha256,unknown-artifact,medium,30,active,2026-09-23,2026-09-23,1,,,,
b25ee295c0965fad0ea712243182868133d181642e310c0ec362771c13a7776c,sha256,unknown-artifact,medium,30,active,2026-09-16,2026-09-16,1,,,,
b271a0e9dc1448ec7389bb02a52eade327b8547459b259c2b51f370d1d1ac8f5,sha256,unknown-artifact,medium,30,active,2026-09-15,2026-09-15,1,,,,
b271e222e2923878148a2e3b1cba2fec4a64a23a67862cb207b8b96347e5e673,sha256,unknown-artifact,medium,30,active,2026-09-23,2026-09-23,1,,,,
b277060224056a4fb285494fabf0f7feb7586d6a98f54b85d8f942ae9b9fd128,sha256,unknown-artifact,medium,30,active,2026-10-03,2026-10-03,1,,,,
b286caff07d756e6128cb26ef9033d433fbaf1ff76ef06df2f9307349deaf146,sha256,unknown-artifact,medium,30,active,2026-09-30,2026-09-30,1,,,,
b296735e94cfe3347e44b2e9bc9866445520b5408699ad8499fa194ec436282c,sha256,unknown-artifact,medium,30,active,2026-10-07,2026-10-07,1,,,,
b2df75e4f7233e0559cb6bbd3ebc2210d2ce9b2339f473d67e0609ac1686dc93,sha256,unknown-artifact,medium,30,active,2026-10-10,2026-10-10,1,,,,
b2e10c1ee46041c7c2617895ac62bc680b41291861174fe511635b55c545421f,sha256,unknown-artifact,medium,30,active,2026-09-26,2026-09-26,1,,,,
b2e633e0da1611ed3e8b1960b156fa68834c2da65b368e0476bcbf64374cd740,sha256,unknown-artifact,medium,30,active,2026-09-14,2026-09-14,1,,,,
b2f3c0cc7b73ff68cebcf988f25092187bfb549ec7a79d18b094c5d351d1150b,sha256,unknown-artifact,medium,30,active,2026-10-10,2026-10-10,1,,,,
b2fbad9b93a69a3ae3b6829f2b1fdac6cc3036bc031c0f6c7b6a3c74627f68d7,sha256,unknown-artifact,medium,30,active,2026-09-28,2026-09-28,1,,,,
b30521101e4f3ae23abc3f5726af3c2bfacb1d70885dc5a13d5139260fa88ab8,sha256,unknown-artifact,medium,30,active,2026-10-04,2026-10-04,1,,,,
b30e50efa5294bf376311e877126c8f13cdfcb242768dc9d1a339be483652a79,sha256,unknown-artifact,medium,30,active,2026-09-15,2026-09-15,1,,,,
b324a5ee5c5fb2677f5f7df9e5368cdebcdcc4c8d555b340c206ff6dc6a159d6,sha256,unknown-artifact,medium,30,active,2026-10-03,2026-10-03,1,,,,
b32761d8c0d094e6bf6d1d869a5f4b41c554ddb8f37161e8eab0fb87139c6433,sha256,unknown-artifact,medium,30,active,2026-10-03,2026-10-03,1,,,,
b32e7b6a51fb51858e332a0b70971ce4d352da549ef6d6a1013032cb77f7d0e6,sha256,unknown-artifact,medium,30,active,2026-09-25,2026-09-25,1,,,,
b33b97cde4afe91146b80fb606635c31e7d7a94d9067ea4aaf21019871b3f681,sha256,unknown-artifact,medium,30,active,2026-10-04,2026-10-04,1,,,,
b34420fc748a0dd1edda25470a074f0c0366777cf172019b2e660d3872b65614,sha256,unknown-artifact,medium,30,active,2026-09-26,2026-09-26,1,,,,
b35a393b718fbfddc8a609593bb6caecb4da4e9e4f4033f562483accc1ee2225,sha256,unknown-artifact,medium,30,active,2026-10-04,2026-10-04,1,,,,
b35ed158110a7b4e0bdddeaa5ddcf49072b9132439e33e783f92e8629d2599c9,sha256,unknown-artifact,medium,30,active,2026-09-16,2026-09-16,1,,,,
b372726dc8e19936f0cde0b030cfd303791c0521088b2e83e3f0916bc3884194,sha256,unknown-artifact,medium,30,active,2026-10-04,2026-10-04,1,,,,
b37f21eaf211a6f72287ba02b8c14b3769cf1d3e6a69a34f17c0248159427cfe,sha256,unknown-artifact,medium,30,active,2026-09-30,2026-09-30,1,,,,
b3857c57290ff32e177a215fb3daf6d5b7881dc7e08f89e0c84ef5ffe8a0cb77,sha256,unknown-artifact,medium,30,active,2026-09-30,2026-09-30,1,,,,
b39d6bac4eb0491603a9074e66b2ccfc1c61c6c140ace8db4e5fc12af5954346,sha256,unknown-artifact,medium,30,active,2026-09-26,2026-09-26,1,,,,
b3bea6654abe2be8c24dd63b4a7186ed093b0664cd01f95193eada71ccc9c741,sha256,unknown-artifact,medium,30,active,2026-10-04,2026-10-04,1,,,,
b3cde10893123bd38caa8f837baef2218dcae477d59abeaef0b4c9631f23ce4e,sha256,unknown-artifact,medium,30,active,2026-10-04,2026-10-04,1,,,,
b3d1e52312178e96af3bec97e1ca00c72a5c1d7c73923c63ca3c4a2d0a41fc2f,sha256,unknown-artifact,medium,30,active,2026-09-16,2026-09-16,1,,,,
b3e2ae7c18fa9ac19c1919172ca69b68d734f5aedf6a6d4ce86e3895185f4f91,sha256,unknown-artifact,medium,30,active,2026-09-27,2026-09-27,1,,,,
b3e67db820cada21b3d3af55caee54cfda133b9d8596e4114dafe6c1c78611a5,sha256,unknown-artifact,medium,30,active,2026-10-04,2026-10-04,1,,,,
b3ff5138ddac344f14e7a2e74eb56e7ac2a80039ad6559c96668a9f9416411b0,sha256,unknown-artifact,medium,30,active,2026-09-30,2026-09-30,1,,,,
b4127640fca92bbe4782b8fd21b0e31c33123953c843fea5ca88c6925698a12d,sha256,unknown-artifact,medium,30,active,2026-10-03,2026-10-03,1,,,,
b41f168c6972f3e70d38d95d1c7f37d7547979db50912fbd8cdf610851670cf0,sha256,unknown-artifact,medium,30,active,2026-09-28,2026-09-28,1,,,,
b4206d02efbd10beeca4904b034687a3031eff90c3f22812c26991f3820e981b,sha256,unknown-artifact,medium,30,active,2026-09-23,2026-09-23,1,,,,
b42562197c72421c0e1b7faa83926fca02723393f13dcbb4462a94c86cfc69ae,sha256,unknown-artifact,medium,30,active,2026-10-04,2026-10-04,1,,,,
b431aaee5111b1eb31beba14f8e37f04d0e2ed78c89dd7e10ef461442a2d2135,sha256,unknown-artifact,medium,30,active,2026-09-30,2026-09-30,1,,,,
b43886d2b7b94eb966d7e31cacd0e80b7de0d05eafe0dc4aacc1b3e11df863c9,sha256,unknown-artifact,medium,30,active,2026-09-24,2026-09-24,1,,,,
b43f45120e16106a0abf2284b3769d8f6c7a1fec0c1e41a57cf679b423027493,sha256,unknown-artifact,medium,30,active,2026-10-07,2026-10-07,1,,,,
b45b05f68024760c72ed672fd64d54ab195d7d00c4253dc30eac6d7291f3529d,sha256,unknown-artifact,medium,30,active,2026-10-06,2026-10-06,1,,,,
b4646b1300bb60753e7517a42ff83a23796e0908b921cad142b35ef3d673bb0a,sha256,unknown-artifact,medium,30,active,2026-10-03,2026-10-03,1,,,,
b469100e455ec8a80fe51afb69ca69d1d7fcdcd0409c8f2ea74b06c11c6eb90e,sha256,unknown-artifact,medium,30,active,2026-09-15,2026-09-15,1,,,,
b472dafc5a2c0712f4661a4e246f2533b2909b4dd5c744924f36bb1c88658fe0,sha256,unknown-artifact,medium,30,active,2026-09-29,2026-09-29,1,,,,
b48c22255a520beac9c0c16175d9137f5b13783da920bf0bbf4a2666d51dd19b,sha256,unknown-artifact,medium,30,active,2026-10-04,2026-10-04,1,,,,
b492e9b2966332ffae4e312e85f67b734f055be50ec7b26aac32204b15904797,sha256,unknown-artifact,medium,30,active,2026-09-30,2026-09-30,1,,,,
b4a84bdb343cee91591db4762851670e945f0d98de8a729066dc36fe98d01038,sha256,unknown-artifact,medium,30,active,2026-09-16,2026-09-16,1,,,,
b4ad0ac24083ee37c6493c620cad764396465cb3c66d5973d3ceeb0fce4d4161,sha256,unknown-artifact,medium,30,active,2026-09-16,2026-09-16,1,,,,
b4c457bbd8438d2472699d1839b1dc2636269c72bb786817f0238b210dfe0910,sha256,unknown-artifact,medium,30,active,2026-10-04,2026-10-04,1,,,,
b4d76c09dc758ea2897a0ebd06d3f1d6f3758dccd2f0a1d4d2a2debe5c388953,sha256,unknown-artifact,medium,30,active,2026-09-16,2026-09-16,1,,,,
b4de8bff8f3ed26b061215c35919509c6f8a9ae65aaf35f856fcd8dbd8380655,sha256,unknown-artifact,medium,30,active,2026-10-03,2026-10-03,1,,,,
b4e2c7866556ace2723911ef654945a2463cccfdb5bf5727b56553fc5ad523d7,sha256,unknown-artifact,medium,30,active,2026-09-16,2026-09-16,1,,,,
b4e8183bc3773e785982918eefcab56eb390b2582a06812739d97d944830293f,sha256,unknown-artifact,medium,30,active,2026-09-15,2026-09-15,1,,,,
b4ee7b3d34793ddba47c9c1a54228b88b9920a151a5dea5e858e3844fd9aa3ed,sha256,unknown-artifact,medium,30,active,2026-09-27,2026-09-27,1,,,,
b4ff1b41c11c7002181e6bec81791e43e5f5d7cdcce1f48b977fda93303a19d8,sha256,unknown-artifact,medium,30,active,2026-10-04,2026-10-04,1,,,,
b512ad4c42590f3f7f34d0daacc1b50e82ec1432c501a19ef9a6b7a1b30ec00d,sha256,unknown-artifact,medium,30,active,2026-09-15,2026-09-15,1,,,,
b51e74a6e1040160d0b2d9c4a33eff988d6fbfd3421613e32790487ffadf0d39,sha256,unknown-artifact,medium,30,active,2026-10-03,2026-10-03,1,,,,
b53848e21423b4159055d9134c5e4735071ba57d31eb9f40590e5d583ce8e126,sha256,unknown-artifact,medium,30,active,2026-09-27,2026-09-27,1,,,,
b549ccc7f9b8c4a9f02a5d9b3d020dc08351ccbb5364ad5976d12abd63c304e8,sha256,unknown-artifact,medium,30,active,2026-09-16,2026-09-16,1,,,,
b54f66dd44be7e78344ee01dcade8ff71fad76c25a246e096c094f8e4232cce1,sha256,unknown-artifact,medium,30,active,2026-09-25,2026-09-25,1,,,,
b557c8e2e43d72a773d7e01ddd6da001078d102777383a19afcf3dd8f377b063,sha256,unknown-artifact,medium,30,active,2026-10-09,2026-10-09,1,,,,
b561a340d53b59a702e31785cc1928c8cca0e8588da7292a80c6dc15c74175a7,sha256,unknown-artifact,medium,30,active,2026-10-04,2026-10-04,1,,,,
b563f5db533c793f51deddf90de109a073dc49cb912cdad6a76c50f8ac57d4f3,sha256,unknown-artifact,medium,30,active,2026-09-15,2026-09-15,1,,,,
b5697865f071fca8aab2b69e51b9cb796f9eea290f6a0e8df616f9f3a42286ee,sha256,unknown-artifact,medium,30,active,2026-10-03,2026-10-03,1,,,,
b571b87be0ecda70f698c6e4b430b93cb12d7faba5b89d50f766605c24f1d717,sha256,unknown-artifact,medium,30,active,2026-10-06,2026-10-06,1,,,,
b577551a5fca10f8fd5a87d22263fc8b4e923b027c7457f99a4c736c93cb96c4,sha256,unknown-artifact,medium,30,active,2026-10-03,2026-10-03,1,,,,
b577b7e957536b180a51e6ce7f0f1a46ceda395ba2bf9fbedd68586614ce0f0b,sha256,unknown-artifact,medium,30,active,2026-10-04,2026-10-04,1,,,,
b5898c2fe604a148eadb315adc8d5a53a4e84f16b4cb2d8025247c6289d7c860,sha256,unknown-artifact,medium,30,active,2026-10-07,2026-10-07,1,,,,
b5940d35be87a00a03de112dd998961f72f3ee88cb9b2f9964825520e6465aaa,sha256,unknown-artifact,medium,30,active,2026-09-15,2026-09-15,1,,,,
b5ba0df0872ff39e2e4ccca745e04a765a0e21384d957b9b79e9fe7b6615e43d,sha256,unknown-artifact,medium,30,active,2026-09-26,2026-09-26,1,,,,
b5bab97ecb05a7d4e75b5a23fa48b3605eb3b889973f366264f30a3840189088,sha256,unknown-artifact,medium,30,active,2026-10-03,2026-10-03,1,,,,
b5d82b119941ee0f3fc0d90ef21ddb7fb98fa350ca073913ea8591b5302d1c28,sha256,unknown-artifact,medium,30,active,2026-10-03,2026-10-03,1,,,,
b5e6c34c4682ddcd4ed5159f0cf79e6a5e7dd814410b5b7f2502ca34e876520b,sha256,unknown-artifact,medium,30,active,2026-09-30,2026-09-30,1,,,,
b609dc9ca6df12456a52c66f415a105e3a796fb095394cd464f3ab027296d2d2,sha256,unknown-artifact,medium,30,active,2026-10-04,2026-10-04,1,,,,
b620d8c2ba78d1f2b657a881138923463655777c2ecca26da763ab71c9aa8682,sha256,unknown-artifact,medium,30,active,2026-09-29,2026-09-29,1,,,,
b622800de4f226cf266bb8a5cd25ec1405c38d7ef068c62afb9b83be0f7fc308,sha256,unknown-artifact,medium,30,active,2026-09-26,2026-09-26,1,,,,
b626484310761b49a710dfe6675542b52d06e7ed0ca0c83883c08369ea2bbd1d,sha256,unknown-artifact,medium,30,active,2026-10-09,2026-10-09,1,,,,
b633531f4d8a261b94efc64ae7886a8e90ac192c72619ecb5a43e376cafdc94c,sha256,unknown-artifact,medium,30,active,2026-09-27,2026-09-27,1,,,,
b66ee74a2d6f8dd464614842690af5106d5772aca015e44157874b88b148df29,sha256,unknown-artifact,medium,30,active,2026-10-03,2026-10-03,1,,,,
b67261ae5db43bd9bef9ad3aee4a06ac133d7d4a2a5867b96a2773ad5734656a,sha256,unknown-artifact,medium,30,active,2026-09-27,2026-09-27,1,,,,
b687aa374d9555313d10636435f2821e63bd0484720a3aec31d2ab1793f90226,sha256,unknown-artifact,medium,30,active,2026-09-15,2026-09-15,1,,,,
b68b7be8d6d10ffe5c1a9232e17370ce927191db0bba41cc3790f3cfc25c1d67,sha256,unknown-artifact,medium,30,active,2026-10-03,2026-10-03,1,,,,
b691819eacb07d05a4f6c2f284c674436ccbcb006f687a35f39f74eceda7b6ed,sha256,unknown-artifact,medium,30,active,2026-09-22,2026-09-22,1,,,,
b696bc831273cb6a5e0049c40f6e52c5a308bd63181fe6b91bfacc69e919dbaf,sha256,unknown-artifact,medium,30,active,2026-09-30,2026-09-30,1,,,,
b69808a8bb8c0825db8873d99bb14d20d9ebe77ab8a6bb99640e1fb8ffc31b0b,sha256,unknown-artifact,medium,30,active,2026-10-06,2026-10-06,1,,,,
b69fb12c7f143dedcdce862eaf94cc56611b1bf472cb52377f3d3c2087c94429,sha256,unknown-artifact,medium,30,active,2026-10-03,2026-10-03,1,,,,
b6a687e331f7395fd2384e6bd870209a5df1381c30bb84a2a69f45c6158f975c,sha256,unknown-artifact,medium,30,active,2026-09-25,2026-09-25,1,,,,
b6b2d8901e243e0544571d06f107d0f2f3c25da5a35622829c011d5f9f726830,sha256,unknown-artifact,medium,30,active,2026-09-15,2026-09-15,1,,,,
b6b40c1ce6720a384346383b7d1d69772b6cc6291854fc76d80b4507d6223b03,sha256,unknown-artifact,medium,30,active,2026-10-04,2026-10-04,1,,,,
b6b71286e8d06d82e16b40c4b98627a1e68bc52e5c11c6b6229ddc3cf78101d7,sha256,unknown-artifact,medium,30,active,2026-10-07,2026-10-07,1,,,,
b6da8686d0d381689373eac70e8c8042b2ed94585046738132193b2488e4d8f7,sha256,unknown-artifact,medium,30,active,2026-09-22,2026-09-22,1,,,,
b6e4ce42b6fb126287ab28fdbca3bb4fd37a4a524b3a00c5f5fcca38357aaf36,sha256,unknown-artifact,medium,30,active,2026-09-25,2026-09-25,1,,,,
b6fe1dd29e4d387dbdf4da91a2744c6b1cded9bc88d6c5ce06b7e339abdca56d,sha256,unknown-artifact,medium,30,active,2026-09-27,2026-09-27,1,,,,
b6fed6efe03bc50a0629bc8afec1578a919b32276b704c364e7093c62b10e271,sha256,unknown-artifact,medium,30,active,2026-09-30,2026-09-30,1,,,,
b706cdad8fc7d6586d54c3e20a5c218fd8c80f5450479f44c5d98267979294ca,sha256,unknown-artifact,medium,30,active,2026-09-30,2026-09-30,1,,,,
b718146253e0f458a2e5d9b7e6a61e968fa452fe4f1ad01822a2e3899e57bce3,sha256,unknown-artifact,medium,30,active,2026-09-27,2026-09-27,1,,,,
b71ff8a239d73762fde16c935d8d3af9d0ab1f19adab8bb219fb87c650b5a8d2,sha256,unknown-artifact,medium,30,active,2026-10-07,2026-10-07,1,,,,
b727646cf20baba4f6da16f00a2e90bd9e6f2902b2297274c2ea1747ef725f63,sha256,unknown-artifact,medium,30,active,2026-09-28,2026-09-28,1,,,,
b72873f698eddb76e33ca2ff7be54af4ad84fa9a85a3b168640d6ee8bf24e2cb,sha256,unknown-artifact,medium,30,active,2026-09-27,2026-09-27,1,,,,
b72e3acf952d8f236af8505b495c6c43ca5660c2ebee9bb0f62a857d5cf2bfdd,sha256,unknown-artifact,medium,30,active,2026-09-26,2026-09-26,1,,,,
b746f8308a8c94877ea662bc6fc2e91e21686716186136b050d0097364116efd,sha256,unknown-artifact,medium,30,active,2026-10-09,2026-10-09,1,,,,
b74ecc18790336b23ff32980dca89f357386dcb4fbb99a631eb767b0b21bdd9b,sha256,unknown-artifact,medium,30,active,2026-09-26,2026-09-26,1,,,,
b769e11a4d6ad70159707c91c128a04066579eb562ed6366ac25a0586f047b45,sha256,unknown-artifact,medium,30,active,2026-09-27,2026-09-27,1,,,,
b7974caf42ffa58dfa3122b5b200a0c9386e3881914f56ec1af164d0a7968442,sha256,unknown-artifact,medium,30,active,2026-09-15,2026-09-15,1,,,,
b7a56f82374195ae59e111863aa8adf4f5e598c0d7953c3811224ca39f71fc37,sha256,unknown-artifact,medium,30,active,2026-09-30,2026-09-30,1,,,,
b7a7066f2a72a5044583a5fa4370145885aa485acff27250134dc62b2f9f05ad,sha256,unknown-artifact,medium,30,active,2026-09-26,2026-09-26,1,,,,
b7accafab6ba3196dc5886022358d181f6770d2602de6ab9ed9cbc86bd4f1d8b,sha256,unknown-artifact,medium,30,active,2026-09-25,2026-09-25,1,,,,
b7aebf898e47965baea6d92b4548e550df910f064c85c39d16a2d81563d1edeb,sha256,unknown-artifact,medium,30,active,2026-09-16,2026-09-16,1,,,,
b7c9b201d5a3bc16ace01a4f18159670f6c4f4d90160ae96422ba91e3dc1cd3d,sha256,unknown-artifact,medium,30,active,2026-10-07,2026-10-07,1,,,,
b7d4c653483546b92c918e6812a9b8b0956ac8ec886423c21362384e338dacdd,sha256,unknown-artifact,medium,30,active,2026-09-15,2026-09-15,1,,,,
b7f3ab1393198ed01b1f3f88b1a9e24ede648e1aa9db31593d131c3444ca8a80,sha256,unknown-artifact,medium,30,active,2026-09-23,2026-09-23,1,,,,
b7fafb86bf6623e388b84fcb2443bf033660e9fdd5bd9669f0223051a90b7ca2,sha256,unknown-artifact,medium,30,active,2026-09-15,2026-09-15,1,,,,
b7fc105d8b04f68d87ca3f2cc25f2d91622639795e60664c4ff8fd154d508afb,sha256,unknown-artifact,medium,30,active,2026-09-30,2026-09-30,1,,,,
b80758f684559f7da9eda39d50c411be1d20235435126932337cb0f9cbd01736,sha256,unknown-artifact,medium,30,active,2026-09-30,2026-09-30,1,,,,
b80f825daaedb085e0f411ba975ec9a2b1a413cf4d263d67fcd82b2c5df37559,sha256,unknown-artifact,medium,30,active,2026-09-30,2026-09-30,1,,,,
b81402f1b0a4ca0fb64a84e58eb731bd0880a576212cc8257cbadc73f4ce27a4,sha256,unknown-artifact,medium,30,active,2026-09-30,2026-09-30,1,,,,
b81baf12d5132a02a3ef223450358f7d1ee7a260dc84523a32862c4153129c6f,sha256,unknown-artifact,medium,30,active,2026-09-30,2026-09-30,1,,,,
b81bf6d07811e1be672713a1c8af66c91acb161c3d99bfafc9e2320d3f0152a5,sha256,unknown-artifact,medium,30,active,2026-10-04,2026-10-04,1,,,,
b8369f7d56594153bab171e3fcfbc194db5e441cb208554c3a49a2ede0c3c187,sha256,unknown-artifact,medium,30,active,2026-10-04,2026-10-04,1,,,,
b83830362b86fb450f236bef0a8151a2bce7930a6adec20c75df7a12e3ef86ef,sha256,unknown-artifact,medium,30,active,2026-09-15,2026-09-15,1,,,,
b85779f759905a58cec1b6a910fec284a419dc4ffc2b1e927dca95a0bdd8f4fe,sha256,unknown-artifact,medium,30,active,2026-10-09,2026-10-09,1,,,,
b8675c340a01c75ad6876c00b0fed0d3d9c6c95bd471991fb3cd03143632ba77,sha256,unknown-artifact,medium,30,active,2026-09-22,2026-09-22,1,,,,
b86ef581baa61baab5a11e998796ff1d6c2b009cbabe31c4ba933ad702430b9c,sha256,unknown-artifact,medium,30,active,2026-09-16,2026-09-16,1,,,,
b86f3db231976624fb75fa495658567f2fe2d2ebd277e3fcf03fe60ce5a8926d,sha256,unknown-artifact,medium,30,active,2026-09-16,2026-09-16,1,,,,
b879a6ffafafff281d0d2cb81dfdc2a4e0bb15487a267b39305966bdb4ef706d,sha256,unknown-artifact,medium,30,active,2026-09-15,2026-09-15,1,,,,
b87f243ce9791f730c1da51b7fb71dbe1c7b0936682453e9a2320feee8ee38a3,sha256,unknown-artifact,medium,30,active,2026-09-15,2026-09-15,1,,,,
b896b9d6aa84d8f3c671304af4c1e0d911fac25ab014c4b47b185174c961d86f,sha256,unknown-artifact,medium,30,active,2026-10-10,2026-10-10,1,,,,
b8a328ee658772a1d2b3fd33c94b0d920691e47f0775f687360b678fd99f7db8,sha256,unknown-artifact,medium,30,active,2026-10-04,2026-10-04,1,,,,
b8ab6acf8ef4f35de359b764eb65aee7b01ac9ca31a34f385565aedb36677e11,sha256,unknown-artifact,medium,30,active,2026-09-26,2026-09-26,1,,,,
b8bfc5be04c33b156f3b69083d8a3b21305808533ae7e12f804863607cab4fd8,sha256,unknown-artifact,medium,30,active,2026-09-30,2026-09-30,1,,,,
b8c7093002fb65ae6cd26944e6ae9561a6be3f70dcd3700c76c4a201f9df2c29,sha256,unknown-artifact,medium,30,active,2026-09-22,2026-09-22,1,,,,
b8d68aeea3bf0def981a0db0f48000624e330edc44d24762dd726911922a581e,sha256,unknown-artifact,medium,30,active,2026-09-30,2026-09-30,1,,,,
b8d79a17ce4c17322b37f2855c93908056b0bfe71d880d0b21e1302f8c8d9951,sha256,unknown-artifact,medium,30,active,2026-10-08,2026-10-08,1,,,,
b8f13d0b1779e6f62664591bc21122c2163c624dcfcf3120d194a029e4dc4197,sha256,unknown-artifact,medium,30,active,2026-10-09,2026-10-09,1,,,,
b90599c3700639af4e290c27ce9de1e6b7f825cf2878d432b29eed048874c67b,sha256,unknown-artifact,medium,30,active,2026-09-25,2026-09-25,1,,,,
b9202dede0ff9fdb6ed9d8d8156e2d739feb46ac426ddba54cfa25c3bf8db912,sha256,unknown-artifact,medium,30,active,2026-10-04,2026-10-04,1,,,,
b92c9d50fe1888e68b36dfe805f0f63b4fe6ddc84df4a31c96f574bfb0e2d83f,sha256,unknown-artifact,medium,30,active,2026-09-28,2026-09-28,1,,,,
b94622bee7cd1bbcb300dc62d75c0900b4edcc8087bfc8704f708ae5f6a622f1,sha256,unknown-artifact,medium,30,active,2026-10-03,2026-10-03,1,,,,
b94c946de56d6bd2d8c67cc675ba039d35178378e26138d44b38075d2e1ce602,sha256,unknown-artifact,medium,30,active,2026-10-03,2026-10-03,1,,,,
b95c805c875034af18e9f32bb2ef1dcbd2162eb0e21125dfec17c4aef58efb40,sha256,unknown-artifact,medium,30,active,2026-09-25,2026-09-25,1,,,,
b992b43d0819bf6f29a664a9f716c304af952695c99675cb4331c583aa94c326,sha256,unknown-artifact,medium,30,active,2026-10-04,2026-10-04,1,,,,
b9ccdf5a0f4ca3d32beab176460e1da22079b7e374931da1fa925b7f088bb066,sha256,unknown-artifact,medium,30,active,2026-10-04,2026-10-04,1,,,,
b9cd5f22e3d8cfccdff98a307a04c7cbc6f9fd1c316448286cfc8909f090dc51,sha256,unknown-artifact,medium,30,active,2026-09-25,2026-09-25,1,,,,
b9d6e328dcf0152b6d0014d09c62ee633889617dfee296498b94f62b5ebfc0a5,sha256,unknown-artifact,medium,30,active,2026-09-15,2026-09-15,1,,,,
b9d972779a946fa4e8aca74145246353ff65f8402cf714ea2fa52075c79009f8,sha256,unknown-artifact,medium,30,active,2026-09-26,2026-09-26,1,,,,
ba1a07a3448c71d74d7031b06ac91333015308d940ca7617d94fc92d32feaa79,sha256,unknown-artifact,medium,30,active,2026-09-23,2026-09-23,1,,,,
ba30088fac631249ed8e4791a7cc089b8e3edc4129f7618c1859d19a1b197c20,sha256,unknown-artifact,medium,30,active,2026-09-26,2026-09-26,1,,,,
ba3722039c075938d4538779daccdf3da6fd03c55f32503f5e28261fd64f8fbf,sha256,unknown-artifact,medium,30,active,2026-09-30,2026-09-30,1,,,,
ba3b91073e2fac3d4698a36531df9b530fb933d2c6e1504e48aa510c231192c7,sha256,unknown-artifact,medium,30,active,2026-10-07,2026-10-07,1,,,,
ba60fda2ae6823153764a856a166ef29177a1903ea00b9e842f8a58367becb42,sha256,unknown-artifact,medium,30,active,2026-09-30,2026-09-30,1,,,,
baa2c83905ad667aa7762881506417a085f9bc094bd09e90f17613cc6dd6a995,sha256,unknown-artifact,medium,30,active,2026-09-23,2026-09-23,1,,,,
baa393c25a719a08b6986dcd3e7926034e393770a4901135e54e09e11d6a3534,sha256,unknown-artifact,medium,30,active,2026-09-23,2026-09-23,1,,,,
baaec019157eab1969ffa79aadd6caa61840562786276ff127639237559208b3,sha256,unknown-artifact,medium,30,active,2026-09-30,2026-09-30,1,,,,
bab4799b29c73ea20648938132896b52721bd89ab732e7e1dfaf39a286b0f9e1,sha256,unknown-artifact,medium,30,active,2026-09-30,2026-09-30,1,,,,
bace62a775a095e9f9534879a03279c4eff1e15ed697a44ccfa1b42dd839c717,sha256,unknown-artifact,medium,30,active,2026-09-24,2026-09-24,1,,,,
bad6840bf8aad5f6be7f625577056c67f4f74092a5aaf08fcf83130ef2395b0e,sha256,unknown-artifact,medium,30,active,2026-10-09,2026-10-09,1,,,,
bad708321e1ace3c689b73eec259fa763db77dc04df08c565c60a88f98490683,sha256,unknown-artifact,medium,30,active,2026-09-26,2026-09-26,1,,,,
bad78eca85c696bad78db1af89896583f6d9337415c741220d680ace713853bf,sha256,unknown-artifact,medium,30,active,2026-09-27,2026-09-27,1,,,,
baefca8ee211e7ae783dad41295b78f8fcee845b4dee80443d2c36d4fc25ad7e,sha256,unknown-artifact,medium,30,active,2026-09-15,2026-09-15,1,,,,
baf169fbf1e6afdf05d06eec1209e0de9cbae054c06312dbea3e7660e88a160d,sha256,unknown-artifact,medium,30,active,2026-09-29,2026-09-29,1,,,,
baf90662f1192e601e9999fc95a8251d72429e623f20fa1859f728f7d47134b6,sha256,unknown-artifact,medium,30,active,2026-09-28,2026-09-28,1,,,,
bafa895c625254bd311e20eb7289e6effdb72050314abffc06701660c405c689,sha256,unknown-artifact,medium,30,active,2026-09-28,2026-09-28,1,,,,
bb0604485f352e0f3059c48ae93826bb423fcc6ed3af9c78816a2444b7a20b3d,sha256,unknown-artifact,medium,30,active,2026-09-27,2026-09-27,1,,,,
bb107695a4ab97fec814bc973bf39f7361ceaae4c85b81d088ef49657c538a51,sha256,unknown-artifact,medium,30,active,2026-09-22,2026-09-22,1,,,,
bb2f12184237a2575288213e5a4806bec4a11b38a86d9e48aa79216fab3f6871,sha256,unknown-artifact,medium,30,active,2026-09-15,2026-09-15,1,,,,
bb418ca83154939e2fa2ee38b10495117176948a1b3ed6c179623bf9965fd979,sha256,unknown-artifact,medium,30,active,2026-09-29,2026-09-29,1,,,,
bb46af60cbd256ff97e5fa41fc2c3bd9a562b565cdef19aedb1984d2140af9b0,sha256,unknown-artifact,medium,30,active,2026-09-25,2026-09-25,1,,,,
bb4d073902c895d01d49303662bef6e78acea235d3f37ce018b36d1616e85716,sha256,unknown-artifact,medium,30,active,2026-09-15,2026-09-15,1,,,,
bb68052e3cb92af789d21c61db098f8b505ea8bed18f79c6bd951b1851d908ac,sha256,unknown-artifact,medium,30,active,2026-10-09,2026-10-09,1,,,,
bb72cfa82442ee3cfe85af518377556a58554e8eeccda67d8485bc8dcb6991e2,sha256,unknown-artifact,medium,30,active,2026-09-16,2026-09-16,1,,,,
bb7667324f68035d7a2917719f501481b3418ef4c1cc8174f2789bcfdcf48dc2,sha256,unknown-artifact,medium,30,active,2026-09-15,2026-09-15,1,,,,
bba7a653d6accfbcb6eff27dcd4a82e6bcdc5b9906f54ca7807ee7ad3b67995d,sha256,unknown-artifact,medium,30,active,2026-09-25,2026-09-25,1,,,,
bbafa1b1c3c57e0198008bf481f2715ffd070b2ac36f4e41222317d4f1d0d661,sha256,unknown-artifact,medium,30,active,2026-09-15,2026-09-15,1,,,,
bbb66ab7f21f59574f2bd7d37ae8a263eeef3f19d51a860fbe9652018d9f4227,sha256,unknown-artifact,medium,30,active,2026-09-28,2026-09-28,1,,,,
bbcb390850dc13b2e865e3c48533a2a709cfa9e897878fe1617269eef83904b4,sha256,unknown-artifact,medium,30,active,2026-09-15,2026-09-15,1,,,,
bbcc379f0b0c176e4a6844bc69303b0fc9fdcfb205c09d7ed34b5950405cacdf,sha256,unknown-artifact,medium,30,active,2026-09-24,2026-09-24,1,,,,
bbdf7b8c3cc5267ca09e667e50c5eaa0b7ae206093870a151f5dc8759467486d,sha256,unknown-artifact,medium,30,active,2026-09-30,2026-09-30,1,,,,
bbfd807d9ff59b7ef11b1d00150449f8296a88ed2f631591d7d8839c92f22c67,sha256,unknown-artifact,medium,30,active,2026-09-30,2026-09-30,1,,,,
bc0d3d1c1048f8a2f3f9c4815d859adc25f9c6bc4c73ed1609f85930a5a3d9ce,sha256,unknown-artifact,medium,30,active,2026-09-29,2026-09-29,1,,,,
bc13d8caf595135c2eca5b35d8db9e48cc8c9086d27d2ac2e680fc2453e7c8c3,sha256,unknown-artifact,medium,30,active,2026-09-30,2026-09-30,1,,,,
bc1bb738a82853a51f0017961a57721a8a29a5700670913fc4895966afeedae2,sha256,unknown-artifact,medium,30,active,2026-09-27,2026-09-27,1,,,,
bc27e2f3dfa62d36457899cead85c42f56a26339f7c41f92812811421a846102,sha256,unknown-artifact,medium,30,active,2026-09-26,2026-09-26,1,,,,
bc31907ae66f11810718c23a02f37877d820ee28b3cd41fe00c2217c8c3c9424,sha256,unknown-artifact,medium,30,active,2026-10-03,2026-10-03,1,,,,
bc36a9690fb01e904ac0283935541621d1990f93c6d66366e509e98d7b082710,sha256,unknown-artifact,medium,30,active,2026-09-28,2026-09-28,1,,,,
bc36e729c6463e7120677c0d59b9d793401b320520201043048577d4d94cee28,sha256,unknown-artifact,medium,30,active,2026-09-15,2026-09-15,1,,,,
bc385464508a0c48db30e3bee71c6d93496ce292eddf129527de341debc47644,sha256,unknown-artifact,medium,30,active,2026-10-03,2026-10-03,1,,,,
bc3e9adf85a294de73687c99eaa32a40a2b842048e7006c5852a9d9320a0f1bc,sha256,unknown-artifact,medium,30,active,2026-09-27,2026-09-27,1,,,,
bc47707b6a190b92b9add0686584c87eda85d8c1f4395332ba04b5366be9506b,sha256,unknown-artifact,medium,30,active,2026-09-30,2026-09-30,1,,,,
bc48c1b3e2454adf0bd8b9c23f2bc125742b7a57377c3f8a36fb36cb9753c870,sha256,unknown-artifact,medium,30,active,2026-10-04,2026-10-04,1,,,,
bc5404ef097371f17446a746fa3ff9c3f0303fd93eba3bf15aba33542053f370,sha256,unknown-artifact,medium,30,active,2026-09-29,2026-09-29,1,,,,
bc5bd011c3f6a5afa2922bf89cbb2a44a5cf70098adc5a764288c8f12c4633cd,sha256,unknown-artifact,medium,30,active,2026-10-06,2026-10-06,1,,,,
bc655c1347a9db7e4ee9310f914b865e0680a77f692b379a8c70f39c714748b9,sha256,unknown-artifact,medium,30,active,2026-10-09,2026-10-09,1,,,,
bc69798ac4dc9cc1783457a0a5bed64412ed18b3343141ceaef12a96f6c3f665,sha256,unknown-artifact,medium,30,active,2026-09-27,2026-09-27,1,,,,
bc6f14a3c256110a9e9643664f317f334f394c923030af2ede2cccfa3378f399,sha256,unknown-artifact,medium,30,active,2026-10-04,2026-10-04,1,,,,
bc769c92881eb905d3d07463c3143d155f03ec89726f0baec6653f8be4b9cb62,sha256,unknown-artifact,medium,30,active,2026-10-10,2026-10-10,1,,,,
bc88999e2f2d4588242c0e5a58fdda70172f045756383f585b396d47594afe47,sha256,unknown-artifact,medium,30,active,2026-09-26,2026-09-26,1,,,,
bcb0b41b525568e4677455869af99d68bdb85092baee44fe4e5a8b6b2eef2a39,sha256,unknown-artifact,medium,30,active,2026-09-24,2026-09-24,1,,,,
bccde323cbf3b024be755f50e50830c31d17bb7db71762fe2b59704edf4d1318,sha256,unknown-artifact,medium,30,active,2026-10-04,2026-10-04,1,,,,
bcdb5c65b59da5deff51b237d446b9c6dee7502a77328c119d519bd49d1c95ba,sha256,unknown-artifact,medium,30,active,2026-09-16,2026-09-16,1,,,,
bce1198c7081356b30b654d36d9cf3c7f1d9121ac94b1fd92a4c7412be31fd58,sha256,unknown-artifact,medium,30,active,2026-09-15,2026-09-15,1,,,,
bce639d8be7316b6642d3be114e4c1c7dcdde790c13020bb9e221f4ca17a98ba,sha256,unknown-artifact,medium,30,active,2026-10-09,2026-10-09,1,,,,
bcf2313ef35c9bbd804120b27821d08740e627fd58ad26c28da371126e23b5fe,sha256,unknown-artifact,medium,30,active,2026-10-04,2026-10-04,1,,,,
bd06cb7a19b7fcdbdd9e049a51140b56b36a34c8458b33d0e8cae9e3440c3e14,sha256,unknown-artifact,medium,30,active,2026-09-16,2026-09-16,1,,,,
bd0737db149e3227065ad7ea65acc564a7f49af88e2a60da7783e23f4ef313b0,sha256,unknown-artifact,medium,30,active,2026-10-04,2026-10-04,1,,,,
bd1b2bf722662453409fc04e4761c9f6a1cb964e15627c0e5f566a903d574129,sha256,unknown-artifact,medium,30,active,2026-10-04,2026-10-04,1,,,,
bd230555467d611a3b223b791b22ea9449080daad3a2a20a76f2f185b3ff839d,sha256,unknown-artifact,medium,30,active,2026-10-09,2026-10-09,1,,,,
bd2d27f298ba8011365788c4ca57a727de3a8f61fc2d0029a140ee33024e56e7,sha256,unknown-artifact,medium,30,active,2026-09-23,2026-09-23,1,,,,
bd3b45455cb20495717711b79666521ae508d82564bf34e824304e2b61d43890,sha256,unknown-artifact,medium,30,active,2026-10-03,2026-10-03,1,,,,
bd68b4956a3edc4446f7c18aa0911dc440ab856ac95c9faf350c22e61d3b779b,sha256,unknown-artifact,medium,30,active,2026-09-30,2026-09-30,1,,,,
bd69546ec5c640d8d860dcde40ef1f8c666795e1c600be89e6832992b10125e5,sha256,unknown-artifact,medium,30,active,2026-10-03,2026-10-03,1,,,,
bd7f46279c7d434ab133d5227f880c69cc061fb3d3623d37c419f29a629b4872,sha256,unknown-artifact,medium,30,active,2026-09-26,2026-09-26,1,,,,
bd81ffe3b89ebc62a3a0b04645418df2166b316de09838a0d9191eaf223b49eb,sha256,unknown-artifact,medium,30,active,2026-09-22,2026-09-22,1,,,,
bd8bb2bfce5a2d4317590cdee68aaa40911a614dc25cdf96f7462850266f7bcb,sha256,unknown-artifact,medium,30,active,2026-09-22,2026-09-22,1,,,,
bd9ff1a87bf54b03fe4e2fe0dfc8b8c2053bfcea94e47d028be2a9dc15cc88ae,sha256,unknown-artifact,medium,30,active,2026-09-30,2026-09-30,1,,,,
bda2d45b5fc71b84661fe479c51dca87169e428b8aa976a5bbe6c8690083da75,sha256,unknown-artifact,medium,30,active,2026-09-26,2026-09-26,1,,,,
bdd860fd4da06af073fc37f32ef889c2ce6e0e8fbd684ea2de3eda40eb4ffe2c,sha256,unknown-artifact,medium,30,active,2026-09-27,2026-09-27,1,,,,
bdde00f02c9d8226c220f2284b75a9f16b7015f9a7d6d5471e261d1eaa0cfaa2,sha256,unknown-artifact,medium,30,active,2026-10-03,2026-10-03,1,,,,
bdf147880f213745cac1e47b9ccd9afa2405ffc87204de244261c6c94f7cb5ff,sha256,unknown-artifact,medium,30,active,2026-09-27,2026-09-27,1,,,,
bdff50e99e1c15f5a168779248fb5de574ebd25319e2111066404f2e2083ef76,sha256,unknown-artifact,medium,30,active,2026-10-09,2026-10-09,1,,,,
be02a7905a51ddb86fa89cb1754aedcc1c01255cbdfc6be0c7a6b25f1bcbdc14,sha256,unknown-artifact,medium,30,active,2026-09-15,2026-09-15,1,,,,
be0345c45c5f67d66a29df717886075b315acbe5978fb54030cbcfbaec6f1945,sha256,unknown-artifact,medium,30,active,2026-09-15,2026-09-15,1,,,,
be05049c182dd7928665db9be5d29302c27c9951bda89c3d6a9e0f9c145e1811,sha256,unknown-artifact,medium,30,active,2026-10-09,2026-10-09,1,,,,
be0a5677ca8989d068128d999b050a399a7c06dc1e6800e6979a7cd23fb4c002,sha256,unknown-artifact,medium,30,active,2026-09-27,2026-09-27,1,,,,
be1f7f06271b8595421206ee106d2fd8b9796e0aa6d981978fb4ec93d827c52f,sha256,unknown-artifact,medium,30,active,2026-10-09,2026-10-09,1,,,,
be2e60e581c87160bbfb7c13575b1864c9c14a507085ecb763260a36c0455fd9,sha256,unknown-artifact,medium,30,active,2026-09-30,2026-09-30,1,,,,
be320e524e5dc6672a1ee41d08c83b50cdfe719f88844480bf47e26ad5d972b7,sha256,unknown-artifact,medium,30,active,2026-09-27,2026-09-27,1,,,,
be3ae44b29a17d98fc58ed4da56641c871235f93172588bc8d89b34f6d00285b,sha256,unknown-artifact,medium,30,active,2026-09-15,2026-09-15,1,,,,
be410f2cc226869a7dca12027c580c4e599ec38462f678631c37fd7661728e04,sha256,unknown-artifact,medium,30,active,2026-10-09,2026-10-09,1,,,,
be44de65499ba1e8268665102ff6de6b45bbc35df8a33300e09e27dd076e1dfa,sha256,unknown-artifact,medium,30,active,2026-10-03,2026-10-03,1,,,,
be599b491ec37379df6a1064afbd29467db30d8b7e875aa587a3e5897a88d188,sha256,unknown-artifact,medium,30,active,2026-09-30,2026-09-30,1,,,,
be634d2c971a769346c60d2e2201cd471a2ac87490d0c577d6fa960bc441ac49,sha256,unknown-artifact,medium,30,active,2026-09-28,2026-09-28,1,,,,
be6f8c1b6c2d04cc304e1aa9026b85d3b72a5410501000ebb49197c7b9904b1f,sha256,unknown-artifact,medium,30,active,2026-10-06,2026-10-06,1,,,,
be6fe11876282442bead98e8b24aca07f8972a763cd366c56b4b5f7bcdd23eac,sha256,unknown-artifact,medium,30,active,2026-09-15,2026-09-15,1,,,,
be8444a1e8d5ce4dcbc3746b762029821d5a7de39e05b51196c36b2f2dab5324,sha256,unknown-artifact,medium,30,active,2026-09-30,2026-09-30,1,,,,
be86910547f8e371f55ccdeb99139799a26b3aac8d4bbea138f187a0552d7f4b,sha256,unknown-artifact,medium,30,active,2026-10-10,2026-10-10,1,,,,
be913b12c18ef802e72337852eb601cca9e8d24d422495da340a5504923fbc3c,sha256,unknown-artifact,medium,30,active,2026-09-15,2026-09-15,1,,,,
beb3a909573f2ec72ec804533b2b910cf266db593228071db44542c0d0346c43,sha256,unknown-artifact,medium,30,active,2026-10-04,2026-10-04,1,,,,
bebb108940a68d39d9f47b804c86ed6beb7c0cd7cfc6fb4ca402b35581c994d3,sha256,unknown-artifact,medium,30,active,2026-09-22,2026-09-22,1,,,,
bec4b12714974c9f41b070b46ae5f7b97840d092853882abea6add56dc4ff060,sha256,unknown-artifact,medium,30,active,2026-09-27,2026-09-27,1,,,,
bec523a4ac3da6ccd56061e477bb1949e33225a95f3a58f8b0d9011ed452e889,sha256,unknown-artifact,medium,30,active,2026-09-16,2026-09-16,1,,,,
beea74cc5d32f3c64480e425a2d834d605e6640d1b0a6907ce11f90284ff6481,sha256,unknown-artifact,medium,30,active,2026-09-15,2026-09-15,1,,,,
beec9c625411f58508192a7e47777c9055847d6cff1fbff5779385e6b0496e00,sha256,unknown-artifact,medium,30,active,2026-09-15,2026-09-15,1,,,,
beffdfb0d879ee520acb9721fe4c39c70c71d0a1390ed49cd1a9df2a836c172f,sha256,unknown-artifact,medium,30,active,2026-09-15,2026-09-15,1,,,,
bf2072a11dd064bd731d868030feb9d5dde32666c4ef7b926b6d2a4cc6320d9d,sha256,unknown-artifact,medium,30,active,2026-09-15,2026-09-15,1,,,,
bf3dbc048a54446b68636377a8f9ee04f668cf31a6d0ca0d292d757da16fa188,sha256,unknown-artifact,medium,30,active,2026-10-09,2026-10-09,1,,,,
bf408347a2b12b2c5815cf7282f77d4c79335e261462fa0af8eb38160ff6d962,sha256,unknown-artifact,medium,30,active,2026-09-15,2026-09-15,1,,,,
bf4787833595443d37c6420141436a6825ae93b446694e771f9ed3bbf59c9db7,sha256,unknown-artifact,medium,30,active,2026-10-03,2026-10-03,1,,,,
bf5bdd764884de0c11d8f77aaa81aad89ecf96d9efc77c8e7b527c39ade2ac01,sha256,unknown-artifact,medium,30,active,2026-10-08,2026-10-08,1,,,,
bf7aaf1e88ec8bb1467329b3e63eaa42a82f330b324a861f9d44af97b7b3ebf2,sha256,unknown-artifact,medium,30,active,2026-09-29,2026-09-29,1,,,,
bf7bffb7ca27751419741ad212bb80d1de3d8fe1440c5bd1b83d76bdf1e42d0b,sha256,unknown-artifact,medium,30,active,2026-09-26,2026-09-26,1,,,,
bf9998996ca5b0c30957d685d0e793968c617985717cecec3ec0c2dd53871e20,sha256,unknown-artifact,medium,30,active,2026-10-04,2026-10-04,1,,,,
bfa992f39d263ad13356ae8ec27e06c8cc1a67b3fe788f0f41dfb338dd108024,sha256,unknown-artifact,medium,30,active,2026-09-23,2026-09-23,1,,,,
bfb370d2ba1a0547e211eeb9823ff7002485d4a56bef57d07928226ac434a2ea,sha256,unknown-artifact,medium,30,active,2026-09-23,2026-09-23,1,,,,
bfb66092316924d84d68de082a1d1fc3b85d38ef7b6a27d368e4cdff492489a1,sha256,unknown-artifact,medium,30,active,2026-09-22,2026-09-22,1,,,,
bfc19edcbdbef8e5f50baf64fa0975105fcc6b57cf0fa02913c04c0b635f1977,sha256,unknown-artifact,medium,30,active,2026-09-15,2026-09-15,1,,,,
bfcdc30d95ccb162a69c51987d50d38ccb896c6b1d3dff55db42288275dbe958,sha256,unknown-artifact,medium,30,active,2026-09-16,2026-09-16,1,,,,
bfd498287e3256f470db8bf80351ead981569ff929bf90de3a9e60349cb1a928,sha256,unknown-artifact,medium,30,active,2026-09-22,2026-09-22,1,,,,
bfe65afd42e7f81b1dab569d8f84ee3900b33eabc31afd348c702672f1e60278,sha256,unknown-artifact,medium,30,active,2026-10-04,2026-10-04,1,,,,
bff62c7c33f7fdc06d4cb131ba0407c830ff4c5814323d4c24f60b783fd406bc,sha256,unknown-artifact,medium,30,active,2026-09-15,2026-09-15,1,,,,
bff95f60d5542489431b23ac68b4c5ce59faaae738f9fd5d5c155ad0d7d6c99c,sha256,unknown-artifact,medium,30,active,2026-09-25,2026-09-25,1,,,,
c00619349c34992be7dbfdb06001900cf143d731158c7b877c8a782835b6d021,sha256,unknown-artifact,medium,30,active,2026-10-09,2026-10-09,1,,,,
c036bc939d58ec2810cd1ca37b133653c41af07d5cc31c66b10ff04e859affcb,sha256,unknown-artifact,medium,30,active,2026-09-30,2026-09-30,1,,,,
c03ff548d2d3510d1f7b5636379ef609de5331bb5cc472982c3a917913b79db9,sha256,unknown-artifact,medium,30,active,2026-09-27,2026-09-27,1,,,,
c04314c87a720398bf2b73f1a35b74fe5b2985ed6114fea2a26906eea32157a3,sha256,unknown-artifact,medium,30,active,2026-10-03,2026-10-03,1,,,,
c04ced3f9ae66d4208c5b0c9970bf39ff46494a2b72ab7e393cd8a128a079600,sha256,unknown-artifact,medium,30,active,2026-09-15,2026-09-15,1,,,,
c05b56ab6d3d07ccca6778ebd799bf98dfa2b7f10dd43601f0938f04e5070878,sha256,unknown-artifact,medium,30,active,2026-09-29,2026-09-29,1,,,,
c05f0bffd3b0cc8e47712734221a6d3aceb8ae860994f64b36f716995ccb3e84,sha256,unknown-artifact,medium,30,active,2026-10-04,2026-10-04,1,,,,
c060435fd74ea471f19428cea4e022b67b0aea600060a8f5620993277fd03256,sha256,unknown-artifact,medium,30,active,2026-09-30,2026-09-30,1,,,,
c06b5482a08950a6d99f6b472e4a88f950846747a93ec13d413ee07d5460d9c6,sha256,unknown-artifact,medium,30,active,2026-09-16,2026-09-16,1,,,,
c0722022afe9f2726d48aeecb15aa747254872318584f796d32e2e8656351a32,sha256,unknown-artifact,medium,30,active,2026-10-03,2026-10-03,1,,,,
c073cd78c5792e55782999461fad0e7983e74098d904ec631880b94a33035531,sha256,unknown-artifact,medium,30,active,2026-10-09,2026-10-09,1,,,,
c07f0bb2dcb80d64c3b1cc92080af853e43bc8a1176e10d35467255d8bd70bc6,sha256,unknown-artifact,medium,30,active,2026-10-04,2026-10-04,1,,,,
c07f95e2f5af00b3310ad77f7c5208d1cf00302544c7d91835d8b70010ebc295,sha256,unknown-artifact,medium,30,active,2026-10-03,2026-10-03,1,,,,
c0a0973095905ebe6991e8fdc1c7538df3cad393dd94f997f0e87254d6c2f4cc,sha256,unknown-artifact,medium,30,active,2026-10-03,2026-10-03,1,,,,
c0bfe56c0e56398b1b7cc8bd22e14fcb9c379a43ad92e847d39cc2656c069388,sha256,unknown-artifact,medium,30,active,2026-09-15,2026-09-15,1,,,,
c0fc4240903e6e191f5380c4d9911b079f5adcebe0ac30ce76c71c3b5caabea6,sha256,unknown-artifact,medium,30,active,2026-10-03,2026-10-03,1,,,,
c10de926ed3f30580d4a178357837e382c80f9d43e9665f2f43c4a2f757c6ca0,sha256,unknown-artifact,medium,30,active,2026-10-03,2026-10-03,1,,,,
c12b5a8161b4453a31f8eaeb34dc3a908eb15a8abf6992f5f479bacf9bfe529a,sha256,unknown-artifact,medium,30,active,2026-10-04,2026-10-04,1,,,,
c13cc44a0e3be2eb7ca2564a525c666b88c3d0e6f0d9fe45546bb65279881922,sha256,unknown-artifact,medium,30,active,2026-10-04,2026-10-04,1,,,,
c1410db444a98cfb247d3068be51e3593cb11935183a17a0ec368f42313a4c50,sha256,unknown-artifact,medium,30,active,2026-09-15,2026-09-15,1,,,,
c14611284ed46045852268d02f85fd20fd04e0746db90beebb3487a04d9981ae,sha256,unknown-artifact,medium,30,active,2026-10-10,2026-10-10,1,,,,
c14f400a823d50d1609157da1a88ad29683cffacfe077dae8badea3aff1c283d,sha256,unknown-artifact,medium,30,active,2026-09-23,2026-09-23,1,,,,
c14f9aa3784cef627c66f15bda0526528c862695bffe1b5222aabd6ebc1fec2b,sha256,unknown-artifact,medium,30,active,2026-10-04,2026-10-04,1,,,,
c15b58ddb33af248da293ad43fc81098b31041e32ea69b47f2a9221b22bc8cfa,sha256,unknown-artifact,medium,30,active,2026-10-04,2026-10-04,1,,,,
c162324e30a0f9f1a11233af71dbab723b5287eb008bc4b2e2211d0c02242005,sha256,unknown-artifact,medium,30,active,2026-09-30,2026-09-30,1,,,,
c16d810388b61658c56bc622bcc3345fef654e8023ffdf4ede0359a738f846e2,sha256,unknown-artifact,medium,30,active,2026-10-10,2026-10-10,1,,,,
c177b23b65d5e9d16cc81030c54c8e5ab7049872191b09369b72ea7d34109935,sha256,unknown-artifact,medium,30,active,2026-10-03,2026-10-03,1,,,,
c17bb0e229a2a61a5ade583d9e34a6c275155e1c462bca526cf0898755622405,sha256,unknown-artifact,medium,30,active,2026-09-15,2026-09-15,1,,,,
c180c9669d285ea78d93474ae84bbf0a4bcbe1136e5570b14c715960ef33e594,sha256,unknown-artifact,medium,30,active,2026-09-22,2026-09-22,1,,,,
c19a587fdcc58d06e8a138c99bdd452cc615dcf5bfa8a0f16140eafacd4dce77,sha256,unknown-artifact,medium,30,active,2026-09-16,2026-09-16,1,,,,
c1c122869f46aaf8c4e90f3132c93a801c853244c756966952d0bf19241cf084,sha256,unknown-artifact,medium,30,active,2026-09-14,2026-09-14,1,,,,
c1c6fd1db29dc5b5d55bcc3ed72fcd5268013eac28246945db28913aec3b3b63,sha256,unknown-artifact,medium,30,active,2026-09-23,2026-09-23,1,,,,
c1e81390c2440ba967fb0de3fda5ad1e186b6babf59af8af9c68251116337193,sha256,unknown-artifact,medium,30,active,2026-10-04,2026-10-04,1,,,,
c1f52bda9a950ce43e0a89f35623a654585c370384a5ba9cb9249191e243d14c,sha256,unknown-artifact,medium,30,active,2026-10-04,2026-10-04,1,,,,
c1f64e994d3229d60abc508441fd049439d859d462074b54255b594b801637e2,sha256,unknown-artifact,medium,30,active,2026-09-14,2026-09-14,1,,,,
c215a3f49e92040a1c6924075d80ce64a1ffee6cee0c314b6c8e002bb3f80f5c,sha256,unknown-artifact,medium,30,active,2026-10-04,2026-10-04,1,,,,
c228ded8904774b076acb06335e9d0884e3e1f06b65fd9ff537b473d2f1f3243,sha256,unknown-artifact,medium,30,active,2026-10-03,2026-10-03,1,,,,
c22c1185c293156c95a828d9a14a68ab6347a56d1179acdbd6649e04c0919d7e,sha256,unknown-artifact,medium,30,active,2026-09-15,2026-09-15,1,,,,
c2303a5d27e217f074c702bd435b83187238ac200c3461f8304f0605d865289c,sha256,unknown-artifact,medium,30,active,2026-09-15,2026-09-15,1,,,,
c23d7f268344f4f60d9f74eae0da0f16896475b955b88151634a06f53b011cbd,sha256,unknown-artifact,medium,30,active,2026-10-09,2026-10-09,1,,,,
c24d4f297fb0762bb047447631d46213f227823001c14e7ad675d59ed6d4e8b7,sha256,unknown-artifact,medium,30,active,2026-10-04,2026-10-04,1,,,,
c27299cefd08fec7e6479d7a146b179e9b892c7121b124f47e966845705b7cc6,sha256,unknown-artifact,medium,30,active,2026-10-10,2026-10-10,1,,,,
c2737a3a6be1f20ab5626859b9fe8184e0c9aea30d5e48214895318992327308,sha256,unknown-artifact,medium,30,active,2026-09-27,2026-09-27,1,,,,
c284de7494efb860fda96d6ab47e030303bad19b6cc71dfb15ea7491aea64be3,sha256,unknown-artifact,medium,30,active,2026-09-15,2026-09-15,1,,,,
c285d531b3c3d3efbd28cc9754ae9a62bb23c7db2248d29cd188cbd6e40b2231,sha256,unknown-artifact,medium,30,active,2026-10-10,2026-10-10,1,,,,
c28a89f1b3df4735de77b9a76ac5cb77878da631e8b60c9e018c4498303be61a,sha256,unknown-artifact,medium,30,active,2026-09-28,2026-09-28,1,,,,
c28adcc16c896b8a05becba3f998b5259ae003e4c76cc1825eaa1c8852f1e60a,sha256,unknown-artifact,medium,30,active,2026-09-27,2026-09-27,1,,,,
c29682abd337d4188f3f464f5185132e51c5c2c2aacfd2ee513c79ada2cb2998,sha256,unknown-artifact,medium,30,active,2026-09-28,2026-09-28,1,,,,
c2d24c227805a976baa813b91a25167453187621c55f89df87f243b46cb2cc42,sha256,unknown-artifact,medium,30,active,2026-09-28,2026-09-28,1,,,,
c2d3fa7536d5a73045f47591f0898f5dfd634640be00f2fd94cea9f18a33012b,sha256,unknown-artifact,medium,30,active,2026-09-15,2026-09-15,1,,,,
c2d77d78fc040a10a101a7a8d47789efd240e2e6573c91aca50835424f39911e,sha256,unknown-artifact,medium,30,active,2026-09-15,2026-09-15,1,,,,
c2f8cdef630ab808e1082cf84c70c7df87a12d46458d90f344e23d00b3f644f3,sha256,unknown-artifact,medium,30,active,2026-09-22,2026-09-22,1,,,,
c2fa2f759a464173c99e28e69e421a0b6b8dca3e7305dc90b685a4c73dd12677,sha256,unknown-artifact,medium,30,active,2026-09-15,2026-09-15,1,,,,
c30872be36191a47eedf2300580a87ef1124101928819358d03e3fa446cf956f,sha256,unknown-artifact,medium,30,active,2026-09-15,2026-09-15,1,,,,
c30c47c614ae4f6f1cb80763d219fc0bb5a255d0d7ccf15e80c3f186a4fd8d28,sha256,unknown-artifact,medium,30,active,2026-09-16,2026-09-16,1,,,,
c31547447f32a744bcdc207f3a861676f39561e4b744829d6bbf22b033d272a0,sha256,unknown-artifact,medium,30,active,2026-10-07,2026-10-07,1,,,,
c318fdf88825a141069a474169b4c73a1061efe09bebe611a85f9fcc3ef15b51,sha256,unknown-artifact,medium,30,active,2026-09-24,2026-09-24,1,,,,
c31f803d28875670e882e290f6a2f2b76ccd185db5ff187b514ec50e01816871,sha256,unknown-artifact,medium,30,active,2026-09-15,2026-09-15,1,,,,
c33766232c8b3faa23254e654e8658de02f053565d76561c460137d2ea855932,sha256,unknown-artifact,medium,30,active,2026-09-15,2026-09-15,1,,,,
c339582a8182e78f0536efc406e7fff35327002dc2f4766fa7bc7b7369a5d5d4,sha256,unknown-artifact,medium,30,active,2026-09-24,2026-09-24,1,,,,
c33cf9c305c906d73e8d67eccaf5eceea42af61439c221a826a346053b674f0c,sha256,unknown-artifact,medium,30,active,2026-09-30,2026-09-30,1,,,,
c35cef5657d003d2dc135e150ffb45739d31b2aeef83124e33a5aaf604d739f3,sha256,unknown-artifact,medium,30,active,2026-09-27,2026-09-27,1,,,,
c39f31875f17af36e84bb7f08446f6706b947030f23b71718f6fe149a88926af,sha256,unknown-artifact,medium,30,active,2026-10-07,2026-10-07,1,,,,
c3af359d9ac5100bd27655ef129f388ae2a150359c3b0c24406ce85c6a668060,sha256,unknown-artifact,medium,30,active,2026-09-25,2026-09-25,1,,,,
c3b405fdae2660c6a4e2d7d94a0bb753452e999aecbdee86cf4b74c037cedcc0,sha256,unknown-artifact,medium,30,active,2026-10-07,2026-10-07,1,,,,
c3b792c69855d371a536fc73d94cd1431e4bf02d6393453f3be7c8da52da933c,sha256,unknown-artifact,medium,30,active,2026-10-04,2026-10-04,1,,,,
c3bc26fc5edfb5b92c9d55fe540a2d9a3ae5eae689cdca5db3fba69c6ee96dee,sha256,unknown-artifact,medium,30,active,2026-09-30,2026-09-30,1,,,,
c3c8cd70760e3addd610667e94261390c12f33ec6df99015bd8a2dc20e817285,sha256,unknown-artifact,medium,30,active,2026-10-09,2026-10-09,1,,,,
c3ca2dd86d39d8265c24f442caf98bfc8542f64c876ce8034e003eab47e8ddd0,sha256,unknown-artifact,medium,30,active,2026-09-25,2026-09-25,1,,,,
c3d10497a70179ae82abe19ca38a21ac90346fd110588665112ce9883f55e89e,sha256,unknown-artifact,medium,30,active,2026-09-27,2026-09-27,1,,,,
c3e5b5f006f41b7b628ac7bd6c63e04697a46484a2f3ddbada50c56a1f3dd391,sha256,unknown-artifact,medium,30,active,2026-10-09,2026-10-09,1,,,,
c3ef2e5ed0500109e7c792d1bd79fcc6f8a8388dba1790d11799907ca4f07d8c,sha256,unknown-artifact,medium,30,active,2026-10-04,2026-10-04,1,,,,
c3f02221995ad9e79d55c308ad7f5ee497706a02dfca83b610f5c89fa0a97926,sha256,unknown-artifact,medium,30,active,2026-09-15,2026-09-15,1,,,,
c3f45cd6039c7a6ae845759cb21203149c6f986880a96685f884985a492d8248,sha256,unknown-artifact,medium,30,active,2026-09-16,2026-09-16,1,,,,
c3fd878f071940bf81462ad05d2cb1fa8f25e5678021dcb0b535d11ef86e3763,sha256,unknown-artifact,medium,30,active,2026-09-16,2026-09-16,1,,,,
c41ac6352457ed637a76b408c0f3ed1ffacfb6b2fa0b3f43379ecd97a3b28898,sha256,unknown-artifact,medium,30,active,2026-10-04,2026-10-04,1,,,,
c420b1e06279e5ccb12b15248054a9084d12a698ebf323f3aefdbc79d7059214,sha256,unknown-artifact,medium,30,active,2026-09-27,2026-09-27,1,,,,
c422e8f1f4976ce7a38b0e5ca3e232533ee909d2e378716429ab7e9af017516c,sha256,unknown-artifact,medium,30,active,2026-10-07,2026-10-07,1,,,,
c4277a95f86aef85e65638f2dc26832a7f18ed1c2c8388d190c11c8dad9e73bc,sha256,unknown-artifact,medium,30,active,2026-09-30,2026-09-30,1,,,,
c441887e6b6f8fe391f974d544691cbf2aaf004702701bee5b3bef0c7cbad2fb,sha256,unknown-artifact,medium,30,active,2026-10-04,2026-10-04,1,,,,
c45833ecdb47be3cce7b5aa75d7c910bec880dedb36905c7207bc42fb7de82fb,sha256,unknown-artifact,medium,30,active,2026-09-28,2026-09-28,1,,,,
c45a1035ebb6891acc3d05d7789b2e8c18a496ac89744c915bb18b9bc5cc2cd0,sha256,unknown-artifact,medium,30,active,2026-09-29,2026-09-29,1,,,,
c47cf91452f0b1ec26acf9007196cf86cff08c6c60dff64ed713812d49401b17,sha256,unknown-artifact,medium,30,active,2026-10-04,2026-10-04,1,,,,
c4a6ba89c07f8b6d18b36012d70cb38f30e5c90bcf1f470c8207bf99dd449f3e,sha256,unknown-artifact,medium,30,active,2026-09-27,2026-09-27,1,,,,
c4d387fba177ed6e9eac10e114e691432d9a6e7161d5c6b32b7d8e4f5d9ca095,sha256,unknown-artifact,medium,30,active,2026-10-03,2026-10-03,1,,,,
c4ea5606d68c74154de619b05119ebc87275c6b98e1291250cb1f92f349d4429,sha256,unknown-artifact,medium,30,active,2026-10-09,2026-10-09,1,,,,
c4ed7ea402f9195be7f0ad5ff2bcf166cfdf0a2c7844bde98b3eef110755156b,sha256,unknown-artifact,medium,30,active,2026-10-09,2026-10-09,1,,,,
c4f0977b0433195577b071ef8706df4a726ed0e009b5684bfb65e365e0d2b582,sha256,unknown-artifact,medium,30,active,2026-09-23,2026-09-23,1,,,,
c50e81f1b56f4e813f807512beb72108819caccccb63c172080e5c2f9f6727b3,sha256,unknown-artifact,medium,30,active,2026-10-03,2026-10-03,1,,,,
c5224dfd2cbaf67ca170a4000c2853fd3292619b641ede40acf4d1b01019f5d3,sha256,unknown-artifact,medium,30,active,2026-10-04,2026-10-04,1,,,,
c5271812355c3ffb5132e100cdee00e59607c46d34258afb257f031638662959,sha256,unknown-artifact,medium,30,active,2026-09-24,2026-09-24,1,,,,
c52eb1b61e2a56da22ba1869e246d41fd46cb8e6638702c1ed06906c64e83400,sha256,unknown-artifact,medium,30,active,2026-09-26,2026-09-26,1,,,,
c536e576ea067af8ea78839a8089d38ed71e5944760b58d70bed5a058bc74674,sha256,unknown-artifact,medium,30,active,2026-09-25,2026-09-25,1,,,,
c541b96582218b235f1a01c51497a8be844ea2b1642032927774b805ad305f3b,sha256,unknown-artifact,medium,30,active,2026-10-07,2026-10-07,1,,,,
c545907a427e79d15c7f3a9847ce3a98070db80800ae6864fb26a876935a61a3,sha256,unknown-artifact,medium,30,active,2026-09-26,2026-09-26,1,,,,
c56dda7b4332dd1008f76aa19b833d0172e9b5c0299750c547f1f07dd4be8aea,sha256,unknown-artifact,medium,30,active,2026-09-15,2026-09-15,1,,,,
c585e63d7b0b7b6fa5dc70a22fe660a9a3176c44cd86af32a04966f424ad4460,sha256,unknown-artifact,medium,30,active,2026-09-27,2026-09-27,1,,,,
c5a8d930c7e4daf2f3a58f0f43cb2f4fb707bc4945e6b99a747ac0561ca49e2b,sha256,unknown-artifact,medium,30,active,2026-10-03,2026-10-03,1,,,,
c5c4c74c461d5c79ad61db7fcd9ef580dc731fefcf243cfb6e0449882383e7c2,sha256,unknown-artifact,medium,30,active,2026-09-15,2026-09-15,1,,,,
c5d969de193ff21fd89cba71473981e780c28a2a401d63f04305069039a2a750,sha256,unknown-artifact,medium,30,active,2026-09-15,2026-09-15,1,,,,
c5deec3205871aa1330b8e26eff6bce106d12e212f0efd38d3535191c591c778,sha256,unknown-artifact,medium,30,active,2026-09-30,2026-09-30,1,,,,
c5e076881ae03cc85a4d45194e213ebefd2c46a84ebbf973c7c4ffc9e448c26b,sha256,unknown-artifact,medium,30,active,2026-09-15,2026-09-15,1,,,,
c5f7c8a9dba06886391cbfb24237004ce5c1db6415a9595e7fef3bcf6762df30,sha256,unknown-artifact,medium,30,active,2026-09-27,2026-09-27,1,,,,
c605abf5da56c54035df22c71f79a9d054823ce01310a3e8dc43d8cc04a27008,sha256,unknown-artifact,medium,30,active,2026-09-29,2026-09-29,1,,,,
c61afd7e4556683463d44a2f6f3c088f40f00b46b5ce95a57df90c53c92809a4,sha256,unknown-artifact,medium,30,active,2026-09-25,2026-09-25,1,,,,
c61e91eda55cb66c67304f62e89d3291283469e685a5f87ca39aa6293d1f89db,sha256,unknown-artifact,medium,30,active,2026-09-28,2026-09-28,1,,,,
c6640353e2d4f9b372abfffc50ceece00ad845de7bbe316f32a088fdf7f2ecd8,sha256,unknown-artifact,medium,30,active,2026-10-09,2026-10-09,1,,,,
c6730fba7f00a486b1bad8390a6aae76e19beea74048983e6b71512d3d99e1c4,sha256,unknown-artifact,medium,30,active,2026-09-30,2026-09-30,1,,,,
c67cd8632e2555d4f26ee768288075ab08ec896eea7836cbe61290fd535d071b,sha256,unknown-artifact,medium,30,active,2026-09-15,2026-09-15,1,,,,
c67ea481f977bacd7dd2f45ed0c6180730c7eba2f9db83ea931e13944bd71bfc,sha256,unknown-artifact,medium,30,active,2026-10-03,2026-10-03,1,,,,
c6847ff5b0d9ff6a2f06768aa282dc3169ef5dc86f218507999f006447d3d6ce,sha256,unknown-artifact,medium,30,active,2026-09-26,2026-09-26,1,,,,
c693bcfc6596b2507b68333d2c0d26ab8c687ffb3b6c088a7b452ed853207bf1,sha256,unknown-artifact,medium,30,active,2026-09-15,2026-09-15,1,,,,
c694e6edab259afba9494f7e25e370e9e77a95071a0452a52fdf7e14bd108f94,sha256,unknown-artifact,medium,30,active,2026-09-22,2026-09-22,1,,,,
c6a4e37d3cdd3d3f922bf6c920ee8473650985ed42f935c82b7a9e3f5e289a5a,sha256,unknown-artifact,medium,30,active,2026-09-27,2026-09-27,1,,,,
c6b0dbf4c352ac38bba141c82aded406048d93ac76e50f36a340fa8261856c9a,sha256,unknown-artifact,medium,30,active,2026-10-03,2026-10-03,1,,,,
c6c534dc2710698f3db493a3887fa0107455cb8bea91e979e1df85fb12a7ae1f,sha256,unknown-artifact,medium,30,active,2026-10-07,2026-10-07,1,,,,
c6cc282b46064e22082f81fd1839884f00fbb914b07551013b78e089c1559def,sha256,unknown-artifact,medium,30,active,2026-09-27,2026-09-27,1,,,,
c6da093b448405fd27c331ed1483a76337341b4a299b2f547044798d26fc7690,sha256,unknown-artifact,medium,30,active,2026-09-25,2026-09-25,1,,,,
c6f1676734b35a3c26274cdcdedc4a34ead3d0b815ab6d06afd4a58a55baf13c,sha256,unknown-artifact,medium,30,active,2026-09-23,2026-09-23,1,,,,
c711a0dcbe94cc7452a405a44910558e88e52fda62ce2d7c64934027d15766b7,sha256,unknown-artifact,medium,30,active,2026-10-04,2026-10-04,1,,,,
c725250a9dd5a399d11613deb171920fa63d0f73054f817064623a14a5b218a9,sha256,unknown-artifact,medium,30,active,2026-09-15,2026-09-15,1,,,,
c73703c2d14eed330739aac7412fb07966b598af05957399b33dddb498ec0148,sha256,unknown-artifact,medium,30,active,2026-09-15,2026-09-15,1,,,,
c756ea47a423fbc4293f79f8090a6c048de9f248ad39ca2ac7fd179a780deff1,sha256,unknown-artifact,medium,30,active,2026-09-30,2026-09-30,1,,,,
c7646353a95329dd58db22ac2ce4681dd8c47615aa364b159f0f4133be616f16,sha256,unknown-artifact,medium,30,active,2026-09-26,2026-09-26,1,,,,
c77350a442f3dfdb77e1fa2515e959697df3037af4b74fbb88ebae1ff614f08b,sha256,unknown-artifact,medium,30,active,2026-09-15,2026-09-15,1,,,,
c77d64253decb31c6e47c7cd0085f6bc4cf9ac5375b454bf7d18808d95997a42,sha256,unknown-artifact,medium,30,active,2026-09-27,2026-09-27,1,,,,
c7879199b1568225f794c9c8509c45ee547222a76b99063c4bc64e4da523e805,sha256,unknown-artifact,medium,30,active,2026-09-27,2026-09-27,1,,,,
c79409de12bffc828f2b650af5919c6b910d9237292962dc02d1b03d9c263b35,sha256,unknown-artifact,medium,30,active,2026-09-30,2026-09-30,1,,,,
c7b5ec27024f3147336d05112c8a51d09a098fde53c4880345e491c4b2c7f2d9,sha256,unknown-artifact,medium,30,active,2026-09-15,2026-09-15,1,,,,
c7baf109d9a0c6c35656db6b81d8239dec6c1c73580f72721f344a2cb21e255e,sha256,unknown-artifact,medium,30,active,2026-09-25,2026-09-25,1,,,,
c7c51e3420d38ca5274d84437502a4be58111729fc63c2d06e17960124f03918,sha256,unknown-artifact,medium,30,active,2026-09-26,2026-09-26,1,,,,
c7c801179193b7a0d6d7753bbea4642138d1c9e17b7a7d8e35bb030214f8d575,sha256,unknown-artifact,medium,30,active,2026-09-15,2026-09-15,1,,,,
c7c993024ca06f9efd186b0628ba21db1542e917df46ec1052b06d34f93b917d,sha256,unknown-artifact,medium,30,active,2026-10-04,2026-10-04,1,,,,
c7cd7bd15e8ffc1d42021a50f10e1c70c3315aca82d58d6106958566585b3993,sha256,unknown-artifact,medium,30,active,2026-09-28,2026-09-28,1,,,,
c7dc42b34cb2d4c7f91797ecdb5b2510838c366c7d1084e564d38f64aed6de96,sha256,unknown-artifact,medium,30,active,2026-10-03,2026-10-03,1,,,,
c7e2386b5cd1df52c3d189e256062822dcea50b18890d05bc241c6e17016386b,sha256,unknown-artifact,medium,30,active,2026-09-29,2026-09-29,1,,,,
c7f0fa08f2daddc8191758d3687aa3f6ec6d38e1314989b698d27df67b832afe,sha256,unknown-artifact,medium,30,active,2026-09-27,2026-09-27,1,,,,
c807061db76f52e961432abf5388ab11ca75baa38f2cda91685fcfaa4b09a02b,sha256,unknown-artifact,medium,30,active,2026-10-03,2026-10-03,1,,,,
c8129fd50ca659ae39b09741dc2f45292128c3325f6c6ece2880d01e79b88aec,sha256,unknown-artifact,medium,30,active,2026-09-26,2026-09-26,1,,,,
c81c485d65a37bd74a6a18a603e51d94bb7f301adb9110ea7b2cf380434e285d,sha256,unknown-artifact,medium,30,active,2026-10-03,2026-10-03,1,,,,
c8278bc6d400c742cbbbf06d873ee937314a299b216d2eea8ba833157ad5ecda,sha256,unknown-artifact,medium,30,active,2026-10-04,2026-10-04,1,,,,
c83eb0feac2df2fc0badb50788617225844d82e0abf3fb9af7abe06bfc3a94fb,sha256,unknown-artifact,medium,30,active,2026-10-10,2026-10-10,1,,,,
c8417238a4ecfe90c66ef4343a188d11a2ab5ddac2a86e87b3f361589300de06,sha256,unknown-artifact,medium,30,active,2026-09-26,2026-09-26,1,,,,
c851f870619fbdb8941c3f540cd9e99f546ab43ebb88019963ded99124a29199,sha256,unknown-artifact,medium,30,active,2026-10-04,2026-10-04,1,,,,
c85501e804946c84740cbcafed571d6d81b006680ab3f436136d8b99ecef8bcd,sha256,unknown-artifact,medium,30,active,2026-09-30,2026-09-30,1,,,,
c85c48cda6d7694da02017991601f0094d38646a26fc853f060403a48ded3a66,sha256,unknown-artifact,medium,30,active,2026-10-06,2026-10-06,1,,,,
c86372c07c4d0be598c69c0bbaac2b4f79e2d3a35d24fdc262bdfa5745ea29ff,sha256,unknown-artifact,medium,30,active,2026-10-09,2026-10-09,1,,,,
c8813004759d540e9515028e5efc16e8f771db37b4962274fe3d91c3f051d986,sha256,unknown-artifact,medium,30,active,2026-09-15,2026-09-15,1,,,,
c885c17bf12a8160d2a529f02c94c4aad72db85afefb9269de5c4e2e05f700f8,sha256,unknown-artifact,medium,30,active,2026-09-27,2026-09-27,1,,,,
c88b8ce679d2d2d32992d5033cd89529fe48f4ba8fbf2488bffb111b04bee3bb,sha256,unknown-artifact,medium,30,active,2026-10-03,2026-10-03,1,,,,
c8975cee121d2e7537504a2cc9cafe2f0d469ed056a40294a6348c999c3bca8f,sha256,unknown-artifact,medium,30,active,2026-10-10,2026-10-10,1,,,,
c8a484807862eeeea8a9a98109f9ffb945ec13bf7bccbca097d7e5be90aad60d,sha256,unknown-artifact,medium,30,active,2026-09-16,2026-09-16,1,,,,
c8c13b30bb2e9551dbafc5ae1abdb745726081a0dc5e951c3ce990d8139b4bff,sha256,unknown-artifact,medium,30,active,2026-09-15,2026-09-15,1,,,,
c8c8829238e323349b2bb8d3f98ba7967325e5914705f9709629323edc48d63a,sha256,unknown-artifact,medium,30,active,2026-09-30,2026-09-30,1,,,,
c8d2f459d8f5b54f36b4f2b4d157d903ff0682dca85d4698625e64d0260bca2a,sha256,unknown-artifact,medium,30,active,2026-09-25,2026-09-25,1,,,,
c8de1e2c1e6c217c6035af4a313da225288c9a00c68857d8c29f4d8cb4840a44,sha256,unknown-artifact,medium,30,active,2026-09-26,2026-09-26,1,,,,
c8e5c65446ad9f0bd2a5b6636b4cc6226ae60b69962e294962cbbb3175d8f11f,sha256,unknown-artifact,medium,30,active,2026-09-27,2026-09-27,1,,,,
c8eba5a6bd5b68acacb5985873ce240921311858bb8669b667cca557a6ba9755,sha256,unknown-artifact,medium,30,active,2026-10-04,2026-10-04,1,,,,
c8f00b2a94bd319b3bcf58418dd803601291e4b54d41d984dff2d167753ff7d3,sha256,unknown-artifact,medium,30,active,2026-10-03,2026-10-03,1,,,,
c8f26bd11502f570890726cc587e116969ca6131de84c101b03136c1bff89872,sha256,unknown-artifact,medium,30,active,2026-09-23,2026-09-23,1,,,,
c900357ca9d0d2b7082b3b369567686ee6fb98c340d532fe3b6d89f10f4e7799,sha256,unknown-artifact,medium,30,active,2026-09-22,2026-09-22,1,,,,
c901331c0920146e539659a4e1f3c56a4ecbbbde04ffa59a1fcf691b574b1286,sha256,unknown-artifact,medium,30,active,2026-09-15,2026-09-15,1,,,,
c914af0afa88c8107838bf1c698c59677c76ada4cc363fad95357eab2f9e150e,sha256,unknown-artifact,medium,30,active,2026-09-26,2026-09-26,1,,,,
c916ab30c817d5dbad8ce1f041b616d4aeb4ccbab868b1d644f949c4b46a241d,sha256,unknown-artifact,medium,30,active,2026-09-30,2026-09-30,1,,,,
c920fed8f30f71a11ee44c40407bc790d5f4226924b49a1e02afb6914f4ea802,sha256,unknown-artifact,medium,30,active,2026-10-04,2026-10-04,1,,,,
c923a8791a899a22e698ef8338dbddff7a40842068ad1c9934bbba3af339028d,sha256,unknown-artifact,medium,30,active,2026-09-15,2026-09-15,1,,,,
c9256102870446e2a906f3599e6fd3ee34612f43df593356ecb85987d8d20704,sha256,unknown-artifact,medium,30,active,2026-09-16,2026-09-16,1,,,,
c9355d1d8b0fc0019e6714a79683b73e4fb5792ce6f03e36adad4f2ca9478341,sha256,unknown-artifact,medium,30,active,2026-10-03,2026-10-03,1,,,,
c9498dfa877bebc436e52058024fd40eeb6615649e43a64b62422889e84c0e32,sha256,unknown-artifact,medium,30,active,2026-09-27,2026-09-27,1,,,,
c972575917d512703eea87c5ff77470bf6c71ef1d49d3f0ee6b900082f861fe5,sha256,unknown-artifact,medium,30,active,2026-09-26,2026-09-26,1,,,,
c975d143c2436b09e46a6f91586f9ed80c4207e9c0d159aed655d6afb79023a8,sha256,unknown-artifact,medium,30,active,2026-09-30,2026-09-30,1,,,,
c98558915d7c555066552ed1b5fd1b09d1ffdbbc3870e13fcac6a2c0e6b9261a,sha256,unknown-artifact,medium,30,active,2026-09-15,2026-09-15,1,,,,
c989475c5521926df5b58af790da251140cbb92ed44197ef476f7d4917376398,sha256,unknown-artifact,medium,30,active,2026-09-25,2026-09-25,1,,,,
c99fbae9831d3d694eb9697db167a5a329dabeb2f90392ca4430cfa3a88bf0a2,sha256,unknown-artifact,medium,30,active,2026-09-30,2026-09-30,1,,,,
c9c63e5d9d85c709d74598671c92778c85887e8b7a151506c08fc0ca08401abb,sha256,unknown-artifact,medium,30,active,2026-09-15,2026-09-15,1,,,,
c9d7fdb1ffc2cb90aa492439704e00e5e8ec4cd4a442ffdb277d5b5fcb44304b,sha256,unknown-artifact,medium,30,active,2026-09-29,2026-09-29,1,,,,
c9dba21a659f9c620422f891e1d3383c0efbb1efe22bd7d5640027a18e0c5bf9,sha256,unknown-artifact,medium,30,active,2026-09-23,2026-09-23,1,,,,
c9df7ad3b31f2d09c2ac07724c6f08195dcfbd3baff9a0fa7f00c61a465864a9,sha256,unknown-artifact,medium,30,active,2026-10-04,2026-10-04,1,,,,
c9e4ca03f7d29243894676c2e3ef2503b45b5f56cbaf55538c66120ffc44f885,sha256,unknown-artifact,medium,30,active,2026-09-15,2026-09-15,1,,,,
c9e57c4a1638f81f181dc1ca23ce23ffc3e754a6d5698313dd3ac747b6ea4f1f,sha256,unknown-artifact,medium,30,active,2026-09-16,2026-09-16,1,,,,
c9ec6d9196d57a0073426721d342b0b9cc36a8a1a6978b68e48eac810f219916,sha256,unknown-artifact,medium,30,active,2026-09-30,2026-09-30,1,,,,
c9fea4d5aa396a3ab03f629357d31fd35ffd4d77dc077cd0173c5abf8181f80f,sha256,unknown-artifact,medium,30,active,2026-09-15,2026-09-15,1,,,,
ca0e857ad7ee10025ba6ff511b27e7cf3832548278d69564dbb437c4501322ed,sha256,unknown-artifact,medium,30,active,2026-09-16,2026-09-16,1,,,,
ca0eaeebcc07cd1f8ec250fb17a8826cc2fb70933666822a8b3647017917b7d2,sha256,unknown-artifact,medium,30,active,2026-09-15,2026-09-15,1,,,,
ca18887025a0b51932d3ba9c1a9ca7a7033e0843ad93cd8dae1963cabc90eba7,sha256,unknown-artifact,medium,30,active,2026-09-26,2026-09-26,1,,,,
ca1ee35085aebe22fa778430ee357130bec62d32ee57aeee6d3f812c5ea002bb,sha256,unknown-artifact,medium,30,active,2026-10-03,2026-10-03,1,,,,
ca2491c325a641caa89d515dd0877159fba974eb42eee10e969b74f0723bef79,sha256,unknown-artifact,medium,30,active,2026-09-26,2026-09-26,1,,,,
ca2724c9ba49fac3470958af4bc214ec9a9ba486a30d78576a6fa41166a91110,sha256,unknown-artifact,medium,30,active,2026-09-25,2026-09-25,1,,,,
ca2ebdf97d7469496b1f4b78958f9dc8447efdcb623953fee7b6996b762f6fff,sha256,unknown-artifact,medium,30,active,2026-09-30,2026-09-30,1,,,,
ca40296d0ddb10ba66e1ab201496d0e501182bcb4cc55c222ba14b40d2c4a51f,sha256,unknown-artifact,medium,30,active,2026-10-03,2026-10-03,1,,,,
ca4219963e780af44d77fce42e41403d7523cdb4b599b90d365b4e5970bc1071,sha256,unknown-artifact,medium,30,active,2026-10-10,2026-10-10,1,,,,
ca5759a06285fda1ce87a419284dba944c6ea13f614860086e1ab95035b3da79,sha256,unknown-artifact,medium,30,active,2026-09-27,2026-09-27,1,,,,
ca5b43edb47dbb35b77f95de50acfb4111ab81dfc46433e8511d9b66f1531494,sha256,unknown-artifact,medium,30,active,2026-10-09,2026-10-09,1,,,,
ca72e4caf8ac560424b09038447e5c1dade9a27df98a6fc1e0a1ecc130a5cb7a,sha256,unknown-artifact,medium,30,active,2026-10-07,2026-10-07,1,,,,
ca7e73f671a9ad35c6f765775f01af481a810e0deac3e1314367cbc14de0054d,sha256,unknown-artifact,medium,30,active,2026-10-03,2026-10-03,1,,,,
ca7ff1090441a69d97677bb0bab331617429a362a2835a29eb5f3f47600a10f0,sha256,unknown-artifact,medium,30,active,2026-09-27,2026-09-27,1,,,,
ca7ffe081555423aae46ee10c9d3ce1d1887716d346ebf49b097cec0657e9ac1,sha256,unknown-artifact,medium,30,active,2026-09-15,2026-09-15,1,,,,
ca86b311a900d72d7dd864e3f9c047af9c627d7de0aa250fe491415ce3c6066c,sha256,unknown-artifact,medium,30,active,2026-09-25,2026-09-25,1,,,,
ca9cda115364a5ae62605cde9105553c99f62e796e8cb3dd8cd7d6aa39f9f15b,sha256,unknown-artifact,medium,30,active,2026-09-30,2026-09-30,1,,,,
caabf9ad1a1f1aea492b7102f6ea1ab0252f21ae6bb51b7a70feaed17ec5f144,sha256,unknown-artifact,medium,30,active,2026-09-15,2026-09-15,1,,,,
cabdd77c79e539c2084aad5a14f9ec1fd8d05d116f595bac75004965e76cb7ba,sha256,unknown-artifact,medium,30,active,2026-09-23,2026-09-23,1,,,,
cac0f120e5561ca82f8152034911de6551cdb323401c461aa7bb6fef2f0f2f8d,sha256,unknown-artifact,medium,30,active,2026-09-27,2026-09-27,1,,,,
cac8980aac38719d9be27f3feb75a22a6b88ee15f8bd353b7076e695b4286730,sha256,unknown-artifact,medium,30,active,2026-09-27,2026-09-27,1,,,,
cad7ae8f6f9c2caa3cfc5c0ea6092666b32811466910fc3ed7baf25a51592a50,sha256,unknown-artifact,medium,30,active,2026-09-25,2026-09-25,1,,,,
cae669afe720440282883691812d0ea8c5f0492b939403f8c477c7f1b4b8ee90,sha256,unknown-artifact,medium,30,active,2026-09-27,2026-09-27,1,,,,
caefce2339e83e39b29fdd410a9c24f9ec753537fa89213fd59e260584932755,sha256,unknown-artifact,medium,30,active,2026-09-28,2026-09-28,1,,,,
caf3d054b721787cf34bc7da6c9b9fa98735661e24a2dffce0edd76edb31d82d,sha256,unknown-artifact,medium,30,active,2026-10-10,2026-10-10,1,,,,
caf8bec1aacede65df9144b8fcc210dc6ac00db0dffd550e427a84cd1d99bedb,sha256,unknown-artifact,medium,30,active,2026-09-15,2026-09-15,1,,,,
cb13efc0303e9fecd6b20a5e413bd0f26e34b58eedf75fc18b08608cbf39981a,sha256,unknown-artifact,medium,30,active,2026-09-15,2026-09-15,1,,,,
cb1d84eaf0660a9f493a428a1337b77184f1bbe8773a3daa8f11c62d1e231c55,sha256,unknown-artifact,medium,30,active,2026-10-10,2026-10-10,1,,,,
cb26c99bc5a47369d4fbd15b3fcf671e3a217ea9306d94f4b9777300453b68e2,sha256,unknown-artifact,medium,30,active,2026-09-27,2026-09-27,1,,,,
cb456201c5e371909041ef3c6ec4ee96367a6a70941759c2d7e6346da6823ebf,sha256,unknown-artifact,medium,30,active,2026-10-03,2026-10-03,1,,,,
cb589db3a415beb0a9a8b4bafaecf438f2e34aa1f0ffa2de33504a9faa556cf4,sha256,unknown-artifact,medium,30,active,2026-10-03,2026-10-03,1,,,,
cb6513fd95679b2eb070173c65b976952bc8fbc476d4b544da3dec96b8e6d122,sha256,unknown-artifact,medium,30,active,2026-10-09,2026-10-09,1,,,,
cb7360f86f15fbe2ac372ce1786585d35abf3abb3f1951b14e190afec063b57f,sha256,unknown-artifact,medium,30,active,2026-10-09,2026-10-09,1,,,,
cb7e65ccdf2527f3fb31188e4a73695658a682579c2c3fee409d2fd149c74964,sha256,unknown-artifact,medium,30,active,2026-10-04,2026-10-04,1,,,,
cb854d46e761772db056444903bf0f8984f04290361c23b73758cc1a09131ddc,sha256,unknown-artifact,medium,30,active,2026-09-15,2026-09-15,1,,,,
cba7bdaad8307301c6e404786559e1c1b7a655e64bddf0b596432abe2372bc5a,sha256,unknown-artifact,medium,30,active,2026-09-27,2026-09-27,1,,,,
cbbd37ef5a791408c1ec8e9208fe42cac7dc9ba9aedc81f85cbae1bab24c476e,sha256,unknown-artifact,medium,30,active,2026-10-04,2026-10-04,1,,,,
cbc3ff2d211b5850fde52bf2658cf1908e0dc86f90ed544136ae9024218ce2e9,sha256,unknown-artifact,medium,30,active,2026-09-30,2026-09-30,1,,,,
cbe7e0da1601efc1189f2aede3d4f99a0d3052cd540101c93829801e1b96cd2a,sha256,unknown-artifact,medium,30,active,2026-09-26,2026-09-26,1,,,,
cbe8dc2e51b233b57d0b735685d306b5e9f5e2403e868ec0faef1a71686cc3dd,sha256,unknown-artifact,medium,30,active,2026-10-04,2026-10-04,1,,,,
cbf48b9ea5d56ae15b2af07fd5022f9ecd6425d82fe1cfaf274dd34011112466,sha256,unknown-artifact,medium,30,active,2026-09-23,2026-09-23,1,,,,
cc03bdfd98a96b8d7e84f6fde29215200781c1e43a058894197d95f72d9cfb80,sha256,unknown-artifact,medium,30,active,2026-09-15,2026-09-15,1,,,,
cc0865df6da2cc43b930d98b1abc9b014d952c031d527d3f7b13b08fe46d5fd8,sha256,unknown-artifact,medium,30,active,2026-09-30,2026-09-30,1,,,,
cc105365b2760d12140c5209e3a650acf033fca72fb5ee190b39377c500f8a95,sha256,unknown-artifact,medium,30,active,2026-09-15,2026-09-15,1,,,,
cc10ba3e72e09f1e742e4155968aa081fd309c76b6acf28eea1e3046438f005e,sha256,unknown-artifact,medium,30,active,2026-09-15,2026-09-15,1,,,,
cc377c8e1f1dc9e9af5a0c4951ddbdf194ecb80a96cb2c7440541f9aba484404,sha256,unknown-artifact,medium,30,active,2026-10-09,2026-10-09,1,,,,
cc430956fac28513507590b2dccdf43d15de6e51a95db06d29fdd80786fffa10,sha256,unknown-artifact,medium,30,active,2026-10-03,2026-10-03,1,,,,
cc48ebfd57673df721c4a90b47c241eb522a8921e7f00b64333f3c625965837e,sha256,unknown-artifact,medium,30,active,2026-09-25,2026-09-25,1,,,,
cc6d0663c4476b987343edbf55f9ce347a2d591543ed7626d78207aab580b687,sha256,unknown-artifact,medium,30,active,2026-09-30,2026-09-30,1,,,,
cc74bc300e637220befeddf24550da37833ba8e40fc7430e3db8483030c6cac0,sha256,unknown-artifact,medium,30,active,2026-10-07,2026-10-07,1,,,,
cc7605f9b9f92a0c588f124818e14036714b5068bca1177b7abff6a8d1a05c46,sha256,unknown-artifact,medium,30,active,2026-09-15,2026-09-15,1,,,,
cc7b798c1e2d10a9f06589adeb555f2bbca1cbbca4d1db184c434f2f5e770075,sha256,unknown-artifact,medium,30,active,2026-09-22,2026-09-22,1,,,,
cc89df1069b17555b87f33cece5b1cd954116d70d889cf64557d36721bc631f6,sha256,unknown-artifact,medium,30,active,2026-10-04,2026-10-04,1,,,,
cc8b25cdd23c2e42580ceae77cd40823e5eca27908970b925adda80542aee3af,sha256,unknown-artifact,medium,30,active,2026-10-06,2026-10-06,1,,,,
cc8ba2efff00e1bd44f79b1410dc397f6c783ac81a6fc8ba96bbd05bf616c537,sha256,unknown-artifact,medium,30,active,2026-09-15,2026-09-15,1,,,,
cca324da297b4ae5a714f28dae82f6a7596bad84f9d1cb46a425d52075ef69f4,sha256,unknown-artifact,medium,30,active,2026-10-04,2026-10-04,1,,,,
cca6a2d225368433a2950b02fe445d58d0a70a4eb7e9d236be9c5211a788e557,sha256,unknown-artifact,medium,30,active,2026-09-26,2026-09-26,1,,,,
ccaf49ae9141809726fab179bb69ccd7b4f5063272bd0b63d9d7df107f382fd7,sha256,unknown-artifact,medium,30,active,2026-10-06,2026-10-06,1,,,,
ccb61eeaf5386aa0a359d6298c2ee232296567d4d3669e3ad21ed29f5b193cee,sha256,unknown-artifact,medium,30,active,2026-10-04,2026-10-04,1,,,,
ccb751acc6b934772d6a38d143ec30a2f67d6c9afadc72c23356504856d6927c,sha256,unknown-artifact,medium,30,active,2026-10-04,2026-10-04,1,,,,
ccbd10afeaa9458c102f36476f05fa7a2c0b438ff1e6503ee1ed4a5626ebd84d,sha256,unknown-artifact,medium,30,active,2026-09-29,2026-09-29,1,,,,
ccc816d8ba5551406685d94623db0f3cb09d932ff83a2597cb47914975d37092,sha256,unknown-artifact,medium,30,active,2026-09-24,2026-09-24,1,,,,
cccdf2eb2220e301debe3d654363517d196c359b13ffebe9fe9c9a647b51e03a,sha256,unknown-artifact,medium,30,active,2026-10-04,2026-10-04,1,,,,
cccf02ace2790f7d4fc5dcdf614d19e8973d8723dfb2d01384337345c3614c76,sha256,unknown-artifact,medium,30,active,2026-09-28,2026-09-28,1,,,,
ccefaf8f0a50eefafd8912c54bce813cccf391787d99c37859a42c06eb2217c2,sha256,unknown-artifact,medium,30,active,2026-09-29,2026-09-29,1,,,,
cd29df76b66472edbbb0a3c52c2f9478fa793abf598d1bc4722777d239775c9b,sha256,unknown-artifact,medium,30,active,2026-09-26,2026-09-26,1,,,,
cd31341c813adc2721134b0ab94c020c54487cebc83714dea660f3ebed75d114,sha256,unknown-artifact,medium,30,active,2026-09-26,2026-09-26,1,,,,
cd353e50078489018d480100b3d2ca1713482383aeaf2676d51bdd821d765fcf,sha256,unknown-artifact,medium,30,active,2026-09-15,2026-09-15,1,,,,
cd4b03a238f336c2c6a857e78ba7f5e4e1d8e5f85f8a4fa351053a27e0c2148d,sha256,unknown-artifact,medium,30,active,2026-09-23,2026-09-23,1,,,,
cd5985f3ab3db82a8d39be8891871eefcc2975f9dc54915b427da520a7d46143,sha256,unknown-artifact,medium,30,active,2026-09-15,2026-09-15,1,,,,
cd59d68b6137e947e4ecf6b9bbcba115dd7b2497323f7ef4fd17fb940e4137e8,sha256,unknown-artifact,medium,30,active,2026-10-04,2026-10-04,1,,,,
cd6eefbdbcc960e8f1e1a9a0e0fd1802398b55b16a53d5a2b4bb10ff0f8bbd89,sha256,unknown-artifact,medium,30,active,2026-09-15,2026-09-15,1,,,,
cd7039ae3a4f2b020391d26d8ee98c93af7352059c067328777aac99b986fad8,sha256,unknown-artifact,medium,30,active,2026-09-15,2026-09-15,1,,,,
cd7a6bc875de9f7d7af0ee78bd54df111bcfca70828fda9b9b47603c9d199fb6,sha256,unknown-artifact,medium,30,active,2026-09-27,2026-09-27,1,,,,
cd860adf8762abcad62ec26d5346e1d6e65637ee68e356d54e6b54cca5702f82,sha256,unknown-artifact,medium,30,active,2026-09-29,2026-09-29,1,,,,
cd88e9e8b6aac07945afcf82b6b6349a0c4650ee3375dcf05017a0249ec6bfdc,sha256,unknown-artifact,medium,30,active,2026-09-29,2026-09-29,1,,,,
cd9897c55a6013570ab5940039ca93d42203c9aae6d52c1b497117585228ccc7,sha256,unknown-artifact,medium,30,active,2026-09-29,2026-09-29,1,,,,
cd9a56815dbcef5bc7d5b371076b724aba5ea8bcb9e8b351a2101a5825f534f1,sha256,unknown-artifact,medium,30,active,2026-10-09,2026-10-09,1,,,,
cd9bd160bc4016ed174c0f5d1755c1f724c34bd00eb75785829c10dc522683a3,sha256,unknown-artifact,medium,30,active,2026-09-30,2026-09-30,1,,,,
cdd06c3ff8f3e8862bc7930a6b531a1cdd2d84780643a50cf45bb73a06580304,sha256,unknown-artifact,medium,30,active,2026-09-30,2026-09-30,1,,,,
cdd0a86d9ad05877f8bea8a8ae0904aa3bde8d86e0e4d4e651db2e5d1768c31e,sha256,unknown-artifact,medium,30,active,2026-10-07,2026-10-07,1,,,,
cde1925e8f892f5ddaadebfecbdd060398f5d76d3d19224f60d08343d3bbde20,sha256,unknown-artifact,medium,30,active,2026-10-04,2026-10-04,1,,,,
cde688394e3df2f2c6e12529eea8ec348dd94c24918329108f69dfab8492cdca,sha256,unknown-artifact,medium,30,active,2026-09-28,2026-09-28,1,,,,
ce0689ae4765df4fb2c1a69198b2b4e052914aad3745800cc02104843fa6c810,sha256,unknown-artifact,medium,30,active,2026-10-09,2026-10-09,1,,,,
ce1ba3c16ad2043b644a52f23241ca088f0569de8c4d74fccbf96878ee7ac858,sha256,unknown-artifact,medium,30,active,2026-10-09,2026-10-09,1,,,,
ce21efc478e8b2b4542ed3efa45ea582a44034a9d32fd273c4f8663e69c2ff3d,sha256,unknown-artifact,medium,30,active,2026-10-08,2026-10-08,1,,,,
ce228daadf1288899bc1e3f96cd71e0229272feaa8980e61c3d01914ed1e8033,sha256,unknown-artifact,medium,30,active,2026-10-04,2026-10-04,1,,,,
ce2938eb6a0a6c9e0af24beed8a739d8dc6c5c3a5a4977f509f50befa6e07850,sha256,unknown-artifact,medium,30,active,2026-09-30,2026-09-30,1,,,,
ce2f132f8de4cdd496492dfead553d27b65d3f149263b6efba4f8a52c2a4e418,sha256,unknown-artifact,medium,30,active,2026-10-06,2026-10-06,1,,,,
ce472edd25b56678b9f018296076accf4a77c0118b0a83bcb0d7ea1716200796,sha256,unknown-artifact,medium,30,active,2026-09-29,2026-09-29,1,,,,
ce53a2b6d5bbe51a5140660bdf925fac768b63db52e07a712e06922df4daf294,sha256,unknown-artifact,medium,30,active,2026-09-29,2026-09-29,1,,,,
ce554625b2f3d94e4c1d0d8f66b03eb6d625f752995a8e57ae50806678309202,sha256,unknown-artifact,medium,30,active,2026-10-07,2026-10-07,1,,,,
ce58a4479be1d32816ee82e57eae04415dc2bda173fa7b0f11d18aa67856f242,sha256,unknown-artifact,medium,30,active,2026-10-03,2026-10-03,1,,,,
ce5ac094e349ce41ad93518fb25af925785c6a868e07503e20d4b19d56352a05,sha256,unknown-artifact,medium,30,active,2026-09-15,2026-09-15,1,,,,
ce6712c07396438f643231836df758d3374547199ea2504ed35c02454f55ef26,sha256,unknown-artifact,medium,30,active,2026-10-09,2026-10-09,1,,,,
ce67f8bb1cecd0d45fbae8eb242319f6b68381863aef9359ba32c2df018aaefa,sha256,unknown-artifact,medium,30,active,2026-09-15,2026-09-15,1,,,,
ce72f0b7a376799ffbbb57931dceab5c9e1cea2254ce6855d4d37bdc7ba54e44,sha256,unknown-artifact,medium,30,active,2026-10-03,2026-10-03,1,,,,
ce743c9cd5079094f750f8f42911035072036ac12f603430152cef2878f9dd42,sha256,unknown-artifact,medium,30,active,2026-09-30,2026-09-30,1,,,,
ce78475ebfef0a028ae0ccac56f4375be202df7c42e8e2cac77c814822c32fc3,sha256,unknown-artifact,medium,30,active,2026-09-24,2026-09-24,1,,,,
ce7d3559b629da0e6f062af6e381b360c72cb237c644dfccade42e97b673f5fb,sha256,unknown-artifact,medium,30,active,2026-09-15,2026-09-15,1,,,,
ce7e1cbb079b56836c54238ae476e8bdea105c232248928b213e2cb35836db03,sha256,unknown-artifact,medium,30,active,2026-10-03,2026-10-03,1,,,,
ce8560949a12b4663126cd96e6a449c7b13c726412ab05ba28a14ceb9a49d1ed,sha256,unknown-artifact,medium,30,active,2026-09-16,2026-09-16,1,,,,
cea05f90708739952c77974060a20b7ed51ff85801f3e1d8ff21c91a9cae6ea7,sha256,unknown-artifact,medium,30,active,2026-09-28,2026-09-28,1,,,,
cea2bfd059a16ee7e35a36379426647c1458b812be8b919d36b27b6da535fb0c,sha256,unknown-artifact,medium,30,active,2026-09-15,2026-09-15,1,,,,
ceada63001a26697aaa6e8f08105b25cd85990ea79df64187009c8f86e40ff3b,sha256,unknown-artifact,medium,30,active,2026-09-25,2026-09-25,1,,,,
ceb16eaa36461795bdba03133933cb94e1f716e91b8cc6c789c1c86ed3de26e8,sha256,unknown-artifact,medium,30,active,2026-10-09,2026-10-09,1,,,,
ceb8e4f5e29ccc25bf48fb412f0db3a330654994112bd5a77e3961e651132e27,sha256,unknown-artifact,medium,30,active,2026-09-15,2026-09-15,1,,,,
cebb97772f044d78a7206ad679a32f94d8b815cfc3ce1113ff7de229872af592,sha256,unknown-artifact,medium,30,active,2026-09-27,2026-09-27,1,,,,
cec6223202c22b0765540b3b5c99693840d458840e788f0a03b236036bd82d56,sha256,unknown-artifact,medium,30,active,2026-09-25,2026-09-25,1,,,,
ced70370c2ea18b5676c29ef59491e5422abf92d2e403d90467fb7d594a4243f,sha256,unknown-artifact,medium,30,active,2026-09-28,2026-09-28,1,,,,
cee00b08a818db87e17e703273818e5194f83280e1ef3eae9214ff14675d9e6d,sha256,unknown-artifact,medium,30,active,2026-10-03,2026-10-03,1,,,,
cf0707e224a59adfe3dac8e111ad4ce2820c4be8f4b3aac01e6d3b62ca2b2ea3,sha256,unknown-artifact,medium,30,active,2026-09-15,2026-09-15,1,,,,
cf0a41d83b26c0fc4fb7cb411843193229e29d68e5d25ba47366ec21bea0b702,sha256,unknown-artifact,medium,30,active,2026-09-15,2026-09-15,1,,,,
cf15614de93872646aef1fb0c0dbbf03ec48dff45a1db581aa123286ab75cdf3,sha256,unknown-artifact,medium,30,active,2026-09-22,2026-09-22,1,,,,
cf1ef58a9d0b5a10b19d6555973886acd042d29fa33f5e12bf99d3aad82ab132,sha256,unknown-artifact,medium,30,active,2026-09-27,2026-09-27,1,,,,
cf2ab917c9ec7a0817fc07d25cebc5efa3f973c26d5e49d28205e7230dd4c08c,sha256,unknown-artifact,medium,30,active,2026-09-30,2026-09-30,1,,,,
cf30e105cc5a254326cc285e43c9771adae4e3ab2290f9ffa566c617fb0c0573,sha256,unknown-artifact,medium,30,active,2026-09-27,2026-09-27,1,,,,
cf3a56d5ceb9732a27199b0a3814485f36f2907379c0808d9b38fdbffc3912a0,sha256,unknown-artifact,medium,30,active,2026-10-06,2026-10-06,1,,,,
cf544353034dcde09bc6ac64893ca0c93d001c24f37042ec4292308cd975c1ed,sha256,unknown-artifact,medium,30,active,2026-09-27,2026-09-27,1,,,,
cf6b1bcb35e20932e04a0264b489b56a714be097701125b8c83a007569b1f92f,sha256,unknown-artifact,medium,30,active,2026-09-15,2026-09-15,1,,,,
cf7b059baefe84601a34f42c04fa927b58941da131bb3a6341e26afc255407f6,sha256,unknown-artifact,medium,30,active,2026-09-27,2026-09-27,1,,,,
cf7d3d53f1bf31c0a6a55a5e74195c2378252719809b067b10471bf81849b985,sha256,unknown-artifact,medium,30,active,2026-10-04,2026-10-04,1,,,,
cf809a266b38d7fa56ef06e8ae5e27ecda9393e8050d95074485271130e2af0f,sha256,unknown-artifact,medium,30,active,2026-09-30,2026-09-30,1,,,,
cf80b4e5fb74fdd8a2ca895d861ea2e5e8c37b237174a52ec60d2e3651436b59,sha256,unknown-artifact,medium,30,active,2026-09-15,2026-09-15,1,,,,
cf945b5236e101dbe0471d5200f28b1ae64f21c1f35bf55fcf40cd0fe42cd8e7,sha256,unknown-artifact,medium,30,active,2026-09-30,2026-09-30,1,,,,
cfa4010c96e8e87722a0eabfd4f8a94c6c8b4d802041942beb31441407701ac8,sha256,unknown-artifact,medium,30,active,2026-09-25,2026-09-25,1,,,,
cfa4580531f01a8346912547dd3beb0c5fcddf2a2f2ad6f89a770ea61b1eb5ff,sha256,unknown-artifact,medium,30,active,2026-10-03,2026-10-03,1,,,,
cfb1356c7582b4c20cd362e745f516f63b091b1bd352facea7cb3bc4f493b989,sha256,unknown-artifact,medium,30,active,2026-09-22,2026-09-22,1,,,,
cfba0502743f7da968477587aa96234372a850a6b2714514a7b99478415bfefc,sha256,unknown-artifact,medium,30,active,2026-10-04,2026-10-04,1,,,,
cfc2db6e7529b44a55d18647bb27368162e42b2aac470b7739741faa3ca56c8d,sha256,unknown-artifact,medium,30,active,2026-09-28,2026-09-28,1,,,,
cfc6110ce7ef5b04c7f50f284c87fd78e3797fd56956339a0a7a8ddf82792423,sha256,unknown-artifact,medium,30,active,2026-10-03,2026-10-03,1,,,,
cfc89b0d326d0a8394565b0bb8d3081f37e55bfb073e8004928d88be55fd3a69,sha256,unknown-artifact,medium,30,active,2026-09-30,2026-09-30,1,,,,
cfcf61eeffee86ee42349bd1c20cdc2c15e05b18a1f7d03ec7a5f780c1dd38bf,sha256,unknown-artifact,medium,30,active,2026-09-22,2026-09-22,1,,,,
cfd5fca7fb261d31b2f58b0ea617535b2fc487ec762c11901962212a1e53c31b,sha256,unknown-artifact,medium,30,active,2026-09-16,2026-09-16,1,,,,
cff93c9c6b391acaccb51e5b03e2918c0f8dcfd33180e4c8d5373afa78b9d445,sha256,unknown-artifact,medium,30,active,2026-10-04,2026-10-04,1,,,,
d01db441c124a80e7c67db04e0e2bcc47ea9f1b66fd71f1fc2b3853152e73671,sha256,unknown-artifact,medium,30,active,2026-10-06,2026-10-06,1,,,,
d01f32c9ac99813aa47f1021db1a613c81a18d904b09809d45cb9494e1a28e22,sha256,unknown-artifact,medium,30,active,2026-09-15,2026-09-15,1,,,,
d02c6efb1707e8c8d5800d3e671f7556e3a8f80e3cca30e55d9f2e65009cb4ae,sha256,unknown-artifact,medium,30,active,2026-09-27,2026-09-27,1,,,,
d0308b75d546a5daf91571d77dd7b538a46156296a33026c63f4955aac7dad64,sha256,unknown-artifact,medium,30,active,2026-09-30,2026-09-30,1,,,,
d03942de190728a9b7f054324ba51511ebf67102a75802f375b42f986759dab4,sha256,unknown-artifact,medium,30,active,2026-09-26,2026-09-26,1,,,,
d03c493fac3181373c837a6097498ed27bb698a25cfd5d4a786436a86fa826fe,sha256,unknown-artifact,medium,30,active,2026-09-30,2026-09-30,1,,,,
d05a3390fc51174ddebb1a01a7266265af2a0ec203301370d2c4c0cd01c038bd,sha256,unknown-artifact,medium,30,active,2026-10-09,2026-10-09,1,,,,
d05c17956cc5de7631a11cc6842055409e1016790e97899b63d73e37d2c859d8,sha256,unknown-artifact,medium,30,active,2026-09-15,2026-09-15,1,,,,
d06477a6762f45144048b3be32590a653cbb645550ffd798d844e5a90a2e7736,sha256,unknown-artifact,medium,30,active,2026-09-27,2026-09-27,1,,,,
d0690a6f9b5018cd0516a9f338007561c377a06ad173f078aea9cbfe1f490505,sha256,unknown-artifact,medium,30,active,2026-09-27,2026-09-27,1,,,,
d0772c17644275b391c708aae381b707014b850316c95e9100c9299a09ca5d2c,sha256,unknown-artifact,medium,30,active,2026-09-30,2026-09-30,1,,,,
d093a3d513e867adedb410e0e739043c7a967cd373a03445c8d7c64961db4a80,sha256,unknown-artifact,medium,30,active,2026-09-27,2026-09-27,1,,,,
d0af9271a02b5a2151479b91a058b849e93214b5645e42e862a644e07ca836fc,sha256,unknown-artifact,medium,30,active,2026-09-29,2026-09-29,1,,,,
d0b1b7477578fece32bebaa33d3186bb2e415940af3557fb97deb17d44051eca,sha256,unknown-artifact,medium,30,active,2026-10-10,2026-10-10,1,,,,
d0c678d3a9c9d51e473c37a4c90d2c3e2b0e938ac8b471c98b036d4a3616be34,sha256,unknown-artifact,medium,30,active,2026-09-14,2026-09-14,1,,,,
d0ced56ebbe6a84cb33d6fccbcffa1ea1c7c813996e384a201b16f1113d41c73,sha256,unknown-artifact,medium,30,active,2026-09-16,2026-09-16,1,,,,
d0da1b703b71d49adeb296231d6a1e15953e63ce2376d1f5330cca244ee9559d,sha256,unknown-artifact,medium,30,active,2026-10-07,2026-10-07,1,,,,
d0e0969ac23bfc56fa5fc90107d745699c442438e7f874c929bff483bc1228cd,sha256,unknown-artifact,medium,30,active,2026-09-15,2026-09-15,1,,,,
d0f5ade3cf7b99c15acb6ac25e427fbc6f00438b627f177f403dff5b5a566472,sha256,unknown-artifact,medium,30,active,2026-10-04,2026-10-04,1,,,,
d103d3eaae8ff54e8cdf5e2d1da7852fcc503855baed0a042650ef41a1f83baa,sha256,unknown-artifact,medium,30,active,2026-09-30,2026-09-30,1,,,,
d1188ab909a892be1476122bfce5fa3b6eb2b9b2a0b5ec3f905ded08aba6c4e8,sha256,unknown-artifact,medium,30,active,2026-09-27,2026-09-27,1,,,,
d14573e0e0bdca2584ccb7bf5757f44959e32b74ec78ddfadf96e3b821f1a03d,sha256,unknown-artifact,medium,30,active,2026-09-15,2026-09-15,1,,,,
d161684caa197504e83d9cd006b67da140adf6b47a666e4a719af9f4865699ec,sha256,unknown-artifact,medium,30,active,2026-09-15,2026-09-15,1,,,,
d171794c5c1f7a50aeb8f7056ab84a4fbcd6fbd594b1999bddaefdd03efc0591,sha256,unknown-artifact,medium,30,active,2026-10-07,2026-10-07,1,,,,
d171f6c991e33e442735218ba90b561103ab6d67f7a863c7796459140751da91,sha256,unknown-artifact,medium,30,active,2026-09-25,2026-09-25,1,,,,
d179fa89c99fae008175fda1b1c36bdd7720c9fd3b4b9cf27fe533ae00e2c5da,sha256,unknown-artifact,medium,30,active,2026-09-15,2026-09-15,1,,,,
d1808c4908ad2099bb5ad63f7b141fe5c837c8521adaac724b7e9a966ef702c3,sha256,unknown-artifact,medium,30,active,2026-09-30,2026-09-30,1,,,,
d19acb4884bc0a6f457ae140050d48e56361a5c486dab1a18e3e279e4dfa101b,sha256,unknown-artifact,medium,30,active,2026-09-29,2026-09-29,1,,,,
d19be8e250d7cc44f31cd0d779eb739601e2f8202eed7adc8d116dce0b6cac79,sha256,unknown-artifact,medium,30,active,2026-09-15,2026-09-15,1,,,,
d1a20968ec9e48e5f9e408e90626fbb9e2d02f1cb6e0a91f2b3ff76bfab596ac,sha256,unknown-artifact,medium,30,active,2026-10-08,2026-10-08,1,,,,
d1a2ee922df1618d65b3b08b8d30cdb07f3e5e99a5473b3e28962c0e4aed9502,sha256,unknown-artifact,medium,30,active,2026-09-27,2026-09-27,1,,,,
d1a51a32a44e0e0d5d1bda1cb06e8f6cccee24f4b3c7e8a67b4b7f87bb90547e,sha256,unknown-artifact,medium,30,active,2026-10-07,2026-10-07,1,,,,
d1a837870082cb44e02e95001ffdaa5a2e6bc167c4ea791f6eeaf897d07cdb22,sha256,unknown-artifact,medium,30,active,2026-10-04,2026-10-04,1,,,,
d1bc6e90354e3cdd6ea8cdd1e8ba4067c9bf3c4f4a7e00d11e7375f3ab712a74,sha256,unknown-artifact,medium,30,active,2026-09-15,2026-09-15,1,,,,
d1cac82f44b54b0fd244a9e4122811e9ae108a197c7a65a20fd2e7552683e68e,sha256,unknown-artifact,medium,30,active,2026-09-14,2026-09-14,1,,,,
d1d7a02d4e3e0975eece81ee6674eb3505611b663932510fa8d2fc47502b0e79,sha256,unknown-artifact,medium,30,active,2026-10-04,2026-10-04,1,,,,
d1dcc284a8cd7a75d40294ebec40da3c02012d01b93cd6210eda6d5cb129e2a8,sha256,unknown-artifact,medium,30,active,2026-09-15,2026-09-15,1,,,,
d1df5dd07e9e52d36ed4e12b2fb2d3df575fa443ab810fb0b3d3c28edb12afa1,sha256,unknown-artifact,medium,30,active,2026-10-04,2026-10-04,1,,,,
d1ed16fc70629d49c98ab25f3f202a23c4d58f7ad3c68e3a86b289c16ee3c5b8,sha256,unknown-artifact,medium,30,active,2026-09-23,2026-09-23,1,,,,
d1ee9d88c7b5b3860c97645277e13618882e945211780fd3f02ce648b8c4c0d7,sha256,unknown-artifact,medium,30,active,2026-09-30,2026-09-30,1,,,,
d1ef2e430687007073b3e89893e34a9a4ec6a073d6912eac7eb6d5b382f0186b,sha256,unknown-artifact,medium,30,active,2026-09-15,2026-09-15,1,,,,
d1f6b961be1631b118c27a4ddf7398d26ed3da8f9bc5645188de2878079c39a0,sha256,unknown-artifact,medium,30,active,2026-09-30,2026-09-30,1,,,,
d2072c81ff8ee8c1f0e1c688f3f7cedcb7cbb7348f610d0ce0a507bf3a03f19f,sha256,unknown-artifact,medium,30,active,2026-10-04,2026-10-04,1,,,,
d20bc21bb3c7736d8d03ade3ddb4c68b665cdfbca6f6df0f7fdd192f37f59060,sha256,unknown-artifact,medium,30,active,2026-09-15,2026-09-15,1,,,,
d20c6449db60999758318248a439735b3cb73e70edf4e4fcd7249b71661fa98f,sha256,unknown-artifact,medium,30,active,2026-09-30,2026-09-30,1,,,,
d219d5bb01fb04f8989407c71d4743346b58788a608b22cf23cd73e1968e756e,sha256,unknown-artifact,medium,30,active,2026-09-27,2026-09-27,1,,,,
d21cc3b88a7ca1bbfadb85771a66eab1a8015a493ca21b4653e05cd4f9934f4a,sha256,unknown-artifact,medium,30,active,2026-09-26,2026-09-26,1,,,,
d225ce556c57b3f592d9092e6ef096e79f2b25347b321b5fcb4c25172cf73345,sha256,unknown-artifact,medium,30,active,2026-09-15,2026-09-15,1,,,,
d23339c89c308c17c5a728b44a4fe670f32b9753f51c84996d7e2e9eae927203,sha256,unknown-artifact,medium,30,active,2026-09-30,2026-09-30,1,,,,
d242b6313f32c8821bb75fb0660c3b354c487b36b648dde2f09123cdf44973fc,sha256,unknown-artifact,medium,30,active,2026-09-25,2026-09-25,1,,,,
d24d69a35cb2997fcc824caf81c0dbba85489e3e5e9d97c1a76b71d1658ad795,sha256,unknown-artifact,medium,30,active,2026-09-15,2026-09-15,1,,,,
d282c7d5febca5421365401dcd6abb02c5926c9b2f4035c92a6cc49cc94da1f9,sha256,unknown-artifact,medium,30,active,2026-09-25,2026-09-25,1,,,,
d28704ed3e4f31d6086e1d9cb5aaa884a3471a2f77606a4f1438139890bd649f,sha256,unknown-artifact,medium,30,active,2026-10-06,2026-10-06,1,,,,
d28805f8f066ddb902111097b4cbc8521641a9154483d91c7a1005a9717763d4,sha256,unknown-artifact,medium,30,active,2026-09-14,2026-09-14,1,,,,
d28d569a826f423331579f639e37d1f2f6f17fa35a9d98ba92eed1158be9021c,sha256,unknown-artifact,medium,30,active,2026-09-16,2026-09-16,1,,,,
d290cad7fd54287e74e948aa5044202698a41067fb95fa7857fb4eea3347fbb1,sha256,unknown-artifact,medium,30,active,2026-10-03,2026-10-03,1,,,,
d2af95542d8b3445680035d04507fd2f06e73899bb6e1ad4e1d31c78ab17ef66,sha256,unknown-artifact,medium,30,active,2026-09-15,2026-09-15,1,,,,
d2b743dceb96218cde7c3c064bbc9c9872a19442b203884747c53cd6e9df7ba4,sha256,unknown-artifact,medium,30,active,2026-09-25,2026-09-25,1,,,,
d2e60ee490f70ec94e835e7ca87f03fb25e1cdf02dbbd7e27fdc103ca2f5170d,sha256,unknown-artifact,medium,30,active,2026-09-26,2026-09-26,1,,,,
d2ea958394b3b37f381a63aed8e84dce3f08fc06987df41b9908ebbc122c42a5,sha256,unknown-artifact,medium,30,active,2026-10-07,2026-10-07,1,,,,
d2f0a9f12041cf79a3fa34f93e9ed1923f1f0eb654941202250b3a33f0a2b46c,sha256,unknown-artifact,medium,30,active,2026-10-03,2026-10-03,1,,,,
d30fed87fe8113d068fe1c5bb03d79a5508f3847202fd24118121ce3a9421c11,sha256,unknown-artifact,medium,30,active,2026-09-29,2026-09-29,1,,,,
d317ff3fdf8a23930a90b952ab5a801958f01a1cc14d09a44cf60f32c8f2af9c,sha256,unknown-artifact,medium,30,active,2026-10-07,2026-10-07,1,,,,
d31a0d2ea7becadb883d33f8189e1cef71c07a907bef52c2437de1348005d004,sha256,unknown-artifact,medium,30,active,2026-09-15,2026-09-15,1,,,,
d31f1617a29e26432416a979bab53ef6e4fea118c1b3842978bd9dd007c6a8bb,sha256,unknown-artifact,medium,30,active,2026-10-04,2026-10-04,1,,,,
d34a30159194c3e79a635f9bf02de2b71637b85957f7103e5136bde4676bd157,sha256,unknown-artifact,medium,30,active,2026-09-22,2026-09-22,1,,,,
d34acd04af7bd10874dbe1f012cad47d525d0514bfc2f9bceb357b21b29301a8,sha256,unknown-artifact,medium,30,active,2026-09-25,2026-09-25,1,,,,
d3642daeaed2c2802826c3badf260a0103bb724c3c60d95bff6655dc948dee78,sha256,unknown-artifact,medium,30,active,2026-09-25,2026-09-25,1,,,,
d36a74ec658255a037baa5b2b071d5897e26193bf25e9fe1425df4138daeb5fb,sha256,unknown-artifact,medium,30,active,2026-10-10,2026-10-10,1,,,,
d387050ce0cc367531e7462c9ce6b5c74398504675fda51e9fe2e6fc145bbb82,sha256,unknown-artifact,medium,30,active,2026-09-23,2026-09-23,1,,,,
d3875ccd483ec1485c4c471c9c56a8c709579782eafdef0d91ef57d9fbc1410c,sha256,unknown-artifact,medium,30,active,2026-10-03,2026-10-03,1,,,,
d3b5d629f765c049beac40200e685053c0d273a64f614d43029e9a753aa8574e,sha256,unknown-artifact,medium,30,active,2026-09-16,2026-09-16,1,,,,
d3b8e4c62e9dd50791080499a91d371c8b8e1a6e355cb7d9f04926fe2b6008dc,sha256,unknown-artifact,medium,30,active,2026-09-16,2026-09-16,1,,,,
d3c8efcc6e5f7d53560b9007e3536e6ffb70fe414b6118d435bd555f49c733d5,sha256,unknown-artifact,medium,30,active,2026-10-03,2026-10-03,1,,,,
d3d7baf8c74f8ffad1078cd2d310cec019b2036504b5f6418a7bc5288cb82ce6,sha256,unknown-artifact,medium,30,active,2026-09-15,2026-09-15,1,,,,
d3d8ef6ac066a4de36d767cf02edf241beba11cd634c10eea2d2dbef3eeccaa9,sha256,unknown-artifact,medium,30,active,2026-10-09,2026-10-09,1,,,,
d3eb539a556352f3f47881d71fb0e5777b2f3e9a4251d283c18c67ce996774b7,sha256,unknown-artifact,medium,30,active,2026-10-03,2026-10-03,1,,,,
d3f3a8f796494382c0dd678c6e016f740513e40217933edbbd296f0263a9308f,sha256,unknown-artifact,medium,30,active,2026-09-15,2026-09-15,1,,,,
d3f4312644c0ca00d84678e7fe1d5a05cf9f33ea9e30551884af604210785833,sha256,unknown-artifact,medium,30,active,2026-09-16,2026-09-16,1,,,,
d40355aa7739cbec419389daa602d766a5859d5a3c2b290c8cb59741fc3f5e3b,sha256,unknown-artifact,medium,30,active,2026-10-10,2026-10-10,1,,,,
d413b1c967f338ffd95e3f2b5530e734227dd9b046074af0abc3753c2a68308b,sha256,unknown-artifact,medium,30,active,2026-10-04,2026-10-04,1,,,,
d422e1b3906eb11b1a6057e56c26a69f167a034c9278d224931957e7a3fc9869,sha256,unknown-artifact,medium,30,active,2026-10-04,2026-10-04,1,,,,
d43564965e635e2c6292501479276c62b21ab4cd759ba647275ea2c5a9075181,sha256,unknown-artifact,medium,30,active,2026-09-30,2026-09-30,1,,,,
d44daf110b2f6cbb470f13756645755d50f046f684494656589476852c362601,sha256,unknown-artifact,medium,30,active,2026-09-25,2026-09-25,1,,,,
d461a3625236cff1572af220d47610bb47e11bdcb11b49667e84590a0f23826d,sha256,unknown-artifact,medium,30,active,2026-10-04,2026-10-04,1,,,,
d478fe1adfbc54e266e782b9c5557bf17dfd8ee8141bd0cc1d7fdcde3a0b00f2,sha256,unknown-artifact,medium,30,active,2026-09-15,2026-09-15,1,,,,
d488f58f8f231379e469de9231f24b2ddbb44072a65f2440fc24c19dd31f40f9,sha256,unknown-artifact,medium,30,active,2026-10-04,2026-10-04,1,,,,
d491f39f9190731cd867964f708dda21e904858e07af0528d3c247b673a0339c,sha256,unknown-artifact,medium,30,active,2026-10-03,2026-10-03,1,,,,
d49d52e57e9da6b80934d9f40c2dc2f2e29ce743f2e86ad1924961fbcd246b20,sha256,unknown-artifact,medium,30,active,2026-10-03,2026-10-03,1,,,,
d4a9c3885264312f9e1a6e7f7d807949cd2c9d4311bb440b00ce1f19ffee39c7,sha256,unknown-artifact,medium,30,active,2026-10-07,2026-10-07,1,,,,
d4b51a2995035c276391ea739f974c66ea97f7db5c4dc7abce626fa22cf26b1a,sha256,unknown-artifact,medium,30,active,2026-09-28,2026-09-28,1,,,,
d4c8b3d8393d1e78e896890a8fc2a052f69af3c98263b2bd993be2ed247a9144,sha256,unknown-artifact,medium,30,active,2026-10-07,2026-10-07,1,,,,
d4c8dd54debc59cb9690185b412bd6df41d4eca4c46668d7ece8fe11d3a77c88,sha256,unknown-artifact,medium,30,active,2026-09-15,2026-09-15,1,,,,
d4c9befe66e24d918c889db60dbdca5a0e0fe9bb4f445570b826bf6b811adfd4,sha256,unknown-artifact,medium,30,active,2026-09-24,2026-09-24,1,,,,
d4cb0b0e7e632a039b0290b80aee2edf3f7a23a5a2510c0f68ed6a28fa2eb675,sha256,unknown-artifact,medium,30,active,2026-10-03,2026-10-03,1,,,,
d4cd32c5a8948e5aee2a0339bdaaeb7511a6a4f66a459f32198ee620b3fae8a1,sha256,unknown-artifact,medium,30,active,2026-10-07,2026-10-07,1,,,,
d4de17e6d172b853e2f4608a3df81542525bae9e869b8e5238ec9ea95e66a64e,sha256,unknown-artifact,medium,30,active,2026-09-30,2026-09-30,1,,,,
d4df081b982b23e66cac7102f9d91032f296caf13031991d90af44ee6cbf6e3b,sha256,unknown-artifact,medium,30,active,2026-09-14,2026-09-14,1,,,,
d4df87ea73d710315d26f696373426b5acbb1f48542130bd53e638f50448ead8,sha256,unknown-artifact,medium,30,active,2026-09-30,2026-09-30,1,,,,
d4e3260073505583b5eacb7d8e4cc5897bc7b829b05a38f8036c56ec588c7f6e,sha256,unknown-artifact,medium,30,active,2026-10-07,2026-10-07,1,,,,
d50aed0d028c34a5b8d1702c6d797d3e46306476236bdebbc08be4b2ad14b14b,sha256,unknown-artifact,medium,30,active,2026-10-09,2026-10-09,1,,,,
d539ded1322ae0a6ee8651caf136cca46df28976feed82d54fb2a8017e99c982,sha256,unknown-artifact,medium,30,active,2026-09-15,2026-09-15,1,,,,
d53b15b71e53b0ea2a72282038db0f5c518b5c6aac449d9b3b796807e3f36659,sha256,unknown-artifact,medium,30,active,2026-09-27,2026-09-27,1,,,,
d55cc8de73483419b39002da60ca583826cf23e9b4cac3c942cc7f59ecea1334,sha256,unknown-artifact,medium,30,active,2026-10-10,2026-10-10,1,,,,
d561f726ccff7e0e42b1318a198f3905c260288df41340dd0240bcc486364652,sha256,unknown-artifact,medium,30,active,2026-10-04,2026-10-04,1,,,,
d566ab39c5a6c228a05a89ba60d715cbf894f28f099e15360f5483c7dcc1e8e2,sha256,unknown-artifact,medium,30,active,2026-09-16,2026-09-16,1,,,,
d56b7c4896eea14622ee1efc25c5100627605c59cb6b0c96a869cbc463ad5510,sha256,unknown-artifact,medium,30,active,2026-09-25,2026-09-25,1,,,,
d5747b079018931b99f8850b722fa39476d56b60692a92143e7f7df9be09edc3,sha256,unknown-artifact,medium,30,active,2026-09-22,2026-09-22,1,,,,
d583b266079f8569ff844c319b30584c481f3e2ad6ae807331123857c0e7062c,sha256,unknown-artifact,medium,30,active,2026-09-28,2026-09-28,1,,,,
d5916ce70b0c11bab1c43723cdda7d12f120935bfbb76acf836e52df19ce3b03,sha256,unknown-artifact,medium,30,active,2026-09-28,2026-09-28,1,,,,
d5a035af282147df792a0e07adcd4fb313fb6f68e62f907926ef293e88cfbcb3,sha256,unknown-artifact,medium,30,active,2026-10-09,2026-10-09,1,,,,
d5beacad74627c067cee9d69db48ed0a5059553088ff21f614944395a2eac761,sha256,unknown-artifact,medium,30,active,2026-09-15,2026-09-15,1,,,,
d5c8419d67bce8c7fc2bf71c1eb682a290dfff88c1da4c6b46f1487632bf7df8,sha256,unknown-artifact,medium,30,active,2026-10-09,2026-10-09,1,,,,
d5d0e7cdb694a95f8277aa19e2034b4ec9950e6ccf42be4ed2da31f8acbb6e5e,sha256,unknown-artifact,medium,30,active,2026-09-25,2026-09-25,1,,,,
d5d1a86ddef457bfe2d12aa3c7f07ed5e2bfb2acd87a8aaa4ea7041f27473abb,sha256,unknown-artifact,medium,30,active,2026-09-24,2026-09-24,1,,,,
d5d60f991dd16995d2111c6d7291e98064cd95433a4fb7c21ab8c8bc17488d66,sha256,unknown-artifact,medium,30,active,2026-09-26,2026-09-26,1,,,,
d5ee6901ec9b12007c92c4983cc6b00301dca60533d67ac15efb3c1d7a2f674a,sha256,unknown-artifact,medium,30,active,2026-10-04,2026-10-04,1,,,,
d5f7c2b04fd5ae9772d6f4807bd62c443ce1a2d8f7d5565527889ffc9b821966,sha256,unknown-artifact,medium,30,active,2026-09-15,2026-09-15,1,,,,
d616aa2b0a5a34fe98bcd1758d8e7308c5ff6475d61b38640948efef91f835ea,sha256,unknown-artifact,medium,30,active,2026-10-04,2026-10-04,1,,,,
d616eaef0ad93b8c9bf6f332b62d6648e19f76f5a46a8b7846813c503e768dab,sha256,unknown-artifact,medium,30,active,2026-09-30,2026-09-30,1,,,,
d64494d63bbbd0790e7c0f3971f26afdfe6d12ce6091dbd4c5012c3b274c59cc,sha256,unknown-artifact,medium,30,active,2026-09-15,2026-09-15,1,,,,
d65a372b299cac8ed359ebcf69e74b043eddd35cf19be5134b8105eb26fbd416,sha256,unknown-artifact,medium,30,active,2026-10-10,2026-10-10,1,,,,
d6649c4e42dadd049198a6bc4ffefb5b3f2ef92172d97b73a589c160973f3c40,sha256,unknown-artifact,medium,30,active,2026-10-03,2026-10-03,1,,,,
d66a5e3533ca9b71185ff9563a2ae4310cb170513cce70eb0052194fc713a370,sha256,unknown-artifact,medium,30,active,2026-09-29,2026-09-29,1,,,,
d67ef4279022a6e97970d5a75b8722b18f99b3658cfd1a21c4817dce17d06e46,sha256,unknown-artifact,medium,30,active,2026-09-28,2026-09-28,1,,,,
d696de9468a07088bda4b132e38ed165691a1153721f8c6a1b3f7011a28f06ed,sha256,unknown-artifact,medium,30,active,2026-10-10,2026-10-10,1,,,,
d69b3e002d750169b6a78a10da8077626acbe6714faa250639b9b7784195c0d7,sha256,unknown-artifact,medium,30,active,2026-09-27,2026-09-27,1,,,,
d69c4da53de9fd457d9b43c26c877735771706809db7e55f1e0004e44a1725f1,sha256,unknown-artifact,medium,30,active,2026-09-27,2026-09-27,1,,,,
d6b3e1b3fc07ef594343a57c39859dd76be00ca1a3086bb60d3dcdd9249efe0e,sha256,unknown-artifact,medium,30,active,2026-10-03,2026-10-03,1,,,,
d6bf6cf5147a058ec9fc41382adf2dfabceed806e96e2306a504251dc36b56f5,sha256,unknown-artifact,medium,30,active,2026-09-16,2026-09-16,1,,,,
d6d0e5bede04956c91ab4016ce9e7dc7dcc9dc5127aac42c9103200781503c2f,sha256,unknown-artifact,medium,30,active,2026-09-30,2026-09-30,1,,,,
d6d1ac72d8b7eff65abb6fe763eadbec75bf1cfb56552dbe37284efcf52dd137,sha256,unknown-artifact,medium,30,active,2026-10-10,2026-10-10,1,,,,
d6e9385ad815d8359dde0826b9ee9b6f59aa2eec12e7278852967a2f03006104,sha256,unknown-artifact,medium,30,active,2026-10-09,2026-10-09,1,,,,
d70263f90bf5c8bc558c7ac425e76613eb04adf0527318f079726b5314f3502a,sha256,unknown-artifact,medium,30,active,2026-09-16,2026-09-16,1,,,,
d70e25e734dedbd1ca52fe81459b23af88f82819d06a823e07a79a86955e8ac8,sha256,unknown-artifact,medium,30,active,2026-09-26,2026-09-26,1,,,,
d70f917e35813a7ae323e6b2b539d6dbbfc3a3a6599f1fed93430b14ca08b141,sha256,unknown-artifact,medium,30,active,2026-09-14,2026-09-14,1,,,,
d715d02c226f332c69140381a42ff5b3948c43fa11fdfeffcb16c2353f9741ee,sha256,unknown-artifact,medium,30,active,2026-09-30,2026-09-30,1,,,,
d719a21efb8df07d8234739ebb89b76b973f66d8e48cc577f2ed9155e8f67a87,sha256,unknown-artifact,medium,30,active,2026-09-27,2026-09-27,1,,,,
d732e110598400dc905b1bbc3c10b55ebf5d2eb88be2ec2d681ec14e765a4dea,sha256,unknown-artifact,medium,30,active,2026-09-15,2026-09-15,1,,,,
d745fba1cb70ab9dc02a80eeba8a1864a0f32b2941e008c0af389be7b56ba830,sha256,unknown-artifact,medium,30,active,2026-10-03,2026-10-03,1,,,,
d74b7cfcf104d570d9ea5dfcfde29e999a23a3ddaf1e60f758b4403965e51603,sha256,unknown-artifact,medium,30,active,2026-10-04,2026-10-04,1,,,,
d74f019cbd7f57cebe7f3b286e1646b10efc4143030ae075136c2e032d9e68c5,sha256,unknown-artifact,medium,30,active,2026-09-22,2026-09-22,1,,,,
d776d79f7f3f0d3ca338672d515c3b0d6f5c9ee0e104b32f621dc646709c93b4,sha256,unknown-artifact,medium,30,active,2026-09-25,2026-09-25,1,,,,
d779e32fbdf4185f8ac6c9a3613e46fabed9be2e63a864487fcacab86190d632,sha256,unknown-artifact,medium,30,active,2026-10-04,2026-10-04,1,,,,
d7a71309817cb481eda656f79a56198e5f19feb27252c8489f4901d89794e20d,sha256,unknown-artifact,medium,30,active,2026-10-06,2026-10-06,1,,,,
d7aafe725843ab2bf7287db06dbbc1a325ab54de3d032d05367006f28de26094,sha256,unknown-artifact,medium,30,active,2026-09-26,2026-09-26,1,,,,
d7af85d2c8514c599a1523649f32582a50a649093f919526c507b0f92d70df54,sha256,unknown-artifact,medium,30,active,2026-10-08,2026-10-08,1,,,,
d7b30f70e463fbcf20ecfb7d0c4815e9646892ca52988815596eeda87ec094a8,sha256,unknown-artifact,medium,30,active,2026-09-15,2026-09-15,1,,,,
d7b34b406fef9d716bcddb1071d0b730ab3ed296b7acc24f072ebdc866fc391a,sha256,unknown-artifact,medium,30,active,2026-09-26,2026-09-26,1,,,,
d7b73e1bfd73e8e0fb278c8104d702ccdf6e52b67a5b873a26db80c0e49b6d1a,sha256,unknown-artifact,medium,30,active,2026-09-15,2026-09-15,1,,,,
d7c65da78663789ae27e994c6cec23055b2c2f9f90392ede741b567c2424724e,sha256,unknown-artifact,medium,30,active,2026-10-10,2026-10-10,1,,,,
d7cb346c7ab1441333d70a1dd4d858751341a470cd4e99adec8d6431ede455b9,sha256,unknown-artifact,medium,30,active,2026-09-16,2026-09-16,1,,,,
d7cea00bd104e6e40ac1c7c8a1b7e876236629f6c8f47ec213291492618e66fe,sha256,unknown-artifact,medium,30,active,2026-10-09,2026-10-09,1,,,,
d7cfcd3ba57e016ff8ea6e665a6293140d81a0274bc7e481b0f0d3fa9298701f,sha256,unknown-artifact,medium,30,active,2026-09-15,2026-09-15,1,,,,
d7e376ae5ffaf4255c8f8f16c37d992d2b9b4d37662854ad6f29098feaaadbdc,sha256,unknown-artifact,medium,30,active,2026-09-15,2026-09-15,1,,,,
d7e6a7aed54d1977b16e0a187c778c1e440fe1ef2be9c92cc70aa466c9bf60a6,sha256,unknown-artifact,medium,30,active,2026-09-27,2026-09-27,1,,,,
d7e916fe162d5e211013a2d2a11f01078c6c1e741042cdfb53fce46fb6942815,sha256,unknown-artifact,medium,30,active,2026-10-03,2026-10-03,1,,,,
d811688cc5b30cf118a41b3031b00c35ed557ed4841d7392a7b969c0c96eeb7d,sha256,unknown-artifact,medium,30,active,2026-09-15,2026-09-15,1,,,,
d812ce05a628bfdd86bfded2382ad81b74656dc0021a0bfc09f19281b45e787b,sha256,unknown-artifact,medium,30,active,2026-10-07,2026-10-07,1,,,,
d829226ecef7c67d2c2437387a0f017cd551f58f11f86ce5b3dd4c66f17f83d1,sha256,unknown-artifact,medium,30,active,2026-10-07,2026-10-07,1,,,,
d83eb0159165ef45aba08ebba6bbc1279ab702b58f29866b2bc539692be7add3,sha256,unknown-artifact,medium,30,active,2026-09-15,2026-09-15,1,,,,
d85b3d031aeca60147bdfce4d5682e6919142c6db2df413680bbc6004917d64b,sha256,unknown-artifact,medium,30,active,2026-09-25,2026-09-25,1,,,,
d85d26cd4f48f4419e378ba0de5fdceaaac65ea7356bfdd115f6a5a7cb7d5518,sha256,unknown-artifact,medium,30,active,2026-10-04,2026-10-04,1,,,,
d872de2c773ae277b70a787cd3529b9980e261318ea3fbf4bdf6cc85daa9e573,sha256,unknown-artifact,medium,30,active,2026-09-16,2026-09-16,1,,,,
d881c547316f631bbbc51686b79111895dddb9097975ad9b0e171da1b84f05c3,sha256,unknown-artifact,medium,30,active,2026-09-25,2026-09-25,1,,,,
d88412d0b58197a3a4d66a67b15a15ae9b4f3c7e1cddc012c1f6e5e057c8584b,sha256,unknown-artifact,medium,30,active,2026-10-03,2026-10-03,1,,,,
d8917488bcafded6ba2d3b32d31aa3aa9cfc08380a4a6c69a354db0883082863,sha256,unknown-artifact,medium,30,active,2026-09-23,2026-09-23,1,,,,
d8a5ef151ceaf5f206ea7687339a3923fee0fa8d75888a31a40d6c971a88cde5,sha256,unknown-artifact,medium,30,active,2026-10-07,2026-10-07,1,,,,
d8b7d984fd6bef16b394172b2166c8f784939f7e5c316fc040d5ef5b30cb6395,sha256,unknown-artifact,medium,30,active,2026-09-27,2026-09-27,1,,,,
d8c0de1ecf3096bfc4f1ff539053318ddad154d58cac249a333a97dab8b1d003,sha256,unknown-artifact,medium,30,active,2026-10-04,2026-10-04,1,,,,
d8d8ffe2f4de3ea8c6205ad0f9906a60687252a0741d8fd2b1e4979f0ee16e22,sha256,unknown-artifact,medium,30,active,2026-09-16,2026-09-16,1,,,,
d8dc5b142788fc6d64cf37fadbc5676c37216a7097eab71324e45d10d63eac72,sha256,unknown-artifact,medium,30,active,2026-09-22,2026-09-22,1,,,,
d906aecb61d076a967d9ffe8821c7b04b063f72df9d9e35b33ef36b1c0d98f16,sha256,unknown-artifact,medium,30,active,2026-09-15,2026-09-15,1,,,,
d9133e44534db04555976a86e432748f62d62913b502da4564ea16a8cc0fde64,sha256,unknown-artifact,medium,30,active,2026-09-23,2026-09-23,1,,,,
d9202a7ccf2c23ed7d5b9beb4bce4e60ef987a1dbcf5928775b7d45bca119056,sha256,unknown-artifact,medium,30,active,2026-09-15,2026-09-15,1,,,,
d9204af6f27e38526b2e595333f888641ac643f65d7e93ca4c44ab9591871701,sha256,unknown-artifact,medium,30,active,2026-10-06,2026-10-06,1,,,,
d926b8fbd9b9cde0aebd34ec4cca4c20ec88b8d3e4840f8aa9ee378df7bdb38c,sha256,unknown-artifact,medium,30,active,2026-09-22,2026-09-22,1,,,,
d92df14f71e80a29a4ce6a6a476db0b2e8ecb41baed75cc373e85015ed2ae4c5,sha256,unknown-artifact,medium,30,active,2026-10-07,2026-10-07,1,,,,
d930c2d511e7b2d50d011fb39e3fc040320914e8338cea47433c646b8640fe16,sha256,unknown-artifact,medium,30,active,2026-10-04,2026-10-04,1,,,,
d9411d835ac6f774ee241f1c5abfe0953e1ab6faad7dd560d33cdf9e93466417,sha256,unknown-artifact,medium,30,active,2026-10-03,2026-10-03,1,,,,
d94584d50c477e6393620f6cdfd6c71c9673b8afd4e7a9cbd117897cadf72f3e,sha256,unknown-artifact,medium,30,active,2026-10-03,2026-10-03,1,,,,
d96a3f8aab173c511fbd291fd4c4d262ccf4e805165511d03b74ec78afb51eb7,sha256,unknown-artifact,medium,30,active,2026-09-29,2026-09-29,1,,,,
d972831a9060b80fc79502955f4631b319184d4fa952a6c5d19955ec21fee959,sha256,unknown-artifact,medium,30,active,2026-09-27,2026-09-27,1,,,,
d982c4cedea23451f4ccda6c8e6f72b3d40ab9e06b58786a3c25f6e64a7e8519,sha256,unknown-artifact,medium,30,active,2026-09-15,2026-09-15,1,,,,
d98d51e737ef8354d313c9812dfa2505e4eb92f287f8274997aa5fe3651e31df,sha256,unknown-artifact,medium,30,active,2026-09-30,2026-09-30,1,,,,
d98e9f18623091aa76e6b05e77e2ca32f9ddf2d3885c08b0bed7ed76886d9502,sha256,unknown-artifact,medium,30,active,2026-09-22,2026-09-22,1,,,,
d9945d5d0020ed26a167d2a4b75eea610b1f58805161b1679c43e83c22be29f6,sha256,unknown-artifact,medium,30,active,2026-10-10,2026-10-10,1,,,,
d99930cc2967ca6c1b9038f1fc5ac58cc11439f6a36e17dcf91ebfbc381e9d29,sha256,unknown-artifact,medium,30,active,2026-09-29,2026-09-29,1,,,,
d9997e89a5330be0fffd42f204e669b14fff98788afdb9dccf25eeef37c0aec1,sha256,unknown-artifact,medium,30,active,2026-09-28,2026-09-28,1,,,,
d99c9eda2654cbad9b3e24c17b8fdc28048d39b4a7781c24336da4b274a6d5f5,sha256,unknown-artifact,medium,30,active,2026-09-15,2026-09-15,1,,,,
d9a0750cb0f9b306edd36e731ae1a7ce6f46e7f7626e472890b422634224dd3a,sha256,unknown-artifact,medium,30,active,2026-10-09,2026-10-09,1,,,,
d9a2334427f1838bad40078cd7618f11361cc53c2ffe8f32481a27fbc9c78bf9,sha256,unknown-artifact,medium,30,active,2026-09-15,2026-09-15,1,,,,
d9ac81aeaa75b3efcc1f222839c15e7786d4b47c52abfafa5289c3a1375d64ea,sha256,unknown-artifact,medium,30,active,2026-09-15,2026-09-15,1,,,,
d9b6a7973bc1c03ccffa53301a5925ddc506d04a9c9919ee2954ea22635f1882,sha256,unknown-artifact,medium,30,active,2026-09-15,2026-09-15,1,,,,
d9e0466a2461342d2608e468d3b8bcbbf5f7544f967e851a9ed61daf0b264567,sha256,unknown-artifact,medium,30,active,2026-09-15,2026-09-15,1,,,,
d9f5f3c440fbd373bab9bb9b7b7ab4b71d5a35f18e39f3dabba5d95fc8efa4d9,sha256,unknown-artifact,medium,30,active,2026-10-09,2026-10-09,1,,,,
d9fb26bd41eb35d814854870021a3986714a1bc4c86f8e0ed4a70a8aecb8ae71,sha256,unknown-artifact,medium,30,active,2026-09-30,2026-09-30,1,,,,
da16f75883b409b378e86fde5e77c61709dcc6bb85284e423f237f4c15f2e61d,sha256,unknown-artifact,medium,30,active,2026-09-27,2026-09-27,1,,,,
da18d61af1ab07918fcfb3a158bf5d1d457e4b31e2479ea8f18f383974245cbf,sha256,unknown-artifact,medium,30,active,2026-09-25,2026-09-25,1,,,,
da26f9a32ff5f85503a08e34d20d7ed23840085bb3cff350ec7841bbb97439d0,sha256,unknown-artifact,medium,30,active,2026-10-04,2026-10-04,1,,,,
da29232bb5e58f6b7a6d58a0b3d679b91408a4f43859a25d24cc37db966fa2c1,sha256,unknown-artifact,medium,30,active,2026-09-22,2026-09-22,1,,,,
da2befb53522da339f178c8272d9a0c74d5f329065744294c49b52009d168d9a,sha256,unknown-artifact,medium,30,active,2026-09-14,2026-09-14,1,,,,
da38d7b9e2922cc5f87b375ad047554e105e767c6b0cc0d4d0d2734645232eef,sha256,unknown-artifact,medium,30,active,2026-09-28,2026-09-28,1,,,,
da3dbd04d8761f6794f015be1b0a62248a2f5b68a112db867c4fa429eac4cb2f,sha256,unknown-artifact,medium,30,active,2026-10-10,2026-10-10,1,,,,
da4077c7dc3223c0e616e3c32c770f0c5b81eaddb1313a88afa9e03219b9b148,sha256,unknown-artifact,medium,30,active,2026-09-25,2026-09-25,1,,,,
da4d47d486c674b0e05b992713276b345aaa1858d3f147b4b185ad5215cfdc69,sha256,unknown-artifact,medium,30,active,2026-09-15,2026-09-15,1,,,,
da7853204a588872a26e7a6b1bdd58383e510bae8adf508bcd0a2a04a634a355,sha256,unknown-artifact,medium,30,active,2026-09-25,2026-09-25,1,,,,
daa87b897ef762ded635750ef1ba18c6c3003da1ef0ab8e3e5b14de0e95ae981,sha256,unknown-artifact,medium,30,active,2026-10-10,2026-10-10,1,,,,
daa8ac2fe9494875cd0d2655c3e8596d3a207d55e031cc75318d80cab58b3562,sha256,unknown-artifact,medium,30,active,2026-10-10,2026-10-10,1,,,,
dabbdfa3310342de6a5c4161b5aff2c944f40ca41e3b2523e9fa84995e2d6d24,sha256,unknown-artifact,medium,30,active,2026-10-09,2026-10-09,1,,,,
dac12e4951dd618f4fab7e89207c8de73a3e33df6b6dcdd2ef3e65698e06e976,sha256,unknown-artifact,medium,30,active,2026-09-16,2026-09-16,1,,,,
dac2cb6d71fc52c8e8573d4dd53bca55e5b924fe49dd5b56e3f0b2fdd7b34add,sha256,unknown-artifact,medium,30,active,2026-09-29,2026-09-29,1,,,,
dac860deedd9530b579f31d9d1badfc4c4c773684d1b9e1ae6e9615c581735e6,sha256,unknown-artifact,medium,30,active,2026-09-27,2026-09-27,1,,,,
dacce2ef37620862c7ca3057e77a118889303516b02a53d3d8e460e0eb9b7aad,sha256,unknown-artifact,medium,30,active,2026-09-30,2026-09-30,1,,,,
dad7d19116312241cd4b532067440d0f4a571d6ffd264a7ebaea2abb6fbf4f7a,sha256,unknown-artifact,medium,30,active,2026-10-03,2026-10-03,1,,,,
dae5a45b7f7142e47a6915be8a00213284eab1ab2f1f22ee0bf8ebd8566a5754,sha256,unknown-artifact,medium,30,active,2026-09-29,2026-09-29,1,,,,
dae9fa2064e23b0d167d1b7075948fc18d37b21715e31b247a44b358b517c07d,sha256,unknown-artifact,medium,30,active,2026-09-15,2026-09-15,1,,,,
daebd4d61a824dbb0a77281d9f80a6fd6cdfe4648b79de486c98d4ee1bb9ef7b,sha256,unknown-artifact,medium,30,active,2026-09-28,2026-09-28,1,,,,
daed4ea3be0871bed9c7a626c0d7bc7776ed0698a2ef4b9ac503db21f08ea67e,sha256,unknown-artifact,medium,30,active,2026-09-30,2026-09-30,1,,,,
daf06e7a3fa5f625a614d69f62480c868527b1c91ee35e88be7edd78db30e266,sha256,unknown-artifact,medium,30,active,2026-09-16,2026-09-16,1,,,,
daffa4aeaf5640e37f1795823455cd3f6c1f4b5644b88a23c09d96f0c167a7e1,sha256,unknown-artifact,medium,30,active,2026-10-03,2026-10-03,1,,,,
db02b4218c861714def17679d47d00ff0287b9100839a6fdc27b58562cdd45f3,sha256,unknown-artifact,medium,30,active,2026-09-26,2026-09-26,1,,,,
db14203f43ad4ddd7c7df0e005d227cf522a78fa46f0b0bb7962bfad7d466425,sha256,unknown-artifact,medium,30,active,2026-10-04,2026-10-04,1,,,,
db1b6469cf019c2b151c78cd538a8837553f233fe29583523a5e7abe36a6963a,sha256,unknown-artifact,medium,30,active,2026-10-04,2026-10-04,1,,,,
db1eea3299660269efec065845088217d644bab0e38976243387351be082771b,sha256,unknown-artifact,medium,30,active,2026-09-30,2026-09-30,1,,,,
db27d3b61ab37df6109144364c115b2c778b3278fc14fafd47368650827f9953,sha256,unknown-artifact,medium,30,active,2026-10-03,2026-10-03,1,,,,
db363008d766689edc0fcf94ab633cc69d9dc6551c1342097d6acb40bc50474c,sha256,unknown-artifact,medium,30,active,2026-10-04,2026-10-04,1,,,,
db5d678548a6041b7f76c99e92046c97fb6762bddba3d956b350b7666793b5cb,sha256,unknown-artifact,medium,30,active,2026-10-09,2026-10-09,1,,,,
db628dcaa5c512d48cc6d3046d5f3bddf99631b477e116912fb518d69b6f5175,sha256,unknown-artifact,medium,30,active,2026-09-16,2026-09-16,1,,,,
db6ec912c007df5e5a18f67bb2f82685a4d13aee0339604296ecd414a96be7fa,sha256,unknown-artifact,medium,30,active,2026-10-03,2026-10-03,1,,,,
db79f3f9916007ac346c749265836dc638942b6a54b2afe0750c452c1f834898,sha256,unknown-artifact,medium,30,active,2026-09-30,2026-09-30,1,,,,
db82cb2ae26cd7c3b3a4cf36ce0b45d6eeaf4df66bc1b924d4d0a67c020e17c7,sha256,unknown-artifact,medium,30,active,2026-10-09,2026-10-09,1,,,,
db830d6f8de7f32a770f23ebd86532d3cbeec26740f73669622f2bc675a6ee47,sha256,unknown-artifact,medium,30,active,2026-10-03,2026-10-03,1,,,,
db8594220423254b32ae0fbe5e82b49c7dc03c6b86db4b7846aa379b26b09aa9,sha256,unknown-artifact,medium,30,active,2026-09-15,2026-09-15,1,,,,
db87854ad92140026ae52a3929de23d2a446faf5445c67433b3cc989c83023d3,sha256,unknown-artifact,medium,30,active,2026-09-23,2026-09-23,1,,,,
dbaeae6c67db5ea45e043c19e4c0576ffc87c77e1d10c49dd9495948502c0a66,sha256,unknown-artifact,medium,30,active,2026-09-15,2026-09-15,1,,,,
dbbde7eb4ff556ce49ef9b033a5253665e39e757515f5d165a54c4366fef8203,sha256,unknown-artifact,medium,30,active,2026-10-03,2026-10-03,1,,,,
dbd2217ebc2bc993b67c01dbd38d6803ed382c9a5136202505ca4de3705af1f0,sha256,unknown-artifact,medium,30,active,2026-09-15,2026-09-15,1,,,,
dc0a639ea23f6dcacf86ae8fb68f7e6c1c137190495b4d813283583060fc1bb9,sha256,unknown-artifact,medium,30,active,2026-10-03,2026-10-03,1,,,,
dc102bf9d1089b4d51a7c3255f2bf6f8ed1b947f5cf08168a28a1f58d76eaa32,sha256,unknown-artifact,medium,30,active,2026-09-15,2026-09-15,1,,,,
dc14fdc6c5250aff1b505e49ebb24445ec97b4a3e3df3fd3d3ac9248f07abe56,sha256,unknown-artifact,medium,30,active,2026-09-25,2026-09-25,1,,,,
dc1851647112e1ee6d43b1a5bd29045364fdd832820045a3b16358f69026a3fd,sha256,unknown-artifact,medium,30,active,2026-10-03,2026-10-03,1,,,,
dc30a1049dca7ec3f1fab7216e511218bb2259847f22ec16001d5767a5e76ebf,sha256,unknown-artifact,medium,30,active,2026-09-28,2026-09-28,1,,,,
dc3b16acdc93b5c770fa07263bc93519203875859f196d7d8bafeca498b8f3c8,sha256,unknown-artifact,medium,30,active,2026-09-30,2026-09-30,1,,,,
dc41c6e133ad23483d3acde1a1dcf37a6331e1d6087e26babfb15137ae9bd9fa,sha256,unknown-artifact,medium,30,active,2026-10-04,2026-10-04,1,,,,
dc443cfce82ff11c5981a40e94ec091e1795a34d023993c45b80ff05686d1184,sha256,unknown-artifact,medium,30,active,2026-09-15,2026-09-15,1,,,,
dc459d0ea854cbcd1f79fa116df9ea2d4ebbe09dc6a84ea987aae1a9b608bc75,sha256,unknown-artifact,medium,30,active,2026-09-28,2026-09-28,1,,,,
dc4dd7361b6afbc75dd63ffbdec33b3758d2cf2523dd8780ad7f4102003fd0f6,sha256,unknown-artifact,medium,30,active,2026-09-28,2026-09-28,1,,,,
dc4e765dfa7d49352d0109904f12ef3ca1677c09ea0b019b6a1cb73cc7879b44,sha256,unknown-artifact,medium,30,active,2026-10-04,2026-10-04,1,,,,
dc5f146b88e7e3fb2c928ae25dcbeccfc251556d896c6a84d7db969978861f68,sha256,unknown-artifact,medium,30,active,2026-09-30,2026-09-30,1,,,,
dc667525f60fb6b70509bcc84a34203d9009226a930859c519fa30d3c78df39b,sha256,unknown-artifact,medium,30,active,2026-10-09,2026-10-09,1,,,,
dc71cac54bbd3c74ce333c9e047ad10a41c6b59074b1e241120939f254814c9e,sha256,unknown-artifact,medium,30,active,2026-09-30,2026-09-30,1,,,,
dc739acf40b41448fd9b5d49c8ad665a35b14a23ce39b5f15d82f1ea5c09a4e9,sha256,unknown-artifact,medium,30,active,2026-09-30,2026-09-30,1,,,,
dc746d66e7467279f8f9f54edb08e15e719e62d15bdeded3e3b42e19ff94adf0,sha256,unknown-artifact,medium,30,active,2026-09-25,2026-09-25,1,,,,
dc76625a81999346d8800e4b22c7c6054711d18b1dd942a0b401cd5033d1b24b,sha256,unknown-artifact,medium,30,active,2026-09-25,2026-09-25,1,,,,
dc86348c45e723ae0bb7c69b91bd7d75cb5ceb2b68221ef402d207f4c60f6548,sha256,unknown-artifact,medium,30,active,2026-10-04,2026-10-04,1,,,,
dc8d5f4ae4be254cf1be3dc956b874c84da4cfb781efb2ea11b957aa9609750c,sha256,unknown-artifact,medium,30,active,2026-09-15,2026-09-15,1,,,,
dcb8d0788c763cbee1ee052350af6c3f0bc1ec7aa76d90a8c5739598943b7606,sha256,unknown-artifact,medium,30,active,2026-09-27,2026-09-27,1,,,,
dcbb45646b2551ecbda0b22ec1eb103961a5a1782164cf07fa821ce3d4fc9bc2,sha256,unknown-artifact,medium,30,active,2026-10-07,2026-10-07,1,,,,
dcbff5d93cc761f76d864a885ce99476f0f3039b2a0d50c7908d529296fc80f9,sha256,unknown-artifact,medium,30,active,2026-10-10,2026-10-10,1,,,,
dcc165b4a377200855b8f352005b13e1cd1a76b3b2a735b395f1974dacedfbea,sha256,unknown-artifact,medium,30,active,2026-09-15,2026-09-15,1,,,,
dcd8851ef54e6d38ef291e13532629450e4949a99c08d542f4508b764ec019f3,sha256,unknown-artifact,medium,30,active,2026-09-30,2026-09-30,1,,,,
dce1deaf1753fe6a53981c5764f571930b1435829dc27d0a7d85e808345b8deb,sha256,unknown-artifact,medium,30,active,2026-09-26,2026-09-26,1,,,,
dcf437ff1a18b9c9861193290595cc083010273ea529e10eccd5d4e8f1f8ae38,sha256,unknown-artifact,medium,30,active,2026-09-24,2026-09-24,1,,,,
dcfb39c23d27a0bb5aa4a4a3a6d2d9783e39e5bb316dbc7d8362a3e59533517a,sha256,unknown-artifact,medium,30,active,2026-10-07,2026-10-07,1,,,,
dd10501a5f9682941935be9bfca061369b864efd6201ecb7bde12b718614e443,sha256,unknown-artifact,medium,30,active,2026-09-29,2026-09-29,1,,,,
dd23ffe3ae753bc0aa10b01a676b93f3d04e11bfe94d990d65c819fd75e8f73b,sha256,unknown-artifact,medium,30,active,2026-09-30,2026-09-30,1,,,,
dd279e3c92d9358465c4a5bb8105e60bc8f56b1f35337747b07d8e357995fd7e,sha256,unknown-artifact,medium,30,active,2026-09-15,2026-09-15,1,,,,
dd27afbd515818664778daa6191e00a9f325a52c6df8f2a9c569c9f1f9b918ad,sha256,unknown-artifact,medium,30,active,2026-09-23,2026-09-23,1,,,,
dd553a4dc7cf69ddad3f9217776832672e4c73d52a132564373b3a9dbe638de6,sha256,unknown-artifact,medium,30,active,2026-10-07,2026-10-07,1,,,,
dd58f821646a0b567061e0098350b3b4c6cc520cfdcefe3060fd00a85091c80e,sha256,unknown-artifact,medium,30,active,2026-09-29,2026-09-29,1,,,,
dd5e903bab9f453e455c877e7b84a5fb7c9ebe054524e27e79fae9077766e95f,sha256,unknown-artifact,medium,30,active,2026-09-23,2026-09-23,1,,,,
dd67ca44b362afc9f00cb324d6ec361e92011f4e8e7192edc2f880a5a1e21299,sha256,unknown-artifact,medium,30,active,2026-09-25,2026-09-25,1,,,,
dd89a0e73be56b996d18bdc1b1d91c9904148eb04bb7ab9b22c33b2b2bf2ff4f,sha256,unknown-artifact,medium,30,active,2026-09-23,2026-09-23,1,,,,
dd8f64c9c7f44aef2088cd40367b32657227e72d2497a25c659951b7a611ace8,sha256,unknown-artifact,medium,30,active,2026-09-28,2026-09-28,1,,,,
dd90e0d7fcfa23c6c461d4d919096b56552dccbd8e2d0d543600a4d5bcf7507d,sha256,unknown-artifact,medium,30,active,2026-09-16,2026-09-16,1,,,,
dd979b67633a18901345fa5c6de29b830f6f9c8b0d9ed7d511074d9821c97a61,sha256,unknown-artifact,medium,30,active,2026-10-04,2026-10-04,1,,,,
dd9b1e9498db4e76d6484f207700b5134d074e5177b6cb676c8ab3dd672ac44b,sha256,unknown-artifact,medium,30,active,2026-09-30,2026-09-30,1,,,,
ddbb2623d66b729063afbd62a3577de66b1f61d0e5f37442df545146a7070edd,sha256,unknown-artifact,medium,30,active,2026-09-15,2026-09-15,1,,,,
ddbd30ba849b85f3bcbe5cd638dad01702026372f6ab87107ca1d2bc692759ec,sha256,unknown-artifact,medium,30,active,2026-09-29,2026-09-29,1,,,,
ddc4905f44c437622538fbeee46380ece17cfd6d8a592a30664476a1be3dbe04,sha256,unknown-artifact,medium,30,active,2026-09-16,2026-09-16,1,,,,
ddcc4eb6d59e70423c3d3d5390c42c340c5646f1abe41571e0f248f41d7c3093,sha256,unknown-artifact,medium,30,active,2026-10-04,2026-10-04,1,,,,
ddcd2956535192c545d7c42f003be6e291d5580832e603a14420cbcfa09fa476,sha256,unknown-artifact,medium,30,active,2026-09-16,2026-09-16,1,,,,
ddd66b6ac06a7ffe0be49c795787c0df2f44512cb05b1b0a0ef379b6afbe6a2b,sha256,unknown-artifact,medium,30,active,2026-10-03,2026-10-03,1,,,,
ddd792acd75c4374e63b48d176019c5451e30219e369f3189ac17a2ce7920b6b,sha256,unknown-artifact,medium,30,active,2026-09-28,2026-09-28,1,,,,
ddda50fe3124398d59dcde74298cf7515c12e187065ef5b6f872aded4e3052a0,sha256,unknown-artifact,medium,30,active,2026-10-04,2026-10-04,1,,,,
dde97eca526b5bb0a2ef91f81fc1d1f2af1dbbf5899a2a448064b9357bc3ef08,sha256,unknown-artifact,medium,30,active,2026-10-04,2026-10-04,1,,,,
ddeb280db2bfe946dd206640535e29d3a00f6b3002c48a204a6818d16736d7d2,sha256,unknown-artifact,medium,30,active,2026-09-24,2026-09-24,1,,,,
ddec20c752dfee43569c8f622f701745231af630085d97c208f106ad1e9c317d,sha256,unknown-artifact,medium,30,active,2026-09-27,2026-09-27,1,,,,
ddf79c4089fe6d7f6c912f9d3196cdfa0f5bf3727b9a2d509c8d4413851ff59d,sha256,unknown-artifact,medium,30,active,2026-10-03,2026-10-03,1,,,,
de04977dbc62c8e6dd753ea2ba681cef2bbf36774c1011a312074829b1beffaa,sha256,unknown-artifact,medium,30,active,2026-10-04,2026-10-04,1,,,,
de1d77eb63447296cc75ee74c542a55b91a57178999ca79d956cb93c13481cbb,sha256,unknown-artifact,medium,30,active,2026-09-27,2026-09-27,1,,,,
de266b5b1506424dbf3028c490935234c38fb6e517350c15eb14ef97e0e7f6bd,sha256,unknown-artifact,medium,30,active,2026-09-27,2026-09-27,1,,,,
de337bdf3d4badb428fe8ac75fedd5c8f917fb1628fc47f38717c4e9ce9af0b0,sha256,unknown-artifact,medium,30,active,2026-10-07,2026-10-07,1,,,,
de375ae4463df49f420b7dcc25761077a8fa033ed4e05dd9c0c1179605685106,sha256,unknown-artifact,medium,30,active,2026-09-27,2026-09-27,1,,,,
de394dbd42c64db4f13306432a44502f2b669c6b1b03692addb6e69239b3d3ce,sha256,unknown-artifact,medium,30,active,2026-09-15,2026-09-15,1,,,,
de3ad20377ebebd275f3b57be16cef70544a913342635b2df9c9484baea07e64,sha256,unknown-artifact,medium,30,active,2026-09-27,2026-09-27,1,,,,
de668de88ada03bb2b0ac086058cad9da4db6e5c59d79e48ff9c5232a234b474,sha256,unknown-artifact,medium,30,active,2026-09-15,2026-09-15,1,,,,
de685714063175d00f6954561e63dbaa52701129b6988ee7a5d99d61fd2abcb8,sha256,unknown-artifact,medium,30,active,2026-09-27,2026-09-27,1,,,,
de8c898454128a1b01ccc454614a848ec9a7cff1478ebace29a9e1136f9d4845,sha256,unknown-artifact,medium,30,active,2026-09-15,2026-09-15,1,,,,
debd1623be84d55dd81007982858d4954de66fb2224f25b2f7e908f129396c5b,sha256,unknown-artifact,medium,30,active,2026-10-09,2026-10-09,1,,,,
dedc30660becc938bd9779efc427558e889ebd95412e7e958c5e25a3010c59f3,sha256,unknown-artifact,medium,30,active,2026-09-27,2026-09-27,1,,,,
def39569e043bf2d1eede0180800c1457aadeb66fed237eee988430c89c93571,sha256,unknown-artifact,medium,30,active,2026-09-22,2026-09-22,1,,,,
defe137faa1f8bf1b69fea260c95f381640c8f1a1ff405fecf20aa75024dd323,sha256,unknown-artifact,medium,30,active,2026-09-25,2026-09-25,1,,,,
df069c06cb04d0d715754d5ea022f5aa7f2fb44e6b7ede7a88951cc9b37b30bb,sha256,unknown-artifact,medium,30,active,2026-09-28,2026-09-28,1,,,,
df0b48b88454d208f65b468fbdab9b674acd1c8902e13e838de9e8f90209587f,sha256,unknown-artifact,medium,30,active,2026-09-27,2026-09-27,1,,,,
df0df425ac8bea05975efa270cd378e7af06cf8244dfa46afd91188fe104325d,sha256,unknown-artifact,medium,30,active,2026-09-28,2026-09-28,1,,,,
df37ec76ff8add0e657ac30ada109b7ffc59926528ae4143c278c7267dbda442,sha256,unknown-artifact,medium,30,active,2026-10-07,2026-10-07,1,,,,
df3ce49a017aa368601f79fa3d703a7eeaa9ea3be3347ad65bd478bb3117a248,sha256,unknown-artifact,medium,30,active,2026-09-24,2026-09-24,1,,,,
df57bcfdabd54b403ff5a86d9af9141ea3cfa5c280eeb8aa007ab6fcfdeaf427,sha256,unknown-artifact,medium,30,active,2026-09-28,2026-09-28,1,,,,
df6dadc1a6ff5e0086880472ca737c138e5c750bda2a91c23d58199cbb6ff218,sha256,unknown-artifact,medium,30,active,2026-09-16,2026-09-16,1,,,,
df7c84e069d2120e48de654d2c7d9441ec8f22ce3fe4cb3952609e787092ca3b,sha256,unknown-artifact,medium,30,active,2026-09-27,2026-09-27,1,,,,
df83a810c9056ef701bb1dbfc6bc4f0d04d385e04fc15cda1b96fdce79c69e5c,sha256,unknown-artifact,medium,30,active,2026-10-09,2026-10-09,1,,,,
df97a2481ffcda3ef07b5bc4b02546f7f10916f71dd5a756eb4064a7733ba79e,sha256,unknown-artifact,medium,30,active,2026-10-04,2026-10-04,1,,,,
dfac4910e8c9a78ccc8311ac4a6d81966aa382f2501c93c2dc50d0f9bbb64b9c,sha256,unknown-artifact,medium,30,active,2026-10-09,2026-10-09,1,,,,
dfd8ac1ad4a520fdafce765389e8ac2748f267a68b9795e41276246d9b43a20e,sha256,unknown-artifact,medium,30,active,2026-09-23,2026-09-23,1,,,,
dfeb33d888d54015b17d7ca23a0e49f2301081efee3a8bd743cf61470acc6835,sha256,unknown-artifact,medium,30,active,2026-09-30,2026-09-30,1,,,,
dfeb53b332820814774d528a2ab5c41faaf3a8e3011f19664d12141d08ebf231,sha256,unknown-artifact,medium,30,active,2026-09-27,2026-09-27,1,,,,
e000490068742c9826b7dccebbfbe54fe01f2f76a69b8df9e96ea5fca359f1f1,sha256,unknown-artifact,medium,30,active,2026-10-03,2026-10-03,1,,,,
e01c5e2497cb38618ca69e090d993b07237ca6677a9cec800e4d07096d6cb922,sha256,unknown-artifact,medium,30,active,2026-09-30,2026-09-30,1,,,,
e03b28127b5c8c20dbfc735960d14eead5a6777cacc6869d175eb6fd2a1283c1,sha256,unknown-artifact,medium,30,active,2026-09-15,2026-09-15,1,,,,
e03e412c7794f1bd52479284a56f69975074c1936e6a8e0de51dd21bfb150e25,sha256,unknown-artifact,medium,30,active,2026-09-15,2026-09-15,1,,,,
e05abf0f5540f0dd6cf47ebc1087114275653881760c0fa4d6544c8ad139a1e4,sha256,unknown-artifact,medium,30,active,2026-09-23,2026-09-23,1,,,,
e05bf5296754207e0bde0a617eb4e05e195f1a570b92b2c7227c966f778f5460,sha256,unknown-artifact,medium,30,active,2026-09-25,2026-09-25,1,,,,
e06b3e55d653eecfd21d205dae094a3023665652d4daaf7bf2e4c1e79aa04219,sha256,unknown-artifact,medium,30,active,2026-10-09,2026-10-09,1,,,,
e06b94e56a284aa71c2b6516ecfd0247b2b3ec8a0c513269bd1fd9b26d5dc462,sha256,unknown-artifact,medium,30,active,2026-09-15,2026-09-15,1,,,,
e096288be6bdea4331c2f0c3ee82be6cf5ae779b7f2bf7593d234980129241ac,sha256,unknown-artifact,medium,30,active,2026-09-26,2026-09-26,1,,,,
e09a917e487f185af55a58982583afa7dd5cb13142a23fe87b79ddc0b909eedf,sha256,unknown-artifact,medium,30,active,2026-09-30,2026-09-30,1,,,,
e0b64b0889e9029aed18a37bbe2bcb12964a36ed02f4b838a5f43f4c65226e4a,sha256,unknown-artifact,medium,30,active,2026-10-04,2026-10-04,1,,,,
e0bb3223d1e595083af7f021171aa60d2f20978cabd07800b545feda842fe9aa,sha256,unknown-artifact,medium,30,active,2026-09-28,2026-09-28,1,,,,
e0ce8eb84a0820f3636e74bfbd3ae330c510aa30ffd22611f75ab61973565145,sha256,unknown-artifact,medium,30,active,2026-09-15,2026-09-15,1,,,,
e0d944502c93fa60a81b8e6215c420125723870050363d6f5158c5eca8f6af0b,sha256,unknown-artifact,medium,30,active,2026-10-03,2026-10-03,1,,,,
e0db55b531052aa21d3bad278e38dd70c7779b6dfb907e7a7fc7f0c30146a8fd,sha256,unknown-artifact,medium,30,active,2026-09-15,2026-09-15,1,,,,
e0e7e5a002ca836d8355b29309f1ec811ceac555c74a7c8f6dfe0160df2efcb7,sha256,unknown-artifact,medium,30,active,2026-09-15,2026-09-15,1,,,,
e0f7903a278af3e8a55eb1a385a2ae5991e89e0ea07e15ad13aa102a59cacd7d,sha256,unknown-artifact,medium,30,active,2026-09-27,2026-09-27,1,,,,
e1021cbf86b67ab9434710bac29a36b5fb0bd90662e8b59400e36d28b6717319,sha256,unknown-artifact,medium,30,active,2026-09-15,2026-09-15,1,,,,
e1171d5eca549d76e592b723c04e3aa05529d52b8cf5e3f3e82398450b8bc95e,sha256,unknown-artifact,medium,30,active,2026-09-22,2026-09-22,1,,,,
e11f040119e452b5dc0326a916ba824c88e9771f9f512eb95da0f0e2d5e727d9,sha256,unknown-artifact,medium,30,active,2026-09-23,2026-09-23,1,,,,
e11f0648333a82bef36c0597e55a0ae58d4eddf021b897bac296cd725192954a,sha256,unknown-artifact,medium,30,active,2026-09-28,2026-09-28,1,,,,
e12ad1ab83c16cf36e7dc1b3cd86c1c12e73044bb1e62aace89320a30872ba6d,sha256,unknown-artifact,medium,30,active,2026-09-23,2026-09-23,1,,,,
e12c2ade0ae7b66d4a493dbb179775210842c6d97593b0e10df96fe62e2f27d3,sha256,unknown-artifact,medium,30,active,2026-09-15,2026-09-15,1,,,,
e1351a713474c37216d38e7efc43e5f18dc23e15baab7dc1261efd266e43f193,sha256,unknown-artifact,medium,30,active,2026-09-15,2026-09-15,1,,,,
e14dbba9c902e9332d7c0788533000e58a1aa6c196c846b8b5d8130fdb53e277,sha256,unknown-artifact,medium,30,active,2026-10-09,2026-10-09,1,,,,
e150a1ec81e8e93e1eae2c3a77e66ec6dbd6a3b460f89c1d08aecf422ee401a0,sha256,unknown-artifact,medium,30,active,2026-09-15,2026-09-15,1,,,,
e15fe967249a126cfbb0931ebecfcf62a6a6053e719c11e75ed5019752ca52f7,sha256,unknown-artifact,medium,30,active,2026-10-09,2026-10-09,1,,,,
e1756e63b93547ef43598796b84a2cffaa9b13b53a0c49b17eda5a49cace0165,sha256,unknown-artifact,medium,30,active,2026-10-04,2026-10-04,1,,,,
e184d9c4e74820e1241b8894118e8f7b4c91598c05724ab46b1e0a8ed002cb78,sha256,unknown-artifact,medium,30,active,2026-10-03,2026-10-03,1,,,,
e1976ec8022d906f6ea2d183a73d4278b33e6acead7d9e6e8826f833b67c2d59,sha256,unknown-artifact,medium,30,active,2026-09-28,2026-09-28,1,,,,
e19d6b7afa0655f47717b80dee85ff4bfcc5bdaea2276f74253c39e13c8ea237,sha256,unknown-artifact,medium,30,active,2026-09-15,2026-09-15,1,,,,
e19f16fcd9610bca7d026b4673f1cb06cc89e6d8134e091a2deade1af28e4cf6,sha256,unknown-artifact,medium,30,active,2026-09-15,2026-09-15,1,,,,
e1a08df235fec254e9d7c7e96e7b7e0fe6625f5352cdd98536f0af0f9d3cf477,sha256,unknown-artifact,medium,30,active,2026-10-03,2026-10-03,1,,,,
e1a0c2b1c744e4669280013c769746b476967a7a41b4ecbd7a5379bc52dfa0ce,sha256,unknown-artifact,medium,30,active,2026-10-03,2026-10-03,1,,,,
e1a0e949818dbdad43dbb47021054d6d00663c0ecc7ea864ca846261246adaec,sha256,unknown-artifact,medium,30,active,2026-09-30,2026-09-30,1,,,,
e1a6386211eaf425f376a5f99ada3c78af42b1826a9c2a41c18575f6f26ea40c,sha256,unknown-artifact,medium,30,active,2026-09-25,2026-09-25,1,,,,
e1af4553d89a3665ee824572120df21fa173da25b6ac7b7dfe1b44250b872b42,sha256,unknown-artifact,medium,30,active,2026-10-04,2026-10-04,1,,,,
e1ce6662e2db1b535ce3940e73c7b07cbd3dfaf05501a96529559fb1580d3ed4,sha256,unknown-artifact,medium,30,active,2026-10-10,2026-10-10,1,,,,
e1da9255d4e046abed33f3ced64f55d9feb5d4fad43ee75fb6b09f37b8ebaaf8,sha256,unknown-artifact,medium,30,active,2026-09-30,2026-09-30,1,,,,
e1f0ece1bacae89d839f88eb6aa0447db0a8dccc3d513132c7a01570f07aa087,sha256,unknown-artifact,medium,30,active,2026-10-10,2026-10-10,1,,,,
e2331ba8a58ca8f38cad9492ddb89b084bd1f94e81a0db1196ee98accf30301f,sha256,unknown-artifact,medium,30,active,2026-09-24,2026-09-24,1,,,,
e236e0bbbd084678e041e33e6b4e21d17134f81a433c1dab26f8c81d7459803c,sha256,unknown-artifact,medium,30,active,2026-10-10,2026-10-10,1,,,,
e241b2ae617dd75a8337a3165fe27d7ae242af06bf8a6ec0ff8c312559853de4,sha256,unknown-artifact,medium,30,active,2026-09-27,2026-09-27,1,,,,
e28ee5fc4d2a4eecefe3226b57e32b1479d112486ed315f65a5c11ffe2f4ef07,sha256,unknown-artifact,medium,30,active,2026-10-07,2026-10-07,1,,,,
e293a7a5ad5fed5c8a4dc62e0cb355d3ac1365d3a98be645478ce5e06f46060a,sha256,unknown-artifact,medium,30,active,2026-10-04,2026-10-04,1,,,,
e2e0dde016f0df54d814a50195c9f29ba044e9f800173bec85b520d34a333c06,sha256,unknown-artifact,medium,30,active,2026-09-15,2026-09-15,1,,,,
e2fdd7b1e0cc1613b5e8b78ec610fbd8234196e126d56309341f8ca2aded0cde,sha256,unknown-artifact,medium,30,active,2026-10-09,2026-10-09,1,,,,
e308824bb8263b642905868ec8843240460254e35b047e96c0a2608a45cdf2c2,sha256,unknown-artifact,medium,30,active,2026-09-25,2026-09-25,1,,,,
e32f61ff4dfa052426b99542ecb110f14e282da20165604defe43e1de2b5722f,sha256,unknown-artifact,medium,30,active,2026-09-22,2026-09-22,1,,,,
e331a2f1e3d24635dc3cafe7c1a40f320f44ecc92d602def5f62bf3cf1d4845a,sha256,unknown-artifact,medium,30,active,2026-09-30,2026-09-30,1,,,,
e3354ec164152922347603d38dda9edc539a5a4f4d055a7ef2ec02f901aeb89e,sha256,unknown-artifact,medium,30,active,2026-09-26,2026-09-26,1,,,,
e3469303a89db82b2c1f23b7a4b58d9dd5135fb49414ef67148d637bf9fb90cf,sha256,unknown-artifact,medium,30,active,2026-09-15,2026-09-15,1,,,,
e35197723cfe32312f7dbdb8ae63913e064a7629f60bd7bf1a9c9293212b59be,sha256,unknown-artifact,medium,30,active,2026-09-30,2026-09-30,1,,,,
e367caa69fc5274db4783e5f519c6adcda3816dde9f797a76aca295e0717f323,sha256,unknown-artifact,medium,30,active,2026-09-27,2026-09-27,1,,,,
e36a7062ca73fe337ab5303d88a7bf3df786d91214ab3d55c169ee84eaaa54d4,sha256,unknown-artifact,medium,30,active,2026-09-15,2026-09-15,1,,,,
e36d38454b188b52c7095504cde757a9879eeff7af6e83fe324a4aae29f36629,sha256,unknown-artifact,medium,30,active,2026-09-22,2026-09-22,1,,,,
e39500f92bcf0d1eae17db0a002a8411ed4fcbb4ac9c5836e5606992d6ab9eb7,sha256,unknown-artifact,medium,30,active,2026-09-26,2026-09-26,1,,,,
e3b8460c5c315b97b3e15a004683a60f5413ee36b7f9a4c340c33cd5495f64de,sha256,unknown-artifact,medium,30,active,2026-09-30,2026-09-30,1,,,,
e3c33db2c8f0f36de0e42d118def1ffbeb57285c00dcbc1675d85fd3c484b0b6,sha256,unknown-artifact,medium,30,active,2026-10-07,2026-10-07,1,,,,
e3d2506bb2d9bb2b3a4a81d6c142b0ab0491133df43e4c5f21fef01a54085c0f,sha256,unknown-artifact,medium,30,active,2026-09-14,2026-09-14,1,,,,
e3f95d624bc599066bcb8942c5944ef29f0566323c5297599a87d0eaf749e3a0,sha256,unknown-artifact,medium,30,active,2026-09-30,2026-09-30,1,,,,
e424a41bc55a23baa70993b036fafe080cb065f33fa4771008c17fb9926e61f0,sha256,unknown-artifact,medium,30,active,2026-09-27,2026-09-27,1,,,,
e42b35757d7ef45c20fbdb5ebed9e3776baa81c3cb970e35840bf00fb49bcf57,sha256,unknown-artifact,medium,30,active,2026-09-26,2026-09-26,1,,,,
e448f8bed1934292b7a8c63d1c278b2374d6b28dd606337fec800fbc40223fc4,sha256,unknown-artifact,medium,30,active,2026-10-06,2026-10-06,1,,,,
e471220a3a4e4dc3baa05af19cc0e5aed718a5873c87e7ffa2e2c2e29b31dd66,sha256,unknown-artifact,medium,30,active,2026-09-27,2026-09-27,1,,,,
e4725011f187b950783c27f6f9dc4a6efedb96af2b13f4922d69acf49fb3f970,sha256,unknown-artifact,medium,30,active,2026-09-16,2026-09-16,1,,,,
e478428719abe9ddea1a4f72af25dd4c65e4923e6620462f2ac37415ffddc7db,sha256,unknown-artifact,medium,30,active,2026-09-15,2026-09-15,1,,,,
e478aa654079fbdd492fb1d57e978641180f95fe3c6423751c321619ca584280,sha256,unknown-artifact,medium,30,active,2026-09-28,2026-09-28,1,,,,
e4868eda57372d9c0926537b57f6e26b8448118dd39e6fa3139d29fad165604e,sha256,unknown-artifact,medium,30,active,2026-09-14,2026-09-14,1,,,,
e48b502429488c60a2311594477e94c27eb2d68242c32509be718b3fbd9217ec,sha256,unknown-artifact,medium,30,active,2026-09-29,2026-09-29,1,,,,
e49abf48bc63a8c31f79c0cbc2885b1eb26e010e866480a213ef13e1b45ca495,sha256,unknown-artifact,medium,30,active,2026-10-09,2026-10-09,1,,,,
e4abce78f53e1214cb6dd4684dcf510ed4b2484570f715e37eaa16fffb93dc21,sha256,unknown-artifact,medium,30,active,2026-09-30,2026-09-30,1,,,,
e4bdd59e5244e750056742aee57eef1fe4ebae766133699bd07fbfaefde18ca9,sha256,unknown-artifact,medium,30,active,2026-09-27,2026-09-27,1,,,,
e4c35f44004a359c5f784bdd11d9205728db7c3b726ed5e1e20c90a04babdb16,sha256,unknown-artifact,medium,30,active,2026-10-04,2026-10-04,1,,,,
e4cc570828f2bf9666b616a03d3acb4a7d4e75a0a4b11a9786c49cd5c1f5adc7,sha256,unknown-artifact,medium,30,active,2026-09-28,2026-09-28,1,,,,
e4d1d9d9cc9be71d28bac742bd7fa08c296f714be73655eefb42cdb4c36c8a60,sha256,unknown-artifact,medium,30,active,2026-10-07,2026-10-07,1,,,,
e4d388dc4f3b76fab530cf48d99631f17f980c6e8147afbf9e5005e111dcb28b,sha256,unknown-artifact,medium,30,active,2026-10-03,2026-10-03,1,,,,
e4e751f5196f46c662003f9c2ac0fbec1b73da4f25cad02c5ac45e7da25a3a9a,sha256,unknown-artifact,medium,30,active,2026-10-07,2026-10-07,1,,,,
e4ed76734591695e0754d3368faefe29729114a4d1dfede949846d77dccf23c6,sha256,unknown-artifact,medium,30,active,2026-09-15,2026-09-15,1,,,,
e505cef2c8d52ea4393b05cdc6ab1ebe45fa77f84c3dfb4d4b45a3bc5d48b060,sha256,unknown-artifact,medium,30,active,2026-09-28,2026-09-28,1,,,,
e5218433ef73b2780d46ef52147aff5d1b50ace28d472800750e56a971bf186c,sha256,unknown-artifact,medium,30,active,2026-10-10,2026-10-10,1,,,,
e525ef2c347bd443122fd10e13ab10e4e41ef86439000f86bd827aab0d3fbbfa,sha256,unknown-artifact,medium,30,active,2026-10-03,2026-10-03,1,,,,
e52bc8882e8b3a5e539ab625c894a73a0f19a504a4d9bcfb038df7be18da4e11,sha256,unknown-artifact,medium,30,active,2026-09-30,2026-09-30,1,,,,
e5311c7e444e5f49abeb3a6db450260a01237c6e33006d98ced79be739c0b46b,sha256,unknown-artifact,medium,30,active,2026-09-15,2026-09-15,1,,,,
e536b58798e24f08d0983ad8f6687974e5ef6640e0778ac6101a6507dbb10db0,sha256,unknown-artifact,medium,30,active,2026-10-03,2026-10-03,1,,,,
e53ae33e5772d0d5be69bb04d15dcd6ad083fa9098eac19e133943df34894bda,sha256,unknown-artifact,medium,30,active,2026-09-23,2026-09-23,1,,,,
e53e7a9de15617e3ef0f1bf83af41636ce8b9e2675540fcbdb75db54141eaa54,sha256,unknown-artifact,medium,30,active,2026-10-07,2026-10-07,1,,,,
e5552d4e81b9301f0f0fab5eea033c4dc08f40be0b5dbf334f3eb9430eccf0da,sha256,unknown-artifact,medium,30,active,2026-10-03,2026-10-03,1,,,,
e55b18d5cd42dab8de9ba5b6026aec98d5200a0b93abfd864c779869088252ed,sha256,unknown-artifact,medium,30,active,2026-10-10,2026-10-10,1,,,,
e55b4503afe1a87ce816b29cad88a52a754517595df0b5d47a154c9253fcd3f5,sha256,unknown-artifact,medium,30,active,2026-10-09,2026-10-09,1,,,,
e569b3a91aeb7733f993242577ab4cf9c37d6276aa45aace5cb38705c2f23536,sha256,unknown-artifact,medium,30,active,2026-10-04,2026-10-04,1,,,,
e58c1de6cac0db7897ef2640a4140db8d1790ac1e7d8772c2cb7dc9c38e613c0,sha256,unknown-artifact,medium,30,active,2026-09-27,2026-09-27,1,,,,
e5995c1b19b14fcb8d795017937172cdf8df150968462a10edf4c249a65e9f61,sha256,unknown-artifact,medium,30,active,2026-09-27,2026-09-27,1,,,,
e59da5a1f3caf2c41cdf36caadf1a9713ed8169d7c005d41c8ed45cc80e478ca,sha256,unknown-artifact,medium,30,active,2026-10-07,2026-10-07,1,,,,
e5a0b1505d98e711eafeaff597d42620ad69885e57d9f62ce3fc7f7a97a9564e,sha256,unknown-artifact,medium,30,active,2026-09-29,2026-09-29,1,,,,
e5b0e11268a07621574991bbfeafc96057548ffd248126d5b8ef94489a705663,sha256,unknown-artifact,medium,30,active,2026-09-15,2026-09-15,1,,,,
e5b55a2ed6707294acb5623fd9e892e5facc48cd2be1458f18307ab8cd79abcf,sha256,unknown-artifact,medium,30,active,2026-10-10,2026-10-10,1,,,,
e5b844cc57f57094ea4585e235f36c78c1cd222262bb89d53c94dcb4d6b3e55d,sha256,unknown-artifact,medium,30,active,2026-09-16,2026-09-16,1,,,,
e5c25cf0585de2ad20d4178dbc9552b0e3401cf1f658c4cac01518b0ec5f4148,sha256,unknown-artifact,medium,30,active,2026-10-03,2026-10-03,1,,,,
e5f0f39afbcbf3fc9cedc0e350985baeba3da424328cf535ccf11166a8d09251,sha256,unknown-artifact,medium,30,active,2026-09-26,2026-09-26,1,,,,
e64af2c11c4884a92bafd4dd7868ed78db5a9eb4c67151718303d67739636683,sha256,unknown-artifact,medium,30,active,2026-10-04,2026-10-04,1,,,,
e64bb4474b250f826f5d4ea79f76201c00c375a42b716240aaa22b53222db935,sha256,unknown-artifact,medium,30,active,2026-09-15,2026-09-15,1,,,,
e65253579141644d7bfabfebafc6654ebe8e6bd12d025b75ac9388849202701e,sha256,unknown-artifact,medium,30,active,2026-09-30,2026-09-30,1,,,,
e68a311b5c17d50ed6f3621937e26feda419c1bd03687b8278790e5e6264c3fe,sha256,unknown-artifact,medium,30,active,2026-09-30,2026-09-30,1,,,,
e6df32b870c3b17df121338271d92ae5a3c38173fef6860cb8638a2697451d14,sha256,unknown-artifact,medium,30,active,2026-10-03,2026-10-03,1,,,,
e6e88d05de1112493538d79a6c8daf031c96e75ac8f84e6adcd7ccce9045dc8e,sha256,unknown-artifact,medium,30,active,2026-09-29,2026-09-29,1,,,,
e725c0265ddf1c83257f16e7c9110b1a9a5aecaa29474fb7529f85b7e5c26008,sha256,unknown-artifact,medium,30,active,2026-09-30,2026-09-30,1,,,,
e731d394bc89d46f27ad8387c1ee9785fd49218f48ffc31b99d74d3806b628ce,sha256,unknown-artifact,medium,30,active,2026-09-27,2026-09-27,1,,,,
e7387e0b3494675ef30a23946d74f8e14507099deffa445f69cc9b5884931d4e,sha256,unknown-artifact,medium,30,active,2026-10-04,2026-10-04,1,,,,
e74ab10c3f36ff2ffaa075dad102a92ea1b2a493293a97513ec9f31ff9b52aef,sha256,unknown-artifact,medium,30,active,2026-09-15,2026-09-15,1,,,,
e74d3b2fcb112d620a14bd4a61f0f62eebffee448b5e80adb0ca2b87ced9186d,sha256,unknown-artifact,medium,30,active,2026-10-04,2026-10-04,1,,,,
e7545f3b633d1e62274a658e7c05229a71a611f9667c7b54f56a06ddea5b81c7,sha256,unknown-artifact,medium,30,active,2026-10-10,2026-10-10,1,,,,
e75f659b80991d2a845b61ce8f82b0f7e235c29977489d227dbcbc2f95ad53f9,sha256,unknown-artifact,medium,30,active,2026-10-03,2026-10-03,1,,,,
e76ee303bf6fe9e0693cda2d19753dadb0f68cf8e3b4cb6c5824a08e6f3dfe7e,sha256,unknown-artifact,medium,30,active,2026-09-28,2026-09-28,1,,,,
e7764dedc66e4378732a0f96ef9df5235dd40c8c2348dc07acb92008564c3761,sha256,unknown-artifact,medium,30,active,2026-10-03,2026-10-03,1,,,,
e78ca65daaca439e0fe1a9609d72f71605e63237313b17145ef71ae279fbec46,sha256,unknown-artifact,medium,30,active,2026-10-04,2026-10-04,1,,,,
e78d415de1797bc2b7fe2cf387316b691bfa4c53d028c493d863cd9199e89f25,sha256,unknown-artifact,medium,30,active,2026-09-30,2026-09-30,1,,,,
e79525e08f07955c7a1cfb8b008feea0f08eb193c4e786a91f0150bd779e3a33,sha256,unknown-artifact,medium,30,active,2026-09-30,2026-09-30,1,,,,
e797114d01eca6b1594606926aeaac51020666c6e3b292baf035dd486f7cbc02,sha256,unknown-artifact,medium,30,active,2026-09-16,2026-09-16,1,,,,
e7a4737fe46c12365849af99166d76e95ded8735578d10bafd8ed28840108eb7,sha256,unknown-artifact,medium,30,active,2026-09-16,2026-09-16,1,,,,
e7aa2af09380a447aa1604c6e223c6ca4423c7dba45000fd749ad55cf2eecb75,sha256,unknown-artifact,medium,30,active,2026-09-27,2026-09-27,1,,,,
e7b19f96fba3a5072bc26ed37d0b6e35f3882b67507b2b9c7c5a6679a08c4207,sha256,unknown-artifact,medium,30,active,2026-10-03,2026-10-03,1,,,,
e7b24a99612553c4ae0df6c8798f0f1eb50df9c0a27ad8be571a9425105b6083,sha256,unknown-artifact,medium,30,active,2026-09-27,2026-09-27,1,,,,
e7c000864836847c3f50e65e29d1f1011309ece9df20f96ff03f90b608b17b74,sha256,unknown-artifact,medium,30,active,2026-10-04,2026-10-04,1,,,,
e809655b85d86808e174a0b25cb84b75f419e970c5d6c8bf9ba49383ab4bb29b,sha256,unknown-artifact,medium,30,active,2026-10-10,2026-10-10,1,,,,
e80f15a5965af266d42b35609c10e2b5c8fa71040e65bb4c4def6bc9bca27a1c,sha256,unknown-artifact,medium,30,active,2026-10-03,2026-10-03,1,,,,
e835acfea47a83f6b34d76b62aad91d043249825ca1cf4e944a7314f90cd1db0,sha256,unknown-artifact,medium,30,active,2026-09-15,2026-09-15,1,,,,
e841d24e9d0e308fdc99f528a741a1f6d35cd9f2a94bae4f44b1005ff3767676,sha256,unknown-artifact,medium,30,active,2026-10-10,2026-10-10,1,,,,
e84cb2cc777266c86cb1a69ba732a16405a00bd57648bd602ca785310fae9bed,sha256,unknown-artifact,medium,30,active,2026-10-10,2026-10-10,1,,,,
e8552a5dd245a47b60940a431bbeb86a9deb9392ee7ce01bd7eb2a9e9a3a6c86,sha256,unknown-artifact,medium,30,active,2026-09-27,2026-09-27,1,,,,
e85b69440b2fb9b90161999aa7742e9050f3ded9682864bd8f66afe4d480f0d5,sha256,unknown-artifact,medium,30,active,2026-10-04,2026-10-04,1,,,,
e866d483c2b25ad514d756f5389635d09f4915d22d2c95eec4b650445c965d00,sha256,unknown-artifact,medium,30,active,2026-10-03,2026-10-03,1,,,,
e86b9cd37d50627b9461822fb854a8c13648892d3977551bbe605aafa7615eaf,sha256,unknown-artifact,medium,30,active,2026-09-27,2026-09-27,1,,,,
e86f007dbf388c14c91994d6fee6fb46e2e68609dc64eff37cc8d8e46d9f3954,sha256,unknown-artifact,medium,30,active,2026-09-25,2026-09-25,1,,,,
e8714e4379db8304d87e63bd0ceae2b8d347f985ad4335a9cb7cdb6544c2ec42,sha256,unknown-artifact,medium,30,active,2026-09-16,2026-09-16,1,,,,
e87d7a0bef21b0fe08c7d8ce8cc66b8fdb1173ae53e3bc1322a1e837eab1130e,sha256,unknown-artifact,medium,30,active,2026-09-29,2026-09-29,1,,,,
e88390665eae6ee834afadb6df39a8e70cca5995972db96d10072d7299b5f1b9,sha256,unknown-artifact,medium,30,active,2026-10-09,2026-10-09,1,,,,
e893a301db9e70717b5a6c6de8e145a0caef64ef3a20f5f780dae907ef135c07,sha256,unknown-artifact,medium,30,active,2026-09-26,2026-09-26,1,,,,
e89964d92683e8b05fc1802720c31057bf22322bb6191f371641818e2006e5dc,sha256,unknown-artifact,medium,30,active,2026-09-15,2026-09-15,1,,,,
e8a7babb456a0951a230f3aeaae5afdef64bc2e25ec7b02dc7d0ddf7770d633a,sha256,unknown-artifact,medium,30,active,2026-09-22,2026-09-22,1,,,,
e8be7e0adc997e5bcefbb5ae5d9c8a38823ac0ae2ff11e9268cbd4e4a7259369,sha256,unknown-artifact,medium,30,active,2026-10-03,2026-10-03,1,,,,
e8ced53ca5e396401d6af420743c935ec57b0bbba13b2e63fe71478a88717bcd,sha256,unknown-artifact,medium,30,active,2026-09-24,2026-09-24,1,,,,
e8de33fb2068f96fac28a84a11d9294fcf148d8ee1c26d7fd38b255b9b967522,sha256,unknown-artifact,medium,30,active,2026-10-04,2026-10-04,1,,,,
e8e70e3d3746d9bef543f9a237916d66847472d0e8334536cd82106b663b975d,sha256,unknown-artifact,medium,30,active,2026-10-09,2026-10-09,1,,,,
e8ff8c8ed22d8ac3649001e5d2a7903065c4f7b81d4c28457000833514315daf,sha256,unknown-artifact,medium,30,active,2026-09-26,2026-09-26,1,,,,
e90cfefbfe6bec3f6db24f14121391130e6fa341fd7827fd12b1b9f2f8681e13,sha256,unknown-artifact,medium,30,active,2026-09-15,2026-09-15,1,,,,
e91ce24c846bc62e767e4eb412b03f9c16ee36e33384fe1a15db971818998be9,sha256,unknown-artifact,medium,30,active,2026-09-15,2026-09-15,1,,,,
e9338f641336b6fa8406f86ed316e3ec89c0af044cf4dd877929d2e13e3bdb25,sha256,unknown-artifact,medium,30,active,2026-10-09,2026-10-09,1,,,,
e93dfb9572cf70a32ba7056dfeda5a2ad8612c5041145161bbdc5c08effa8277,sha256,unknown-artifact,medium,30,active,2026-10-06,2026-10-06,1,,,,
e9406715a5883ff7304c72ddd7f82055e60971b96ee92ae0defa234963086d54,sha256,unknown-artifact,medium,30,active,2026-09-29,2026-09-29,1,,,,
e9452af37db36bcfb59aab0e01bc78116adc85ec9dcc09f6f1903f388c84e977,sha256,unknown-artifact,medium,30,active,2026-09-23,2026-09-23,1,,,,
e9b3d2b146fdcb1d73123726719b1d5f8c493cf432953074412970b9602aa270,sha256,unknown-artifact,medium,30,active,2026-09-15,2026-09-15,1,,,,
e9b5689204f80abf038f904845e3784c3bb967c7f9da5465fbfee5376834604a,sha256,unknown-artifact,medium,30,active,2026-09-28,2026-09-28,1,,,,
e9be3e015f34f6982533b31ec8f627ac45d8f30bbb831c1710be02a2f1cb5b86,sha256,unknown-artifact,medium,30,active,2026-09-15,2026-09-15,1,,,,
e9c241c84fa3e519510e58121c5b86be9b4dd60919230cd70041b8f86d6ebc1a,sha256,unknown-artifact,medium,30,active,2026-09-30,2026-09-30,1,,,,
e9c9acd197442d1bef7268396a40b0ea1bcfdebf32319f20031ecce35d831ce1,sha256,unknown-artifact,medium,30,active,2026-09-30,2026-09-30,1,,,,
e9d03a0fed314d4e293ba4ab89b76408add45f5240bdd9a374a219ceddc45fb0,sha256,unknown-artifact,medium,30,active,2026-09-15,2026-09-15,1,,,,
e9dd686e73c7924aac6b162285a438072e187fff2b9c6736fbee69d70c8ab29d,sha256,unknown-artifact,medium,30,active,2026-09-15,2026-09-15,1,,,,
e9e56ebfeec45291f3f4ff4724e689907685b8d9edc81e73da467194cca5c6fe,sha256,unknown-artifact,medium,30,active,2026-10-09,2026-10-09,1,,,,
ea03416db2040dbf6e422c03603b4906fd8021657da9a9c7e03905a9e189323d,sha256,unknown-artifact,medium,30,active,2026-10-07,2026-10-07,1,,,,
ea22d883c27c84510c1208137f66fb0b6b620d686fadb95beab6080f97ab6976,sha256,unknown-artifact,medium,30,active,2026-09-26,2026-09-26,1,,,,
ea403df7ec537d19b1f62a7a70905f8e67bc3c9f81eaa491b2696c4a242ace73,sha256,unknown-artifact,medium,30,active,2026-10-04,2026-10-04,1,,,,
ea4986bcb86e195fb876fc1c0f92a30e5d07fcf01fcaf12ee344fe57c314afd3,sha256,unknown-artifact,medium,30,active,2026-09-15,2026-09-15,1,,,,
ea53b100acda34bf59133a60607a17fe83473d979f825453b112aeb86340997c,sha256,unknown-artifact,medium,30,active,2026-10-09,2026-10-09,1,,,,
ea5c6a1c315c87d87786d07f522f17998819f56d974aa3b260b3df3c51baf4b1,sha256,unknown-artifact,medium,30,active,2026-09-15,2026-09-15,1,,,,
ea5cae9eb7adce86252fac32462523d0b55f3ddc6282e941518fc9ee05c538c8,sha256,unknown-artifact,medium,30,active,2026-10-04,2026-10-04,1,,,,
ea62d337c9a0af13b58880b04dd2541220bf448b6b3aa6101f769d4103b9453e,sha256,unknown-artifact,medium,30,active,2026-09-25,2026-09-25,1,,,,
ea660c319f216e37b596704536d8a605646df014b4e051aba4f688ebab093390,sha256,unknown-artifact,medium,30,active,2026-10-09,2026-10-09,1,,,,
ea7c39106a307d642fb1f44f5a783668f2bb09882074923d325059b04d106b8c,sha256,unknown-artifact,medium,30,active,2026-09-15,2026-09-15,1,,,,
ea7d01a5bdc0929017687897ef1bb86005912d1dd4fffd276bcc7a1cda0e0bae,sha256,unknown-artifact,medium,30,active,2026-10-03,2026-10-03,1,,,,
ea976d19715b582bcf7400b42dcb42adbf94b097a3e01e1a996861a5cd8776f6,sha256,unknown-artifact,medium,30,active,2026-10-04,2026-10-04,1,,,,
ea9b56c2c43d740f809ee77f89441032ef47b7da03263e71178cfb5d4076840b,sha256,unknown-artifact,medium,30,active,2026-10-09,2026-10-09,1,,,,
ea9f50aa7d45bbaa435ed77f36e67d54ff29c4cc92874de6e9ea3fdb7c3b1568,sha256,unknown-artifact,medium,30,active,2026-10-04,2026-10-04,1,,,,
eaa0cba7317ad8d4bb41c56d3d7c82fc14543d166af35000935ebc31a616b145,sha256,unknown-artifact,medium,30,active,2026-10-04,2026-10-04,1,,,,
eaa80c24002aac1279a425787d5e45579a6dbc277ed78c3df07dc4fa9e5de18f,sha256,unknown-artifact,medium,30,active,2026-09-30,2026-09-30,1,,,,
eaaa03b1fb507ba2a06cc487db0e4f50d593070be5d716a489ed9fb2889868a2,sha256,unknown-artifact,medium,30,active,2026-10-03,2026-10-03,1,,,,
eab121fdd58d3a758db83a3aade6cc6716249ecef2b715403b40f4cee6f09f13,sha256,unknown-artifact,medium,30,active,2026-09-25,2026-09-25,1,,,,
eabf3c40d9947310c50b2978423b1d41fc7d2ef495f3f6b464d5d9d626fdd89e,sha256,unknown-artifact,medium,30,active,2026-09-15,2026-09-15,1,,,,
eac160cacd619f00186fac0afa7a2b2b0c3674c6e749e1394df88562c446ac3b,sha256,unknown-artifact,medium,30,active,2026-09-28,2026-09-28,1,,,,
eacb2f98cf117eb7f0fcf56376973dc99db219aafbcf5c8004cfccb6edae26da,sha256,unknown-artifact,medium,30,active,2026-09-28,2026-09-28,1,,,,
ead0737ef0de46d1e6e34770155a51bcda59fdec2844594d822f924921e119fc,sha256,unknown-artifact,medium,30,active,2026-10-04,2026-10-04,1,,,,
eadd1f84c02d961c0ae5d3bfca0c6889aacfd97261703a93dadeee277ecf765e,sha256,unknown-artifact,medium,30,active,2026-10-07,2026-10-07,1,,,,
eb180a4d399183d1ee18006e81e77ddbdb187e871d761f94fb01f80ba467ebc2,sha256,unknown-artifact,medium,30,active,2026-10-04,2026-10-04,1,,,,
eb2b6bfda27c435aca454be0763071cd29f3470a95b42736c3ca0e1639a34658,sha256,unknown-artifact,medium,30,active,2026-09-25,2026-09-25,1,,,,
eb30cd36cf943e7faf341d0f7d5b039a57e2be052cacee816d28f22d90190a8e,sha256,unknown-artifact,medium,30,active,2026-09-30,2026-09-30,1,,,,
eb3467827d4be2beb20322e5cf442c478389ffa003cccb780f86ad3ba0c7ab6d,sha256,unknown-artifact,medium,30,active,2026-09-30,2026-09-30,1,,,,
eb384f52ee353b24820be176bc7fc5a5c48f340dc1388e5d560772f9da314c16,sha256,unknown-artifact,medium,30,active,2026-09-15,2026-09-15,1,,,,
eb4acd5b0333e572fb35e1c456f7d0c87f0585616e7ed92819b789234d25720f,sha256,unknown-artifact,medium,30,active,2026-09-15,2026-09-15,1,,,,
eb4bd64f7014f7d42e9d358035802242741b974e8dfcd37c59f9c21ce29d781e,sha256,unknown-artifact,medium,30,active,2026-10-03,2026-10-03,1,,,,
eb4eff2d55215c3c5aec385d465341312adea424d0083de2bfcc63a32b3de17e,sha256,unknown-artifact,medium,30,active,2026-09-25,2026-09-25,1,,,,
eb56dcc87c1bdd41389d15a3d10daa9eba54fd307ae41e494583d7d2c9747c7d,sha256,unknown-artifact,medium,30,active,2026-10-03,2026-10-03,1,,,,
eb65a4b9d83ed12a9bb51828e7361c0fa3b9ab8feba05b6ce0e7fa983cbb8a8e,sha256,unknown-artifact,medium,30,active,2026-09-30,2026-09-30,1,,,,
eb80e3b8c1c19376fc60f41ee2d2bc3a53fde5b897a366c69ded204490b8329c,sha256,unknown-artifact,medium,30,active,2026-10-09,2026-10-09,1,,,,
eb89196252e9d8cd75ca4b0b61115ee4773fd118342ed1789e96199bce74b4d5,sha256,unknown-artifact,medium,30,active,2026-09-15,2026-09-15,1,,,,
eb8e867f86c30fa54a45e076eea835ab7f018f5aeb6eaeff37dec2f603b8faef,sha256,unknown-artifact,medium,30,active,2026-10-04,2026-10-04,1,,,,
eb91f53570357922b637651d996f1c1fd720b085b36b551adb8efc23f428a6a2,sha256,unknown-artifact,medium,30,active,2026-09-15,2026-09-15,1,,,,
eb93717cf272558d0fa77293a2852bba6b6fa0d5c2a0d23229467932bea9f16d,sha256,unknown-artifact,medium,30,active,2026-10-09,2026-10-09,1,,,,
eb9c26baee47f19e4993a77bca936d0ff09e355a82d3db79bf154ebff1a80604,sha256,unknown-artifact,medium,30,active,2026-09-15,2026-09-15,1,,,,
eb9ebf699c6401f48c23fc8905c444d4399d0ada4540e27f73bcf7af0b3a1380,sha256,unknown-artifact,medium,30,active,2026-09-15,2026-09-15,1,,,,
eba456331b15a2f046f941bdf1647533a446fe262b1e3edcd9076602924dbbbd,sha256,unknown-artifact,medium,30,active,2026-09-16,2026-09-16,1,,,,
ebc2c644c97fc44d9035f2548545e86a727bd61add4cf228f81cd697a28666a1,sha256,unknown-artifact,medium,30,active,2026-09-16,2026-09-16,1,,,,
ebc8f895157c48fd02f55bfeb812344b0d0075498c18ea0e05f4ef05255f1008,sha256,unknown-artifact,medium,30,active,2026-09-22,2026-09-22,1,,,,
ebe63624a492ed57028bd78e30f2ea52f7f8c5bfa1828ca722fd565b3419276c,sha256,unknown-artifact,medium,30,active,2026-09-22,2026-09-22,1,,,,
ebf6954848849102820a822d42cc65c793657458991536c289911bcf52606165,sha256,unknown-artifact,medium,30,active,2026-10-09,2026-10-09,1,,,,
ec04278365b9e8129dab7eba766bd6a5ce7f557e4e519ecc2ec27f34774696a1,sha256,unknown-artifact,medium,30,active,2026-09-27,2026-09-27,1,,,,
ec0d10a05a583d191ad503c766dc38c74b666bbdbde1ddba0f64a86040bd911e,sha256,unknown-artifact,medium,30,active,2026-09-15,2026-09-15,1,,,,
ec264239b2ddd1ef881cd6b73efb4aaaeca5ca2c78d19933de4d96e1afe90824,sha256,unknown-artifact,medium,30,active,2026-09-15,2026-09-15,1,,,,
ec33cb7fe77ca706515d1b1f23db0204dbea64ef47bfd978a979b9b4e78bde87,sha256,unknown-artifact,medium,30,active,2026-10-04,2026-10-04,1,,,,
ec35f2d60c7465b8531150e29022e1178f97e1caf7fe9bb5d3e16772e24e4fa6,sha256,unknown-artifact,medium,30,active,2026-10-03,2026-10-03,1,,,,
ec36983e08ccabb4c1584502fc5eb868a93045526d3a80aa6b6d5ff8849a11b5,sha256,unknown-artifact,medium,30,active,2026-10-09,2026-10-09,1,,,,
ec3bfec0e30ae2ff79dfe7694a5858e719dd9677f2ae369c2f41ad91f314a140,sha256,unknown-artifact,medium,30,active,2026-09-30,2026-09-30,1,,,,
ec3c77e70fec8b8e8b8baad7b1145b26a4a7c3c4fb3e273105724b4fcaabc0f9,sha256,unknown-artifact,medium,30,active,2026-09-27,2026-09-27,1,,,,
ec3ea53035e77947bc1b6376a188f03acf3a0c15f9fee81cd257180c6345fc6c,sha256,unknown-artifact,medium,30,active,2026-10-10,2026-10-10,1,,,,
ec4097408c38b4cc1557d9337fd4ba80e03259680d74cbe5d9fbfd6626ba8077,sha256,unknown-artifact,medium,30,active,2026-09-15,2026-09-15,1,,,,
ec4190c3d4db2b3b40ce38b2d51cec90e5b1df03fcdb0fea9bd8221f79780e6c,sha256,unknown-artifact,medium,30,active,2026-09-30,2026-09-30,1,,,,
ec4911fb61a772cfae9fa984ce50a1948dd789e8d3204381cdda0a9009443e08,sha256,unknown-artifact,medium,30,active,2026-09-24,2026-09-24,1,,,,
ec5575893ff43c19ce36204249405b9698a0d490103e78e54d9a3aaacdbd1c1d,sha256,unknown-artifact,medium,30,active,2026-10-08,2026-10-08,1,,,,
ec68e95986cbaca0c8f25e4ffa22c4ad25c106948667b0ff96b36bfed86b4132,sha256,unknown-artifact,medium,30,active,2026-09-30,2026-09-30,1,,,,
ec715b129e8181883a7a8dc8d30b5988157a8ba63a7faf226a3e00ac37d928e1,sha256,unknown-artifact,medium,30,active,2026-10-04,2026-10-04,1,,,,
ec75c00e406123f93604eea5093d10bd33c00f7c14be4a3ced00444e9fc9eef2,sha256,unknown-artifact,medium,30,active,2026-09-27,2026-09-27,1,,,,
ec79cc17e29d9d5669415cffff5a2bbc7e914924d07a7b275e58538e3bfc8ff0,sha256,unknown-artifact,medium,30,active,2026-09-22,2026-09-22,1,,,,
ec7f252a39459823fe05e5a302b5426bb4c7253446bb99e547eee1cd3b113082,sha256,unknown-artifact,medium,30,active,2026-10-07,2026-10-07,1,,,,
ec953dd119ed8991b3f291888eede4c8d81c97016e1fa86af9bead89723d27b5,sha256,unknown-artifact,medium,30,active,2026-09-27,2026-09-27,1,,,,
ec96111ac83e48ec1df722c842e79f8cb403a74f75652905b22e54898daf5e8c,sha256,unknown-artifact,medium,30,active,2026-09-27,2026-09-27,1,,,,
ecc7e2fc2a2fc09fb27e7e8f84022dfa5565eeb21344cf38b6b2091e3b4c5351,sha256,unknown-artifact,medium,30,active,2026-10-04,2026-10-04,1,,,,
ecc9b98055c0c3787f3694049eca242961ab8b56896425bd6b5b7986e6fc140d,sha256,unknown-artifact,medium,30,active,2026-09-15,2026-09-15,1,,,,
ecd1615caad81581f1d366871943a3a64a206b5de9f82207cb0257be88ffff7d,sha256,unknown-artifact,medium,30,active,2026-10-04,2026-10-04,1,,,,
ecdb2cd2e8847f3913f0dd51aeb2f2268bf9d92b5d4fbc566d11464bb0fea2af,sha256,unknown-artifact,medium,30,active,2026-09-26,2026-09-26,1,,,,
ece6cdf9def77d6cdafb2cd5d9f3e4de335b67e45da33160157ed00a755db193,sha256,unknown-artifact,medium,30,active,2026-09-16,2026-09-16,1,,,,
ecf24d22c3a683a8d59b41eb812b7dd6cbaa13317a97a9a10c5f6da8328f0ecc,sha256,unknown-artifact,medium,30,active,2026-09-25,2026-09-25,1,,,,
ecf25e8ba7c1e99d632394eeea74c13547ba4c7f69caf3aab27d5c2e3db90a00,sha256,unknown-artifact,medium,30,active,2026-09-23,2026-09-23,1,,,,
ed0ef088d294bee6638f754a520bbca235702d7974dd38dd5f0e03e8afabedaa,sha256,unknown-artifact,medium,30,active,2026-09-15,2026-09-15,1,,,,
ed117fa9c097b77796b77283aa8ea3dd51a7eb1581fe1492098158485da9d24b,sha256,unknown-artifact,medium,30,active,2026-09-27,2026-09-27,1,,,,
ed19f15d1f4a7fa2c693978145738099ffa77faa981dfac83cce041699c72228,sha256,unknown-artifact,medium,30,active,2026-09-22,2026-09-22,1,,,,
ed2dbef98eaf679408d928361519d72c6fb48688f63495ba6d5c07a606cbeb6e,sha256,unknown-artifact,medium,30,active,2026-10-09,2026-10-09,1,,,,
ed4015f4fa6893e12d8a106e80d8ebad4224be0aafff85fe49aa56bc30470baf,sha256,unknown-artifact,medium,30,active,2026-09-25,2026-09-25,1,,,,
ed422654efad8710010d7bb08ac79ef014e909488f0d2081d2644562de180459,sha256,unknown-artifact,medium,30,active,2026-09-28,2026-09-28,1,,,,
ed551005cc3115219ad80678156b5461af3055be53a491c0d3936703e6bd17ff,sha256,unknown-artifact,medium,30,active,2026-10-04,2026-10-04,1,,,,
ed6d11e5a331ece5784332cca1d26afaff3add5c84a47fb697db8daa7e1f8aa1,sha256,unknown-artifact,medium,30,active,2026-09-27,2026-09-27,1,,,,
ed6ee8e9bb941c261a96bf46935cce39765bffd57d931dc89041bcd5ce149614,sha256,unknown-artifact,medium,30,active,2026-09-23,2026-09-23,1,,,,
ed768cb7a7d102c07ac8cf4d288a349df1b811216b09eef3284912a3ab4b6915,sha256,unknown-artifact,medium,30,active,2026-09-30,2026-09-30,1,,,,
ed7b24c23314c12d4385b4f75240896a133318b8720a4b79f10f3dc93dfaec92,sha256,unknown-artifact,medium,30,active,2026-10-09,2026-10-09,1,,,,
ed7ce64e5b4fdd7f0efd8266595e7e14144766c9d2a1d8065b1851f24d5ab386,sha256,unknown-artifact,medium,30,active,2026-09-30,2026-09-30,1,,,,
ed83e8a6e76a4a4ea49d4e07702cf7687f9da792128f93e4b1a772828124f633,sha256,unknown-artifact,medium,30,active,2026-09-22,2026-09-22,1,,,,
ed997ca606f4ec30ef9e81710635cee5d7c2302941f74121b532e86db9172691,sha256,unknown-artifact,medium,30,active,2026-09-15,2026-09-15,1,,,,
eda48fab74ae0c4ad82c32a25ec64fa7c5097e8830caeafa3f4567a5771a555c,sha256,unknown-artifact,medium,30,active,2026-09-15,2026-09-15,1,,,,
eda8d218aae7f37ec6e283e43b5561a8cbbb6525c1626ec8dbdb47b04a9bb13b,sha256,unknown-artifact,medium,30,active,2026-10-10,2026-10-10,1,,,,
edad15abcbebf7c7be94e762021edfbf49a3683305c60fb9e85a0b4d958af90a,sha256,unknown-artifact,medium,30,active,2026-09-29,2026-09-29,1,,,,
edc2e32fb1da878e4df590268635f512954eda9b974cd9a2ba1aad38b163e929,sha256,unknown-artifact,medium,30,active,2026-09-30,2026-09-30,1,,,,
edc358f76a6aaaf98a1962d47b63de00ce58317bcc560dce951fc2e9b52c527e,sha256,unknown-artifact,medium,30,active,2026-09-15,2026-09-15,1,,,,
edd4994471f0c003bfa568b8c6b5748733bdb8f4ceab8ed36100a326999fb7b6,sha256,unknown-artifact,medium,30,active,2026-09-22,2026-09-22,1,,,,
eddaa0140058118bd5f5d96301eb8f28d022d7c7b4cc89b426055e6494eae951,sha256,unknown-artifact,medium,30,active,2026-09-23,2026-09-23,1,,,,
ede49f0de3de5913c8ec735521d80ca6e06b46cfc4c5f7cac3d82bfa05f9a6a8,sha256,unknown-artifact,medium,30,active,2026-09-15,2026-09-15,1,,,,
ede4dca8ee4d26fca660f45007fe9916f5eff88f2287bf417d72b8fce5ba40c1,sha256,unknown-artifact,medium,30,active,2026-09-22,2026-09-22,1,,,,
edeaaff3f1774ad2888673770c6d64097e391bc362d7d6fb34982ddf0efd18cb,sha256,unknown-artifact,medium,30,active,2026-10-04,2026-10-04,1,,,,
edfd40e4b817942977202afaf36895589a12ca9c97e717bb43861c5ea0a43f5a,sha256,unknown-artifact,medium,30,active,2026-09-15,2026-09-15,1,,,,
ee031317f57c2d729af2ce3ed0bf0591c8364e8e010b5f8b82dd8f2734bec6af,sha256,unknown-artifact,medium,30,active,2026-09-15,2026-09-15,1,,,,
ee13aedc364fcbee83608265e04b005637d9d8d03bf50b5716c872f447eb13bb,sha256,unknown-artifact,medium,30,active,2026-10-04,2026-10-04,1,,,,
ee44e4621565a3fcd3f3939eedf7d747ce72887965adad74635d45971178a045,sha256,unknown-artifact,medium,30,active,2026-09-16,2026-09-16,1,,,,
ee47ecbde2ed473777a2fc0fe341184eb01c27b3afa7181cf61b0c5ad2508c7b,sha256,unknown-artifact,medium,30,active,2026-09-15,2026-09-15,1,,,,
ee4b0f0155c5f08b9c1d8bf4e344b27f6f284c3502546464c11d473e2f7ed38b,sha256,unknown-artifact,medium,30,active,2026-09-25,2026-09-25,1,,,,
ee59917da65fd91c23ff1209dfab1f28ad469a4a528ae6d724aabd757ba819bd,sha256,unknown-artifact,medium,30,active,2026-09-27,2026-09-27,1,,,,
ee93a250d2d9cce674fa16d437d640c36f150a4471c787c776303fdfd44dfc9a,sha256,unknown-artifact,medium,30,active,2026-09-15,2026-09-15,1,,,,
ee9b49921a65ef6a8c588ed9a49d3cbf6c9a38c07424760d969711c10b3dd1a0,sha256,unknown-artifact,medium,30,active,2026-10-07,2026-10-07,1,,,,
eea4db64d1019c936272e8ffc796c3f0327f42e29ccdf4626e8ed6d7ced27116,sha256,unknown-artifact,medium,30,active,2026-10-07,2026-10-07,1,,,,
eeaaecc6edc8895116ec0b75ae9120d9b31c7808669bcd114eeb91e140fb317f,sha256,unknown-artifact,medium,30,active,2026-09-16,2026-09-16,1,,,,
eedf0a42d752e9aa4f91f7d52b6d7343e150707badbe0ebc04273b0293babec6,sha256,unknown-artifact,medium,30,active,2026-09-16,2026-09-16,1,,,,
eee46c6193f3d68f3433a00a00efba1e7266674fd7de32c4041704fa97af16b4,sha256,unknown-artifact,medium,30,active,2026-09-28,2026-09-28,1,,,,
eef0481df546adb2f6d9d95d5136d1b33db0c14fd992724505f1d09077fe8107,sha256,unknown-artifact,medium,30,active,2026-10-06,2026-10-06,1,,,,
eefc83b621a0a2f37496d1ad008f76c02d176cea6b524ca8c50433a4b04ae697,sha256,unknown-artifact,medium,30,active,2026-09-26,2026-09-26,1,,,,
ef077c855366241b881d32abb7958b28f495c7d2e3b8c949d1a642236d9e1f44,sha256,unknown-artifact,medium,30,active,2026-10-06,2026-10-06,1,,,,
ef112e0780cbe12743330f3a1701363851eb3cd75d0f77914037d723ae216786,sha256,unknown-artifact,medium,30,active,2026-09-15,2026-09-15,1,,,,
ef115e4cee021df2a03a5c2e0204f3dca54efdce9cad50d50c0e972238553bbf,sha256,unknown-artifact,medium,30,active,2026-10-09,2026-10-09,1,,,,
ef17b7d320f2acc023f2018dab381827ba22f9d01b6c4c97894e1bbfe4928313,sha256,unknown-artifact,medium,30,active,2026-09-22,2026-09-22,1,,,,
ef2e8416b28bb286f8c87e6f87a36ba97eb5dd04d5ff6f597c46b7e2132588b4,sha256,unknown-artifact,medium,30,active,2026-09-15,2026-09-15,1,,,,
ef522df7e861615ce6a82c684e65bdd4c0ed5dbaa59e2c0d845253daf630139f,sha256,unknown-artifact,medium,30,active,2026-10-09,2026-10-09,1,,,,
ef5c6d74bb8525ca9f90a4e88c67f3d2cee8633be98fdd9a16a2a252ff782b55,sha256,unknown-artifact,medium,30,active,2026-09-15,2026-09-15,1,,,,
ef5ee46c3cdd0e8826aeba098a2d5ece0fd0a198947673b75bc38db03300d58b,sha256,unknown-artifact,medium,30,active,2026-09-26,2026-09-26,1,,,,
ef5eea8fde644bcd7601403a9dea7654e9aa824b0e4173926ac6dbb600c48855,sha256,unknown-artifact,medium,30,active,2026-09-16,2026-09-16,1,,,,
ef846e72ff0e3380f9d4cd39f9652db56c7281f31c5b9be52407c129f1f65df5,sha256,unknown-artifact,medium,30,active,2026-10-03,2026-10-03,1,,,,
ef91e4c3c5d94a8de0c5848e00e15f850cd8dd9db5db456a865c82492f71e52f,sha256,unknown-artifact,medium,30,active,2026-09-30,2026-09-30,1,,,,
ef9c7277484a7384316e573234b00b1df4ddca2681ad0ecebef394fcbbbd4cf7,sha256,unknown-artifact,medium,30,active,2026-09-26,2026-09-26,1,,,,
efabf34c6af81e4a2a8355545173447348a5e68a6d417b7d48a68fefb94eb86b,sha256,unknown-artifact,medium,30,active,2026-09-30,2026-09-30,1,,,,
efb301870058962d3fbbfe24b5c4ad0e73f5286a77c95b6db6fcdd9b39fe62f0,sha256,unknown-artifact,medium,30,active,2026-09-16,2026-09-16,1,,,,
efc4ec9feab333d6cfc253180d990444b7aa76bb01c79a49f0a7f8ab6121d140,sha256,unknown-artifact,medium,30,active,2026-09-27,2026-09-27,1,,,,
efcc213fa73ae88eeeb6d65a9f30899da01ae26908a941242049ba3a7cb0d124,sha256,unknown-artifact,medium,30,active,2026-09-15,2026-09-15,1,,,,
efccdd561825e70b503a9ea09a6f382717c80cc0793575eb1dd898a2e4f4ff59,sha256,unknown-artifact,medium,30,active,2026-09-29,2026-09-29,1,,,,
efd053f7285c3583c0c41cc51e6778aa47d06658cf3785703cfb493784876acb,sha256,unknown-artifact,medium,30,active,2026-09-27,2026-09-27,1,,,,
eff203e7241f2542e4baafa33b8c1da12181b261f4b44079477ed364f130f020,sha256,unknown-artifact,medium,30,active,2026-10-04,2026-10-04,1,,,,
effb0091e17cf08db5bdba4d78c658ec2d2f8bbfcbe3f3d3189fe837906273c7,sha256,unknown-artifact,medium,30,active,2026-10-09,2026-10-09,1,,,,
f0145a1f27b754dd6aa1ad98fe1fd77b8895eb382361135f8d965263bb3b48b0,sha256,unknown-artifact,medium,30,active,2026-09-30,2026-09-30,1,,,,
f02099a930d5acb12b495bb08190f6619a16f320cd22f530f3a7d43ffe48579f,sha256,unknown-artifact,medium,30,active,2026-09-27,2026-09-27,1,,,,
f021d4d9da471ae00eb5e142ac14d03c77cf32d4aae719b91f4089b3dbc9edc8,sha256,unknown-artifact,medium,30,active,2026-10-03,2026-10-03,1,,,,
f02d9d558a138cab8b145b4d9c695c1d2d80c773940db0c7988ef5c5dc556fb2,sha256,unknown-artifact,medium,30,active,2026-09-16,2026-09-16,1,,,,
f0332bf6224d824dfe84fb769adf33255edc5b8a608e3abf8f6d251357fba855,sha256,unknown-artifact,medium,30,active,2026-10-04,2026-10-04,1,,,,
f044b9fd7f0350c5441bb32a6d61b1516775ae4186f4371227cecb6cf8ca559b,sha256,unknown-artifact,medium,30,active,2026-10-03,2026-10-03,1,,,,
f047002c4cd857124e1a2739afb9fc0c2f60dcca379f3e467d543560ae315a81,sha256,unknown-artifact,medium,30,active,2026-10-03,2026-10-03,1,,,,
f04e54429525b21fc99fb773720053c4d2a9e057f01212f9eefc996872cb7e66,sha256,unknown-artifact,medium,30,active,2026-09-26,2026-09-26,1,,,,
f051710b8b7f757a5620d2a3652e047b219e8d2f80d6125d011927a3bb26e408,sha256,unknown-artifact,medium,30,active,2026-10-03,2026-10-03,1,,,,
f0524aed957f9d3136252058d6e5c2ba2a821c8ab222021c80379127aec866fa,sha256,unknown-artifact,medium,30,active,2026-09-30,2026-09-30,1,,,,
f05e6a0fbcaccc0782a1575270183044b09b6c75ae3107dd04d7abfdc2266588,sha256,unknown-artifact,medium,30,active,2026-10-04,2026-10-04,1,,,,
f06167df6109192b3771c727be7b8225c76fee7782f9d36e4ccadf1fe358fd6d,sha256,unknown-artifact,medium,30,active,2026-09-22,2026-09-22,1,,,,
f06512ed60761e9036014d74164b544261d67102d8e824f0d08cc87270b7643a,sha256,unknown-artifact,medium,30,active,2026-10-10,2026-10-10,1,,,,
f0817fe4041282db86dc801edc98947ea9109f5beed6c0f81b80728c6ca347c2,sha256,unknown-artifact,medium,30,active,2026-10-03,2026-10-03,1,,,,
f0866e435d42a4f29045deb7deb7960a1227fa55324273c1701f339e7228d05e,sha256,unknown-artifact,medium,30,active,2026-09-23,2026-09-23,1,,,,
f0a3ddff101773951ef1303ee77b1934094d7157104cd7b2168ef89af4e6284f,sha256,unknown-artifact,medium,30,active,2026-09-15,2026-09-15,1,,,,
f0aa83bbbd2c75e2f71ec16029ee5fcfad59f3a8efa30a500b815f0f6c18d987,sha256,unknown-artifact,medium,30,active,2026-09-14,2026-09-14,1,,,,
f0b114dc06d29ec8e4eca6c6554357a5c85d4722f9827b8a18967eb7c0691793,sha256,unknown-artifact,medium,30,active,2026-09-15,2026-09-15,1,,,,
f0b2caa137db7ca865fb5d68ccca0aaeb8c220972faadbfcf240fd34be5d9035,sha256,unknown-artifact,medium,30,active,2026-09-27,2026-09-27,1,,,,
f0bbb123c060a2d531acf3888579e4e30b1c1ea24537b5b6f8f518db0acc6596,sha256,unknown-artifact,medium,30,active,2026-09-16,2026-09-16,1,,,,
f0cd7f31242e6f3f1dab1a08dbebafa21406d6437bdf3343a35cad9b462a00ec,sha256,unknown-artifact,medium,30,active,2026-10-03,2026-10-03,1,,,,
f0d9984eb0f84166eb41b06d073216804f7c16a6a5e9e0925fcd51bde4ae62a0,sha256,unknown-artifact,medium,30,active,2026-09-28,2026-09-28,1,,,,
f0dc2da21bc2b9a91ab30da3b39097a25d2e2ecbab089990b07651f40571c217,sha256,unknown-artifact,medium,30,active,2026-09-15,2026-09-15,1,,,,
f0e71c9e4efe0de37856f315e97fa4e41f1b33cd767ebcd23246675ee0febb9a,sha256,unknown-artifact,medium,30,active,2026-09-15,2026-09-15,1,,,,
f0e9e745003d22a1a9b7ea5d47647d8bf03361a275854bef6e03f8b1a9f05122,sha256,unknown-artifact,medium,30,active,2026-09-30,2026-09-30,1,,,,
f0f3ca9b8df09144f52cd740b22e3813a8617c51297dcd5cd71c0e89f78d14ff,sha256,unknown-artifact,medium,30,active,2026-09-25,2026-09-25,1,,,,
f0f3f9c5d2fe3d715b5ee78f738f2429cd030eb9bbea0818056f4f640b2397a7,sha256,unknown-artifact,medium,30,active,2026-10-09,2026-10-09,1,,,,
f0f7a3fc15a48cc73cb3a20024d90b75dfb83eba445289f8369b6e3dfde5b4e4,sha256,unknown-artifact,medium,30,active,2026-10-04,2026-10-04,1,,,,
f1058cb44d926f7d5740e109d33faf8498f1cd73001c6a2eac53adca88ce3766,sha256,unknown-artifact,medium,30,active,2026-09-26,2026-09-26,1,,,,
f10e60525bce5ca4aaf756f3089adbf28ef63009dbfc101ca37ff6179b661a1e,sha256,unknown-artifact,medium,30,active,2026-10-04,2026-10-04,1,,,,
f11703f63948492cdd82a93e2dabdcbbe5c2993ff3d2f06cb329de751d9507f0,sha256,unknown-artifact,medium,30,active,2026-09-30,2026-09-30,1,,,,
f11c84d7f1a75fc741a5731014618e2b39b49daf61ea4635592cc0bf675cd5dc,sha256,unknown-artifact,medium,30,active,2026-09-15,2026-09-15,1,,,,
f12141462f3c0ffd7567810f917e73958a6a64474a61a912151b826e9cb3b616,sha256,unknown-artifact,medium,30,active,2026-09-15,2026-09-15,1,,,,
f1389caaa80a12612914befcabff3ced9624376573627923419e9b4ad97595ab,sha256,unknown-artifact,medium,30,active,2026-09-27,2026-09-27,1,,,,
f1426fdd75073962bb64bc339cb97f75ac579d4448ff4da0fe5373d23f46477c,sha256,unknown-artifact,medium,30,active,2026-10-04,2026-10-04,1,,,,
f16b2a71e0f05e2a3bc34f915c1f81d1db3c3dcb295129516681f9f7bae9a403,sha256,unknown-artifact,medium,30,active,2026-09-28,2026-09-28,1,,,,
f17180076dd5f6968622e55cfcdb2afe48df108d9e19657cafe01421e1f02bf9,sha256,unknown-artifact,medium,30,active,2026-10-04,2026-10-04,1,,,,
f18fbea9b9e90811dd4cca5572e5a10e34a3b2f8e9e8ccdab13cb86b9da39372,sha256,unknown-artifact,medium,30,active,2026-10-03,2026-10-03,1,,,,
f1a0e515506e61ad0555e5ab0b23c593a74e98f02c8143582400a6a4f54d2353,sha256,unknown-artifact,medium,30,active,2026-09-30,2026-09-30,1,,,,
f1a8c47be2d6f1903f35a6069d278771e10b3733484f340592d4766c625b0dad,sha256,unknown-artifact,medium,30,active,2026-09-27,2026-09-27,1,,,,
f1af05833c091d469890060062b0c0e1df1edacbcf291a66832fe775dcac9b34,sha256,unknown-artifact,medium,30,active,2026-10-04,2026-10-04,1,,,,
f1b9570845833250aee896cc40222fc2c4313ebb0e0e16d4d588942ca138d5ac,sha256,unknown-artifact,medium,30,active,2026-09-25,2026-09-25,1,,,,
f1bf9acfbbc72a35dfa10a24b7945a9319055616fb35c7021e1d52ddaaa17c57,sha256,unknown-artifact,medium,30,active,2026-10-03,2026-10-03,1,,,,
f1cadfd79bbb01b5f65703fcd5eb02bd7568f9f3bdd94c9d667b6721ffbdf197,sha256,unknown-artifact,medium,30,active,2026-09-28,2026-09-28,1,,,,
f1d52262d587b26f9176ba901805c3a3a85323b386015d5f4b0548e6a9a48228,sha256,unknown-artifact,medium,30,active,2026-10-10,2026-10-10,1,,,,
f1f25ae92d0c5ad8f95c1202b48fc997360a660520b23e190f5db72a68bab53c,sha256,unknown-artifact,medium,30,active,2026-09-24,2026-09-24,1,,,,
f1f523b3a51e2d422eae0d50af1ed14ab60697b61176cc8602cc3b86ff243264,sha256,unknown-artifact,medium,30,active,2026-09-14,2026-09-14,1,,,,
f204e7120f354c5f23f1c84e293d03f5db34af1c938eed7cd3d35905b36d6e70,sha256,unknown-artifact,medium,30,active,2026-09-25,2026-09-25,1,,,,
f256fc3dd2bcfb29f033bf1d8e9f554447f7718054ab6bd557a33e8df4584a6d,sha256,unknown-artifact,medium,30,active,2026-09-14,2026-09-14,1,,,,
f259e79730036071b3bea986baf037f7c95a30994107ea1566820dfb08208011,sha256,unknown-artifact,medium,30,active,2026-09-15,2026-09-15,1,,,,
f26a5d6a78631477a82f68b65487a3884df5623dd86bd7df0b4c636901ab7a88,sha256,unknown-artifact,medium,30,active,2026-09-27,2026-09-27,1,,,,
f270e8b02d2d64a14ec3b530453ec7c280dc48e1e402fd3f81b36e0c580ef586,sha256,unknown-artifact,medium,30,active,2026-10-04,2026-10-04,1,,,,
f277021c1e20324037b71307ec06edb21d0d3ad4187c740b86d4f9ecada873be,sha256,unknown-artifact,medium,30,active,2026-09-27,2026-09-27,1,,,,
f27e64ed91c15c271a34d7f8ce9dec35fe323b05559403c9a63193b1ec22e972,sha256,unknown-artifact,medium,30,active,2026-09-29,2026-09-29,1,,,,
f28606adcc2a979be999d5cbab00f42177eed4c03c12c5b23d7ca5272b59e7ff,sha256,unknown-artifact,medium,30,active,2026-09-23,2026-09-23,1,,,,
f2888e289c5f4a9314019c43ce186954474b0e6facb3e6314e339a9cfdf62e53,sha256,unknown-artifact,medium,30,active,2026-09-25,2026-09-25,1,,,,
f28a0f811005eaf3d62d516b75d77d409323da8aae24ec7858f5b0954019b8ce,sha256,unknown-artifact,medium,30,active,2026-09-16,2026-09-16,1,,,,
f29387a3ea8e0b860bb0ef44ef9e879e99dac0548f122c0be8f941b6e1dcf8de,sha256,unknown-artifact,medium,30,active,2026-09-30,2026-09-30,1,,,,
f299babc2c87c536c733fd9bfa5b6331618698e397f5eda21ab48cb158ed0be6,sha256,unknown-artifact,medium,30,active,2026-10-09,2026-10-09,1,,,,
f29c60bc935e1d8127cbe10b19d2b0464f0fb78b1d5d3b4cc63657d38f7b7b99,sha256,unknown-artifact,medium,30,active,2026-09-30,2026-09-30,1,,,,
f2a7df50eb32aac24efe152caacbba198012e7b28cf87c16aa810a133a809d51,sha256,unknown-artifact,medium,30,active,2026-09-15,2026-09-15,1,,,,
f2ac27e6da6bb2ff4e45e74c1e91a126fbefcaaada55637e8e5490994c3a3aad,sha256,unknown-artifact,medium,30,active,2026-10-10,2026-10-10,1,,,,
f2ace8cdde1e6fa8e118ef1390357ddd985cf1f3dcfbb6bf9f794149fe736f93,sha256,unknown-artifact,medium,30,active,2026-10-03,2026-10-03,1,,,,
f2ca1bb6c7e907d06dafe4687e579fce76b37e4e93b7605022da52e6ccc26fd2,sha256,unknown-artifact,medium,30,active,2026-09-15,2026-09-15,1,,,,
f2d4c5e73737af2b8d7950df45208483ac80f183ee714f1ae36015bf4802fa57,sha256,unknown-artifact,medium,30,active,2026-09-25,2026-09-25,1,,,,
f2d79a13779a60b730c79cfa5ae65398af2dedef58f9faa859ef177ea5cc6fa3,sha256,unknown-artifact,medium,30,active,2026-09-23,2026-09-23,1,,,,
f2ebc1c83915b4a1758cc9667c123eede78fa709ee52f38bba2f825581bc1493,sha256,unknown-artifact,medium,30,active,2026-10-04,2026-10-04,1,,,,
f2f6a16d46500196635102af6d27ba0dd47c5137b0d6c61e203017bea23a7e60,sha256,unknown-artifact,medium,30,active,2026-09-30,2026-09-30,1,,,,
f3047859003736e7e07198a9850a3fb2a9435f157ae2dc288c9b6a3397f2a7bf,sha256,unknown-artifact,medium,30,active,2026-10-04,2026-10-04,1,,,,
f3185a5df9a55d856bdd73f9add8df6847aeaa39b9eb1d509b86a5f771deada2,sha256,unknown-artifact,medium,30,active,2026-09-26,2026-09-26,1,,,,
f31f6bf4ebfbfa46fa7d2cfe5de25b3eec0190a2cbe611c8289a6da6d6081cd5,sha256,unknown-artifact,medium,30,active,2026-10-07,2026-10-07,1,,,,
f32f8bd2aa85bce2f46b78f2044a504bf6e8022234edca7cbd73c34d6a07f406,sha256,unknown-artifact,medium,30,active,2026-10-03,2026-10-03,1,,,,
f33ae3bc9a22cd7564990a794789954409977013966fb1a8f43c35776b833a95,sha256,unknown-artifact,medium,30,active,2026-09-15,2026-09-15,1,,,,
f33db613c947f8e1b783dafbddd7c5ffab8b0ad84546333e41c7194c29de6272,sha256,unknown-artifact,medium,30,active,2026-09-16,2026-09-16,1,,,,
f33e5281ffef40ebc529485f4325fcb80be3320943dc80ef122c5a19dcb31f5c,sha256,unknown-artifact,medium,30,active,2026-09-16,2026-09-16,1,,,,
f34edeb371a564212cc39cfc1b4dbc2adea58415d9b9bb71707ba5f57bdad28b,sha256,unknown-artifact,medium,30,active,2026-10-09,2026-10-09,1,,,,
f350e171dc4ce1c01eca1dacfc5819614a6baf80459f1616b6dbea30e1f1349f,sha256,unknown-artifact,medium,30,active,2026-10-08,2026-10-08,1,,,,
f356acecba195cc0c60fc4a02066fc86954dfccc1a14d4fff41cd94e335e734e,sha256,unknown-artifact,medium,30,active,2026-09-25,2026-09-25,1,,,,
f35cde3c5a036609e759a3b6e0c9bcb4dd3ba6594ba5561881ea2f1bd281c1ec,sha256,unknown-artifact,medium,30,active,2026-09-30,2026-09-30,1,,,,
f3691b9ab95422836237d2970dc021b7dceb60ce0054855e8a70899e3ff3686e,sha256,unknown-artifact,medium,30,active,2026-09-23,2026-09-23,1,,,,
f37d585ccb783a8de9d4a95f79196c96498ecf91c37c75a080240423add97c46,sha256,unknown-artifact,medium,30,active,2026-10-03,2026-10-03,1,,,,
f392b1206bf4fc20a43d5253f01c74d92063b8bf748d2835609e615443c635f8,sha256,unknown-artifact,medium,30,active,2026-09-30,2026-09-30,1,,,,
f396481d1f683cafb7dfab950adf99cc53aa83206451b3163eb9636f1d5d79e8,sha256,unknown-artifact,medium,30,active,2026-09-15,2026-09-15,1,,,,
f397a871dde588c43829e99725313adb22321a7c771dbe92991f081218c5bd49,sha256,unknown-artifact,medium,30,active,2026-09-16,2026-09-16,1,,,,
f3ac01ce3598318ecc3e33ae52a448338641f6fd3cbc8b7aac25966c4440ff00,sha256,unknown-artifact,medium,30,active,2026-10-04,2026-10-04,1,,,,
f3b5e2d75c95403c5a8df64276a543062602d4238549e7a2e0293db5c708aa43,sha256,unknown-artifact,medium,30,active,2026-09-29,2026-09-29,1,,,,
f3b721e73c8e275eb1151ceee2f062bfcbbe9d630540d9f47bb02482ade8d239,sha256,unknown-artifact,medium,30,active,2026-09-16,2026-09-16,1,,,,
f3d784361cab71674accebedfc4e9c96beb8b6699ebd95706bc6e01af29dc0ed,sha256,unknown-artifact,medium,30,active,2026-09-15,2026-09-15,1,,,,
f3e5480614856453b2592e167a605984c39af5ef19664056fd7a0c0159e06780,sha256,unknown-artifact,medium,30,active,2026-10-04,2026-10-04,1,,,,
f3faf7f297d5937bb9d6ffae47f0489acec7e1f2fc2bc982c4b5d7f747e876f9,sha256,unknown-artifact,medium,30,active,2026-09-30,2026-09-30,1,,,,
f42b47c82c623a26c4da72f16a93ad792c5441d25f4e394080596117cc75159d,sha256,unknown-artifact,medium,30,active,2026-09-15,2026-09-15,1,,,,
f437ba9304a6d3b8432149777f56e4ed3767d4aad33976b261d46ac9930e2ee2,sha256,unknown-artifact,medium,30,active,2026-09-15,2026-09-15,1,,,,
f43866ee62f093e2aeef70f400f77b2a44b21df1e22002d7d365ded38518a744,sha256,unknown-artifact,medium,30,active,2026-09-15,2026-09-15,1,,,,
f43e12f5565226d223f66a9ad0b53af62e9595533b87439eab10a0f9d1e801b2,sha256,unknown-artifact,medium,30,active,2026-09-27,2026-09-27,1,,,,
f44d662dab456f7347fbb138dd4495ae118242ce142bfd03b3fdcbadbca8242b,sha256,unknown-artifact,medium,30,active,2026-09-30,2026-09-30,1,,,,
f460f35f2e7d33668a7fd1b94187918637b364b6f70ad44bdb16bca153b570c1,sha256,unknown-artifact,medium,30,active,2026-09-15,2026-09-15,1,,,,
f4646ea76948fff758dfe5b1ed541536da1bac0fd2a351d37357fefa9195b1fc,sha256,unknown-artifact,medium,30,active,2026-09-30,2026-09-30,1,,,,
f4736e0e204461361309c0e2133057a8f90aa61d4fed2895717aaf583ba818ec,sha256,unknown-artifact,medium,30,active,2026-10-09,2026-10-09,1,,,,
f4770d6730cd9396edf0dab13d59f033c76ddb72f7cbe0b066aaecaaca861ef5,sha256,unknown-artifact,medium,30,active,2026-09-30,2026-09-30,1,,,,
f4860b8dc995e6e95052b10817ceb88548a1237eb91ca9d752e665e4912a51e5,sha256,unknown-artifact,medium,30,active,2026-10-04,2026-10-04,1,,,,
f4cca5445cfd039d146cd53b2d467ace57da788df3e41f5c9564afeb7feadb71,sha256,unknown-artifact,medium,30,active,2026-09-28,2026-09-28,1,,,,
f4cfe1d9a085f1b93076bbb44aa538be244d6d3b037d8bff52114b3477328af0,sha256,unknown-artifact,medium,30,active,2026-09-15,2026-09-15,1,,,,
f4d5f90d9a5ea5ded58e645e900315249fbcac438d921fc25001b6ba5bdbd6fb,sha256,unknown-artifact,medium,30,active,2026-09-30,2026-09-30,1,,,,
f4d9546b46e00833b8304a62d78ff92beb4e5dbf353b396e46416b0994203add,sha256,unknown-artifact,medium,30,active,2026-09-15,2026-09-15,1,,,,
f50a950dd9c7b2aa729dc74769aea1f1e5e0ee9f52689b839bce725d245b8691,sha256,unknown-artifact,medium,30,active,2026-09-15,2026-09-15,1,,,,
f50ff96fc2c01e7679ea14c2577924a31c6f739b459a4d4d44f53062e03e1f6c,sha256,unknown-artifact,medium,30,active,2026-10-03,2026-10-03,1,,,,
f51a6f36379efb1381ad1020e67e0a898534041d2eec59a803f62098829047e1,sha256,unknown-artifact,medium,30,active,2026-10-03,2026-10-03,1,,,,
f51ec3847c88d06fd975b5506b06a2546ef7214f5f95827f2cdf8669b863db99,sha256,unknown-artifact,medium,30,active,2026-10-04,2026-10-04,1,,,,
f532191d494fa2264b4d156da358928af0636cc01fd92c977464399887255bc3,sha256,unknown-artifact,medium,30,active,2026-10-09,2026-10-09,1,,,,
f54be017b7a9e48d47df64d581eaf141a5385bffd93f34bc32e260c2bf21fd33,sha256,unknown-artifact,medium,30,active,2026-10-04,2026-10-04,1,,,,
f557fe2dfdb121a3c67ce1ecdf50ece4dffbe8495b74f158567950fe136bccc8,sha256,unknown-artifact,medium,30,active,2026-09-29,2026-09-29,1,,,,
f55a7ddf3341e4f914e398e82ee73894047bffb13ae0ce1cd505506c6f57dda4,sha256,unknown-artifact,medium,30,active,2026-10-10,2026-10-10,1,,,,
f566e5ad32b60aa129a6d4d712d40e67a6a0a5b0169ca0e010e88a6cce3e6fcc,sha256,unknown-artifact,medium,30,active,2026-10-03,2026-10-03,1,,,,
f56a0dd36c2085b916097bb4d1d0e81aeb8646671b19b81b4c31c9eb3cd9d041,sha256,unknown-artifact,medium,30,active,2026-09-15,2026-09-15,1,,,,
f577eaabd732239c0288eb1fafbe01e4a4474b61c8a4c92d8f015b6220a5d5b9,sha256,unknown-artifact,medium,30,active,2026-10-08,2026-10-08,1,,,,
f5797612b3082555d81b879bc5b5232692ad7c0ee79411d757566d90c765086f,sha256,unknown-artifact,medium,30,active,2026-10-09,2026-10-09,1,,,,
f589d829c5edc1833602a3c10a62ba666b90e1829c797b40faf2f49e8c335d25,sha256,unknown-artifact,medium,30,active,2026-10-04,2026-10-04,1,,,,
f599e10603e6f7f9784cca2317d6b605610fc8ca5b8e5517b931752ae7bb87d7,sha256,unknown-artifact,medium,30,active,2026-09-15,2026-09-15,1,,,,
f59be11483a9962608861504c6ff90b0e961aed1a35948de48c09cc1a64ca347,sha256,unknown-artifact,medium,30,active,2026-09-30,2026-09-30,1,,,,
f5bf1377e2e1256cba4a39371068dfc5ddd4f0cdb69e9396da1b6f5268403861,sha256,unknown-artifact,medium,30,active,2026-09-26,2026-09-26,1,,,,
f5e1591e618e49b0cac38e31161d934b44ec0e551cd4de6ff16d451db9dbad63,sha256,unknown-artifact,medium,30,active,2026-10-09,2026-10-09,1,,,,
f5ebaaa8b8abd3c5b398081653d70554d839b3bb813cf3d19bb11cf2929514ac,sha256,unknown-artifact,medium,30,active,2026-09-30,2026-09-30,1,,,,
f5f2c1b923e85bf41ffbe3706ec6ea81b3fba08a0b614735f28511f44aa587d4,sha256,unknown-artifact,medium,30,active,2026-09-15,2026-09-15,1,,,,
f612b89bcdbc401379f644d7e48572e3470f77dcd4c39416405d80952ad7089e,sha256,unknown-artifact,medium,30,active,2026-09-15,2026-09-15,1,,,,
f61f92a6bc4e50fbf4591957c454e83f402c955ad02c19271fe8bef0d7019297,sha256,unknown-artifact,medium,30,active,2026-10-03,2026-10-03,1,,,,
f628a150eb89fee129a8445fd3acf529e3cf059c1c69fd5e2257f7d6f77fc3da,sha256,unknown-artifact,medium,30,active,2026-10-07,2026-10-07,1,,,,
f6312d436b814094c2384378fe0bea902f4ab20b366f7558d601ba23bce99e20,sha256,unknown-artifact,medium,30,active,2026-10-04,2026-10-04,1,,,,
f6466f6dc789a3a63d0b2d034f1682b9728752ee4d4a49da9bc0580c725d7ffe,sha256,unknown-artifact,medium,30,active,2026-10-08,2026-10-08,1,,,,
f648cec1807719439a8211d029ee24495dfc05d28bf5e6f2be2c33ef53c64ffb,sha256,unknown-artifact,medium,30,active,2026-09-15,2026-09-15,1,,,,
f65f2bb97fd9552f77ff5ec942a81e0cae71ba96e8418f1862eadf37d4ebaf2c,sha256,unknown-artifact,medium,30,active,2026-09-27,2026-09-27,1,,,,
f66106634f6ffa551cb2970bba6095a9d5a494ad991a4bfb50c703d93727570b,sha256,unknown-artifact,medium,30,active,2026-09-30,2026-09-30,1,,,,
f666e1b2198294ceadf1f37b21c041a29d24584da1eeef9ecc60ee04d30880ff,sha256,unknown-artifact,medium,30,active,2026-09-15,2026-09-15,1,,,,
f669f752b7788041987d591c6f2ae68c3740cb65478d5d74caaa18a61405f91f,sha256,unknown-artifact,medium,30,active,2026-09-23,2026-09-23,1,,,,
f67c3a74442e82731827f25c76082fbc30ca386b1f56e6d6eb1a728b2e477b64,sha256,unknown-artifact,medium,30,active,2026-09-15,2026-09-15,1,,,,
f67e707da09ef311497196a42007abe23df4565cd9c6611f72b698f70ee4a2e1,sha256,unknown-artifact,medium,30,active,2026-10-03,2026-10-03,1,,,,
f681f75c3d7d54663211f70671a206e8290831cf54273b547156c28ae6390933,sha256,unknown-artifact,medium,30,active,2026-09-23,2026-09-23,1,,,,
f6851434b2e8eb16b2a983a7cd1cbb73113c73e7769cfffe9c00510222ba9392,sha256,unknown-artifact,medium,30,active,2026-10-04,2026-10-04,1,,,,
f6a3439d4f43f709b163eb6bcc357947a1a63005c3ec203c55ebbdc4a3235a74,sha256,unknown-artifact,medium,30,active,2026-09-30,2026-09-30,1,,,,
f6bc55e00de6e40e354ac4897770f10c04be308e2bd2ba22abd382c771c28c2d,sha256,unknown-artifact,medium,30,active,2026-09-26,2026-09-26,1,,,,
f6c9f1cade1eac3121241fabb8118f66fe1e7ba13319b1d800f5cf4cae67e11f,sha256,unknown-artifact,medium,30,active,2026-09-30,2026-09-30,1,,,,
f6cd231f2893319e054c5ff339705eecc77eca2379edff77343e6ca0d33fd48d,sha256,unknown-artifact,medium,30,active,2026-09-22,2026-09-22,1,,,,
f6e8c47dd3791dc1d6d26f69c961cd36110de3af87e589de9a517d64ae9a723c,sha256,unknown-artifact,medium,30,active,2026-10-09,2026-10-09,1,,,,
f6f633da72bae26772198aee791900e6ced87e5c2bea7710828550719492e46a,sha256,unknown-artifact,medium,30,active,2026-10-09,2026-10-09,1,,,,
f70c7f6ea260a6fdd94a892984a9b6aa8a7b46882ed8b0a337897a17654136b4,sha256,unknown-artifact,medium,30,active,2026-10-03,2026-10-03,1,,,,
f710cb2a8a85757dac261c14a5160e600b8a3150b1d5648651c0b3927a2dd021,sha256,unknown-artifact,medium,30,active,2026-10-04,2026-10-04,1,,,,
f711ed2458c5f6fbda78deb547edd5dbeedd503650608e6750263ea90487a9e1,sha256,unknown-artifact,medium,30,active,2026-09-27,2026-09-27,1,,,,
f7220f5079e103a016887ad7fde493fd5311c004a2754cc6e0d2e960f9b5ec8e,sha256,unknown-artifact,medium,30,active,2026-10-03,2026-10-03,1,,,,
f73b64762bdae60e22541b98d7ce21ecf4a13f053dbb939eed99cdef2891a258,sha256,unknown-artifact,medium,30,active,2026-10-03,2026-10-03,1,,,,
f753bc2d875060dfde92a3a15b27ca72dfdfce9b8ec1f55f41caa8ed3e0233f8,sha256,unknown-artifact,medium,30,active,2026-09-30,2026-09-30,1,,,,
f754009da9d41b88aa6b1fd8322efa368a33caa2ed09013669d4f39d912584bd,sha256,unknown-artifact,medium,30,active,2026-09-15,2026-09-15,1,,,,
f75ee0af0f16730b5bd425294ddb2c5e19a4e8fe30a27e05856bdd2e683cd47a,sha256,unknown-artifact,medium,30,active,2026-09-26,2026-09-26,1,,,,
f75f048e7dcb5db03d15b5b8d0923e61e01fab54f3cb9ee2b9fe166e62b99c91,sha256,unknown-artifact,medium,30,active,2026-09-30,2026-09-30,1,,,,
f7653aa247c6d23d9f8856fd9283ae532e02a989cb618dff8760e3494ce65919,sha256,unknown-artifact,medium,30,active,2026-09-26,2026-09-26,1,,,,
f78c2f0900a14c793d2f777f8493ec2e8db669ea1dd565c62e887e1036cc34a3,sha256,unknown-artifact,medium,30,active,2026-10-09,2026-10-09,1,,,,
f78dfca68d81e9c28ffb4d2dbde44118c27880666c7b645f2e4fb6160e0f3bec,sha256,unknown-artifact,medium,30,active,2026-10-07,2026-10-07,1,,,,
f79a53645e02e4a2ce42f75392b63bd3478297c92ccf2cfb39d1b21ca7a485df,sha256,unknown-artifact,medium,30,active,2026-09-29,2026-09-29,1,,,,
f7a523cb4af925d39f70483e15164983dab3b51cbcadc7ba4dbc8590c3a171e5,sha256,unknown-artifact,medium,30,active,2026-09-26,2026-09-26,1,,,,
f7b7c72634ce0f3b122878ea72fa166810a1b003cd34c9ad370315d4f819c3db,sha256,unknown-artifact,medium,30,active,2026-09-26,2026-09-26,1,,,,
f7bf21f9c568b3f399c3c3d12a4c40bc84bec4947295b37f21647f6974094f0d,sha256,unknown-artifact,medium,30,active,2026-09-15,2026-09-15,1,,,,
f7d806f0bef532517695930ce3e63b646e797246c7e6cbc2b815b219d3eab1c6,sha256,unknown-artifact,medium,30,active,2026-09-14,2026-09-14,1,,,,
f836d5e2866c541e0e2a645224d0199caca033c6c2ef70d5cde7bccb8d24e169,sha256,unknown-artifact,medium,30,active,2026-09-27,2026-09-27,1,,,,
f838095615878995463414756e2ddcc4d3fd0769ec8fa35f844d59eef5539dd1,sha256,unknown-artifact,medium,30,active,2026-10-04,2026-10-04,1,,,,
f841d883e5ec34484a9da04e1e39ed0a2d8637c7c009bc787e66e89ac0095307,sha256,unknown-artifact,medium,30,active,2026-09-25,2026-09-25,1,,,,
f8483be41fef9a0afdfe9ad361bfcf3bad2a3fc935ca1175438478a419e74a8d,sha256,unknown-artifact,medium,30,active,2026-09-27,2026-09-27,1,,,,
f850c852653a2190b10483717e7e242085ed0fb3ec15e0bc0bfb2c901aca3bf1,sha256,unknown-artifact,medium,30,active,2026-09-29,2026-09-29,1,,,,
f858bf3b622b5da18b13afb851b9e56ba693a1e95b98c7c897a97e6ccabf8487,sha256,unknown-artifact,medium,30,active,2026-09-15,2026-09-15,1,,,,
f87075552df6810f72cb08fe4439e24aaa393481bdc3bf8f7c7ce8b6d3353558,sha256,unknown-artifact,medium,30,active,2026-10-07,2026-10-07,1,,,,
f87fc2aa81d4b7d2e259459970ad8e5d2379adc61195d1e535ddc7df13b8857a,sha256,unknown-artifact,medium,30,active,2026-10-08,2026-10-08,1,,,,
f8ad21903614b88e0764addac3fd1471624ce6550aada26cc0ee536806f7dab5,sha256,unknown-artifact,medium,30,active,2026-09-27,2026-09-27,1,,,,
f8c4a7fd3b9fb637859f86dc7a7c7a8621505f9c7b329745d98c6c976c2aac12,sha256,unknown-artifact,medium,30,active,2026-09-27,2026-09-27,1,,,,
f8c67d2dfe77a0aff3b66e9eef4f1bba612db9e65d3ecac820091f0d049a4fa9,sha256,unknown-artifact,medium,30,active,2026-09-16,2026-09-16,1,,,,
f8cfe599008ab261593111b20e46aa12f4ebe14d1a8e98c6fe4cce22674e4c4f,sha256,unknown-artifact,medium,30,active,2026-10-04,2026-10-04,1,,,,
f8ff077e0730f49e0819bfe811481fe2ea806d06282ab15282cf699092faf0c2,sha256,unknown-artifact,medium,30,active,2026-09-15,2026-09-15,1,,,,
f8ff2caed34a40e06be4ffe9f7f5c71e9a20e34d9692e2d5702f3084db268465,sha256,unknown-artifact,medium,30,active,2026-10-03,2026-10-03,1,,,,
f9117e479d64cf60aa3e8e457abbb7fa9a4ff45f844ca61839ca3225737c9a37,sha256,unknown-artifact,medium,30,active,2026-09-22,2026-09-22,1,,,,
f91c73dc5cd49e708fda596cf7ec29c8d959b2659d3738fcc7fe2c94b6b0a327,sha256,unknown-artifact,medium,30,active,2026-10-09,2026-10-09,1,,,,
f92149f027cacf6098beff6e15620d728f536cca1e6f5c91ec07103486c72ca9,sha256,unknown-artifact,medium,30,active,2026-09-23,2026-09-23,1,,,,
f931c5d159e2dc2d71b8a792e1ca7b2acb87b8cc7a18def82d3ea65143ca65bc,sha256,unknown-artifact,medium,30,active,2026-10-07,2026-10-07,1,,,,
f9515457a3dd20ac90c7937a815f0d1d73da3ce9a513b0d7056f01789c842be6,sha256,unknown-artifact,medium,30,active,2026-09-26,2026-09-26,1,,,,
f962e762def811e347681bbf8b9b0c4e0d7ea188f371ce84eda59409942cdcff,sha256,unknown-artifact,medium,30,active,2026-09-29,2026-09-29,1,,,,
f97708c7dfbf3882eb2ad16fe5f5848d93022e5f3e0f6d727cffee9aa72c68b1,sha256,unknown-artifact,medium,30,active,2026-09-25,2026-09-25,1,,,,
f97be2ec20bc8549af672a7bc3eb2e7664821446be9cd1e428ddacb3cc2a210d,sha256,unknown-artifact,medium,30,active,2026-09-27,2026-09-27,1,,,,
f98469ae8c7d910bb26db579899ef3d0a92cae924c0195260e38a036d29c664b,sha256,unknown-artifact,medium,30,active,2026-10-07,2026-10-07,1,,,,
f98aa35872909789b3fca1b096b09d3996a8f0375e49b6c16c53391bc8bbab19,sha256,unknown-artifact,medium,30,active,2026-09-15,2026-09-15,1,,,,
f98eb769800166ff74a04d02777aa23d9f9256a9581297386d556a482ee1a1ee,sha256,unknown-artifact,medium,30,active,2026-10-04,2026-10-04,1,,,,
f9a13d82b657458f9db859772450a2b5d486c84647b9ce1f3f44a06476a41612,sha256,unknown-artifact,medium,30,active,2026-09-30,2026-09-30,1,,,,
f9b5bd166058a8cb4d3100d0d28e591ba487a177acdc758e87592bbb44a58258,sha256,unknown-artifact,medium,30,active,2026-09-15,2026-09-15,1,,,,
f9bf360866d3b515a2d8c3f57b107a9020a17ef6c86db336a30dd214070e5f25,sha256,unknown-artifact,medium,30,active,2026-10-03,2026-10-03,1,,,,
f9c15a51fc1fcc39ec1a7e12533bf5489b6ffc1df8f6c26024e64f9a0115b9a4,sha256,unknown-artifact,medium,30,active,2026-09-23,2026-09-23,1,,,,
f9cf5e8fa584228e9b1ca136d194541684b7cf90aad0dc960d379a50d2ae7515,sha256,unknown-artifact,medium,30,active,2026-09-28,2026-09-28,1,,,,
f9cfd8168d9d8a94fbb14527532b7bb05b1c3e99210c63ac7bec02b218cfd3bb,sha256,unknown-artifact,medium,30,active,2026-09-16,2026-09-16,1,,,,
f9d5d3263fec772f5d6032a0b668398c4ac843ca2c503c14b8b65534c4d920b8,sha256,unknown-artifact,medium,30,active,2026-10-04,2026-10-04,1,,,,
f9ef41aec84f53285f9d8b967779e2759f358d1b497155bbfc42cb716f18ed49,sha256,unknown-artifact,medium,30,active,2026-10-09,2026-10-09,1,,,,
f9f089958c5fd9d9cfac6e4d85f27de26a4f5fefae28947f6d9a6fbe2e112bba,sha256,unknown-artifact,medium,30,active,2026-10-04,2026-10-04,1,,,,
fa00864eff8d7b28273609ccecab453aeceb163ff91e505d6c1e21009ffc40b4,sha256,unknown-artifact,medium,30,active,2026-10-10,2026-10-10,1,,,,
fa048026253b34fc88318d6fdc3d0a462b02f60e4e149090eeead09cfdc0f555,sha256,unknown-artifact,medium,30,active,2026-09-27,2026-09-27,1,,,,
fa0667089b3873bac0a0bc9848b2598b917fab7a8da79eb2b9a73e0d9621f3a9,sha256,unknown-artifact,medium,30,active,2026-09-30,2026-09-30,1,,,,
fa19ba0544b84a8e8c260d813ff9600aefae61aade95b84624a9c33c02892547,sha256,unknown-artifact,medium,30,active,2026-10-04,2026-10-04,1,,,,
fa58555e0d73a4d190d5ef590681724e334ffc855bf43825adb0cc44650c2801,sha256,unknown-artifact,medium,30,active,2026-09-15,2026-09-15,1,,,,
fa59590321d671bad3bbfbc6f1c235a6ab530e389597b77a772142f8dea40d66,sha256,unknown-artifact,medium,30,active,2026-10-03,2026-10-03,1,,,,
fa5b1ff73dac013ec8dae142924175c796e99679876c128c02576a8652953d2c,sha256,unknown-artifact,medium,30,active,2026-10-06,2026-10-06,1,,,,
fa5c6455267189f2ca4c6a1af94ef07052f7c78573f4d4ab791b011f876ab3d8,sha256,unknown-artifact,medium,30,active,2026-09-26,2026-09-26,1,,,,
fa62a3b0fc63599ba55eb6a34e166d253c3d71b9324b3ede5aefeb12cc78b833,sha256,unknown-artifact,medium,30,active,2026-09-27,2026-09-27,1,,,,
fa66444c90cc0e964fe4cc9a9e0b64a7e0638e964b2719dd99992cef3222195d,sha256,unknown-artifact,medium,30,active,2026-10-07,2026-10-07,1,,,,
fa7963f68980a3316e2bfbb74777c4d94b248073163d67545b25bae3a8389bcc,sha256,unknown-artifact,medium,30,active,2026-09-27,2026-09-27,1,,,,
fa7facb05a5b583cdf9568e0519dfdb39974ca5f9326fad6d1e15c51a1b23312,sha256,unknown-artifact,medium,30,active,2026-10-10,2026-10-10,1,,,,
fa86ccb56bcaf77d4c224afe391f636bf17673fbd3ba501e4764de40b99f4dac,sha256,unknown-artifact,medium,30,active,2026-09-15,2026-09-15,1,,,,
fa8b901dd3dffcedadf861688f99fe108b7d714dcf0fcbcaa74439f23e5c8083,sha256,unknown-artifact,medium,30,active,2026-09-30,2026-09-30,1,,,,
fa8fe7e50def49a43ab6bad370289bc2547b4f02579b15ee9bc9762ff187823e,sha256,unknown-artifact,medium,30,active,2026-10-09,2026-10-09,1,,,,
faad9effc0a47214b9855c3d0062f9cfcbc508b2e5d51720921ed0d8acda6cae,sha256,unknown-artifact,medium,30,active,2026-09-28,2026-09-28,1,,,,
fab383a1a486534ee09d96490d86df22baff4d918b9637ad6519727df99ca41d,sha256,unknown-artifact,medium,30,active,2026-10-04,2026-10-04,1,,,,
fab9198d296a0393a8f3b32cc8a1fea77ca9bc46800fc8fd39ac4ca8913e2311,sha256,unknown-artifact,medium,30,active,2026-10-04,2026-10-04,1,,,,
faf091a46a53b476bb2111af75752b9bcf8c8237a106060f5406c4f7ccf93652,sha256,unknown-artifact,medium,30,active,2026-09-30,2026-09-30,1,,,,
faf093c3a58163b1f63ec89488d61c6899e8544a326ba9d03354be54c74d43d9,sha256,unknown-artifact,medium,30,active,2026-09-16,2026-09-16,1,,,,
faf87e17df7a7e0910a623cff87933ca7c175b152de115241431eececda7c3b3,sha256,unknown-artifact,medium,30,active,2026-10-07,2026-10-07,1,,,,
fafb018f5a2c6f3e5204582dd8cea4668c5f1200cb0236589da04860bcff54d8,sha256,unknown-artifact,medium,30,active,2026-09-27,2026-09-27,1,,,,
fb062dbd0fdc11bf8f730af253a9fcdd039b163f9232be210a269fa213638785,sha256,unknown-artifact,medium,30,active,2026-09-23,2026-09-23,1,,,,
fb1526ecfe234bc06ff1319596fe6f1259df42451ecde506cc8374da017d45db,sha256,unknown-artifact,medium,30,active,2026-09-30,2026-09-30,1,,,,
fb2abc045481e4a22a0d7688be6fa08039098663f1dfa1acc2da7bffe0919136,sha256,unknown-artifact,medium,30,active,2026-09-23,2026-09-23,1,,,,
fb2d1d414bc29b66cb92aeae8b3a0915f8de5e99c12f2d85639d23988bb1a04d,sha256,unknown-artifact,medium,30,active,2026-09-28,2026-09-28,1,,,,
fb5ccf8fd6850b0682660685373c6126b6430259304ee6b09f30ba375e3f0e38,sha256,unknown-artifact,medium,30,active,2026-10-04,2026-10-04,1,,,,
fb6a07a8d0a8baf7b3d5c82ee3bedd485e2f06429e570b86f21e22e3209cb0c5,sha256,unknown-artifact,medium,30,active,2026-10-09,2026-10-09,1,,,,
fb6ec48aec3c6ef610a63b699bc772b1427361445b7fd2b70018dddd5ab50185,sha256,unknown-artifact,medium,30,active,2026-09-30,2026-09-30,1,,,,
fb78de9b34ad5eb2ee0585373c0b5b754bedeed3d3f270d88ff5e6a13cceef41,sha256,unknown-artifact,medium,30,active,2026-09-15,2026-09-15,1,,,,
fb887481cf74861a028ab9985091203358962dde42bac7d3eceb72a3746de468,sha256,unknown-artifact,medium,30,active,2026-10-07,2026-10-07,1,,,,
fb8c26edfd0c23728ada6ed96bdc0b889bc583c5a7a301928fff0ff59f38596b,sha256,unknown-artifact,medium,30,active,2026-10-07,2026-10-07,1,,,,
fb8fe70e1e97d8a2e3c2377659770dadae67ab2243ea9682620e34d46a539843,sha256,unknown-artifact,medium,30,active,2026-10-03,2026-10-03,1,,,,
fb9a2da96340f83473a2f8100028b9a89a4930d06dfccab33c1214846f0b2114,sha256,unknown-artifact,medium,30,active,2026-09-27,2026-09-27,1,,,,
fba55fd42a6cb14c417c3922d09fbcd105bdce13aff48ef908e6a201174a535d,sha256,unknown-artifact,medium,30,active,2026-09-24,2026-09-24,1,,,,
fba5c1047db785d00bacdb163c446ce37c76420d38057e476a4c7de2cd7e15fe,sha256,unknown-artifact,medium,30,active,2026-09-26,2026-09-26,1,,,,
fbadbdafc8ed5ac41702951491c14ae25e0e34390511f2a96cc094e799f42eb3,sha256,unknown-artifact,medium,30,active,2026-09-26,2026-09-26,1,,,,
fbb9795f1548ef1678427487dfbb1d8ec6b5d5255e4011ddeff1205ddef5d3b3,sha256,unknown-artifact,medium,30,active,2026-09-26,2026-09-26,1,,,,
fbbf1429ca9caa2213692c80ea309809f917333cf95b05bcdcceccbf5fdc5e79,sha256,unknown-artifact,medium,30,active,2026-09-16,2026-09-16,1,,,,
fbc59eb126f5daa8b10feaaed10cdc3d475a1473f7ea02a03173f840f885b070,sha256,unknown-artifact,medium,30,active,2026-09-22,2026-09-22,1,,,,
fbcb7755b74eb6ec1e360f85137faad3ff3750549d149671d8156039dffc0fd1,sha256,unknown-artifact,medium,30,active,2026-09-29,2026-09-29,1,,,,
fbdc098a1c76b215e5206500124989ac2a44ba5734c750c028f40efa8323d504,sha256,unknown-artifact,medium,30,active,2026-09-25,2026-09-25,1,,,,
fbdd25d6e0f323ddd7a28b2e95cfa1927666ddb4efd7b8b3959394db0e32125b,sha256,unknown-artifact,medium,30,active,2026-10-03,2026-10-03,1,,,,
fbe5804467fa1641d1cdeb75b467dd79208743d2b1323efb1e73b2f045617e61,sha256,unknown-artifact,medium,30,active,2026-09-16,2026-09-16,1,,,,
fbf01b7a24128522a1095429e060d2cc739671209344736b2f0cfeedf3848904,sha256,unknown-artifact,medium,30,active,2026-09-30,2026-09-30,1,,,,
fbf5ac06cb120228d75092656a27a2e723e69dc7a55cdb3a8b7216f6a8c2d792,sha256,unknown-artifact,medium,30,active,2026-09-15,2026-09-15,1,,,,
fbf75253924d4466208d691378250797d3899af282661bfc93d44a8f580d978d,sha256,unknown-artifact,medium,30,active,2026-10-09,2026-10-09,1,,,,
fbfc1ff5b7b6717946f9106873b5726d7447b477263d09f5894c5813d66f890c,sha256,unknown-artifact,medium,30,active,2026-10-04,2026-10-04,1,,,,
fc0bd3f45c55f4a4abe52349320530d91ad8ee5955829c1c8f2a77edc2e6f121,sha256,unknown-artifact,medium,30,active,2026-09-15,2026-09-15,1,,,,
fc10979d26c37685effde0f192be126b8dd3953aadf6168c6ba6fdde92413b5f,sha256,unknown-artifact,medium,30,active,2026-09-27,2026-09-27,1,,,,
fc1425969210fd87f94c4f046e962705c249b28957cb87b9c31652a875cfb1d5,sha256,unknown-artifact,medium,30,active,2026-09-30,2026-09-30,1,,,,
fc19f7ca94884110e7a928ac187768097e7bf31f851225b76e5ef4c1a346ec00,sha256,unknown-artifact,medium,30,active,2026-09-15,2026-09-15,1,,,,
fc1ff633a87e354ae6f21de249d9a825e7c3925b674da3273b0d84882f1283b8,sha256,unknown-artifact,medium,30,active,2026-09-30,2026-09-30,1,,,,
fc244af0c96be87e05e08b6d0204b6cddb18a423a2d7799743a10e7e0ab18285,sha256,unknown-artifact,medium,30,active,2026-09-30,2026-09-30,1,,,,
fc403baf1b145e56e88961a337af0af7e7b3e532829714c8e60422c899c86f28,sha256,unknown-artifact,medium,30,active,2026-09-15,2026-09-15,1,,,,
fc48601829a77df5bbe32fd8d831c84ca96fd59cd723da43a652cbd01cae0b88,sha256,unknown-artifact,medium,30,active,2026-09-22,2026-09-22,1,,,,
fc51e2444bf9a0041324f888a0e0dd35a3c2f5aef81f1d7a6acb2fbd4a55865a,sha256,unknown-artifact,medium,30,active,2026-09-15,2026-09-15,1,,,,
fc55ffaa7b5900115b4c9dc1239cc87efffac1bc8ba7e08f9c885dfed6a453f7,sha256,unknown-artifact,medium,30,active,2026-10-03,2026-10-03,1,,,,
fc699746fef5a5e7e864febee6f0fe85c8f1ef0cff9c831f148506044fe5a41b,sha256,unknown-artifact,medium,30,active,2026-09-26,2026-09-26,1,,,,
fc760f60df739780f07ef34076ffed690de3c6dc0195f7ba85bd03fd5e79d48b,sha256,unknown-artifact,medium,30,active,2026-09-15,2026-09-15,1,,,,
fc7bbf2f15a19ef9e007aa07c314ab7f7793a6f2f5da7c9e406cfa2bb87eedcc,sha256,unknown-artifact,medium,30,active,2026-09-25,2026-09-25,1,,,,
fc8252c8dc55839967c58b9ad755a59b61b67c13227ddae4bd3f78a38bf394f7,sha256,unknown-artifact,medium,30,active,2026-09-22,2026-09-22,1,,,,
fc91ea73485ce1d91d51be11340bbafaa9e577c3e9349f8a909451918545a03b,sha256,unknown-artifact,medium,30,active,2026-09-22,2026-09-22,1,,,,
fc9420004f757c0e02dd7c4e60a5941e06751e5e40ec61a3f06bab340e9c1f67,sha256,unknown-artifact,medium,30,active,2026-10-03,2026-10-03,1,,,,
fc9517bef1dedc98b566337082e1b192bf5a06877ed999c68e72ad9b9cafe551,sha256,unknown-artifact,medium,30,active,2026-10-04,2026-10-04,1,,,,
fccbb54155bf5a958392b73712f78dd370f6d19400c34b3e6d6cc9ac1702ad27,sha256,unknown-artifact,medium,30,active,2026-09-14,2026-09-14,1,,,,
fccf76c16e249da322d73865f57ff8a468b008aa1f5dac74aab94e9eb539b1e1,sha256,unknown-artifact,medium,30,active,2026-09-25,2026-09-25,1,,,,
fcdc29c62e7c0e5a078870da6ee17a33288d1ce7ebb8639835cfc7db288df9a1,sha256,unknown-artifact,medium,30,active,2026-09-23,2026-09-23,1,,,,
fcdffa2a347a1b4774a748f806f6b14755eff717717a2c19daf0e6fa1eef3851,sha256,unknown-artifact,medium,30,active,2026-09-30,2026-09-30,1,,,,
fce23724921eff96e7a447b1dfe9fe34bc1ca11a67a96428119e11e862194e02,sha256,unknown-artifact,medium,30,active,2026-09-15,2026-09-15,1,,,,
fce5c25db353bcc81b935647badd0c0a3b4d63e6f34d57f298535f6d38086a18,sha256,unknown-artifact,medium,30,active,2026-09-23,2026-09-23,1,,,,
fcf777720d81ede2a4f88239f465ca88969803725019c214b63b68766ffbf64b,sha256,unknown-artifact,medium,30,active,2026-10-04,2026-10-04,1,,,,
fcf86817127b2d1d4f330ba1e71857a8bd99ac41ac66f17199d2294d1fa93a52,sha256,unknown-artifact,medium,30,active,2026-10-03,2026-10-03,1,,,,
fcfa57a7660cd9210096a8541fe7f16400389f03c32ee5c79526c0c222d6caff,sha256,unknown-artifact,medium,30,active,2026-09-25,2026-09-25,1,,,,
fd1cf37c83fe5e3a311e5cc57e9d6c210068627e08ce02b7cc97bbbebbf57bb7,sha256,unknown-artifact,medium,30,active,2026-09-15,2026-09-15,1,,,,
fd234655a7e428633fbf2bb545ed8d93a4b0c5ab103c723b3e66035c38030d76,sha256,unknown-artifact,medium,30,active,2026-09-23,2026-09-23,1,,,,
fd24821addb72417ea4a8ea201fe580ebfd0e9c7b6eba32890051eb8051c1c45,sha256,unknown-artifact,medium,30,active,2026-09-24,2026-09-24,1,,,,
fd2fa992341b18f4b55646e8a623ca05197694036a1d08443906ba9827656e50,sha256,unknown-artifact,medium,30,active,2026-10-03,2026-10-03,1,,,,
fd3b3477c6f76bf88c1c5f4a257fd80460633952a400a432db409b4d2558c40b,sha256,unknown-artifact,medium,30,active,2026-09-30,2026-09-30,1,,,,
fd41591813c297ba4ba10f00c0f8f6bc2dc8b746954c8f4e57ea52b4d95d438e,sha256,unknown-artifact,medium,30,active,2026-10-10,2026-10-10,1,,,,
fd446c088fe88fcd266bd00eb4eec1e914c9bcae753aab8a642d8ffcfd01d74c,sha256,unknown-artifact,medium,30,active,2026-10-04,2026-10-04,1,,,,
fd4ea0394ab78c754185c4111d373a856be563cb62586a3409bf68862de07673,sha256,unknown-artifact,medium,30,active,2026-09-30,2026-09-30,1,,,,
fd58803cb07f8463e9c1b5a7a4a109ad998d7d51095838224d15b21f73e57f3a,sha256,unknown-artifact,medium,30,active,2026-10-09,2026-10-09,1,,,,
fd5e232e5bb9dc89df29536e80144a26440dca7205d4df2454f59e65f57d1046,sha256,unknown-artifact,medium,30,active,2026-09-15,2026-09-15,1,,,,
fd60c7c266542ec50b0cf348c5cc78cf664fa39846acffd40ae1351e2076e1e7,sha256,unknown-artifact,medium,30,active,2026-09-27,2026-09-27,1,,,,
fd6197bc07bfcb92410eacf0fe7d2d3b5b540b68b4f258a4f1ea2a85353be490,sha256,unknown-artifact,medium,30,active,2026-09-15,2026-09-15,1,,,,
fd76eea12616215bffe24cb119c2d42a01870682cf9826181c915b191f864df0,sha256,unknown-artifact,medium,30,active,2026-10-07,2026-10-07,1,,,,
fd7991327d9cd85ba6b42ccbce3b28c087b1766384f2bdfd38125610ce94f6e9,sha256,unknown-artifact,medium,30,active,2026-09-25,2026-09-25,1,,,,
fd7a4acdf1e34ea252062b4598efb5c61a797efb93d7349193c05f880dff16bf,sha256,unknown-artifact,medium,30,active,2026-10-04,2026-10-04,1,,,,
fd8d0ceae037b59a9d0b022c0779c9764576b6b006939747130a03ae0ba3e93d,sha256,unknown-artifact,medium,30,active,2026-09-24,2026-09-24,1,,,,
fd91e1151c487164a179525201eafc145f9d7f8d15e8c1d7906d3fd4c4551f0f,sha256,unknown-artifact,medium,30,active,2026-09-15,2026-09-15,1,,,,
fdb36d15393878caba6949893d2e371158034b7c838d7f400bcb33f95c3c11ca,sha256,unknown-artifact,medium,30,active,2026-09-30,2026-09-30,1,,,,
fdb3f784d27394da9cf0cde61215f37ffece4ef5bc780a20081e5449bc584966,sha256,unknown-artifact,medium,30,active,2026-09-30,2026-09-30,1,,,,
fdbcd796549dd1671114a2076b677e6337c1f83e8dc2dd14ad7ede3ebd5bba0b,sha256,unknown-artifact,medium,30,active,2026-09-30,2026-09-30,1,,,,
fdc47d00e3723804269f6411b5398784c54dcea017e141a39490c2d6383afa80,sha256,unknown-artifact,medium,30,active,2026-10-04,2026-10-04,1,,,,
fdc6fabadb7bfbbdf8bb718942c46259e09c086aab4d1e3a2b063f5c913ae059,sha256,unknown-artifact,medium,30,active,2026-09-16,2026-09-16,1,,,,
fdd56088b16df13991055e43b89edca138d04a0bebe330d32c11bc514c9cfffc,sha256,unknown-artifact,medium,30,active,2026-10-03,2026-10-03,1,,,,
fdddd8ef00dd7e7fc576d39ce2641f8d55e72d5de3af19e655607be7eba7878a,sha256,unknown-artifact,medium,30,active,2026-09-28,2026-09-28,1,,,,
fde06efaf57c164f6e87c451ef29b70f867cdcac64273274737ecb39d094bd0a,sha256,unknown-artifact,medium,30,active,2026-09-25,2026-09-25,1,,,,
fde8e637e1a1f38df38655933d8a0357b025330469327309a2775974a00e212a,sha256,unknown-artifact,medium,30,active,2026-09-15,2026-09-15,1,,,,
fdf4f207a7e5c522b187037560b0ec422c4eccc0eb0efc545486920c00b456d9,sha256,unknown-artifact,medium,30,active,2026-09-23,2026-09-23,1,,,,
fe0286bfd3d1cef6c7950c3659ba705e8d4058effbb1b030e3a21ef285b6c819,sha256,unknown-artifact,medium,30,active,2026-09-30,2026-09-30,1,,,,
fe22a5ad045fd78e5339e0f72e5d7ba66514d4a6990efc5a02066d1527f18c5e,sha256,unknown-artifact,medium,30,active,2026-09-30,2026-09-30,1,,,,
fe22cdbccc33350757f090cc32af21ef4761482a04816694dd61efc001791f64,sha256,unknown-artifact,medium,30,active,2026-09-27,2026-09-27,1,,,,
fe3961d0f653bc3b04ff0de4aafdb6594458ad9765586009318904ed7da45fef,sha256,unknown-artifact,medium,30,active,2026-10-08,2026-10-08,1,,,,
fe485b3f44f1ba494033bf66ed54bce37675a8e540840cc4f6bb9665009c1c98,sha256,unknown-artifact,medium,30,active,2026-09-25,2026-09-25,1,,,,
fe4d25070e46da7c47d2858176aff1a27932c562a0d9b4eb28372866bd105d23,sha256,unknown-artifact,medium,30,active,2026-09-26,2026-09-26,1,,,,
fe6d3ad19dcea3b0171f4c2fce945f57f01d3be35c4ea2b0abbc45a2f4f891bc,sha256,unknown-artifact,medium,30,active,2026-09-26,2026-09-26,1,,,,
fe902ca00f419d1460a5ba0b4d767f8e404c6f94547b8d7fd942a8a0efbeba3e,sha256,unknown-artifact,medium,30,active,2026-10-09,2026-10-09,1,,,,
fe938f9653d13667279b83b19ff2a8fed7f4320373ec45b1ec5458ac302f7a51,sha256,unknown-artifact,medium,30,active,2026-09-29,2026-09-29,1,,,,
fea9b4eed7d7f0145c0d8127129f78a5430e757ee04e2af2d5a79169e1bec1d5,sha256,unknown-artifact,medium,30,active,2026-09-25,2026-09-25,1,,,,
fed4a9564b28669ba5380dcce3c923098b0c6cb4bed9995d5b0caa3fd83863ce,sha256,unknown-artifact,medium,30,active,2026-10-04,2026-10-04,1,,,,
fee132052391b8e36f40e5e474db981ae58ca9329ba17b02c72bce86779c11c1,sha256,unknown-artifact,medium,30,active,2026-10-03,2026-10-03,1,,,,
ff11cc75147236115e61540c9c6a0827ae6f31628ba37dd44ee32678c3657c10,sha256,unknown-artifact,medium,30,active,2026-09-15,2026-09-15,1,,,,
ff2047d5a1d2b870e673c2c4c4624d19b3ccf9ddd125f258a65bf73ef7f929a9,sha256,unknown-artifact,medium,30,active,2026-10-03,2026-10-03,1,,,,
ff2709f8c990de356769900302f21f9a6cc1fb2f14cd2aa12b32c7cfa1e07893,sha256,unknown-artifact,medium,30,active,2026-09-26,2026-09-26,1,,,,
ff2c5a05196b0a1932353e766e6b0ae24138ae0d969efc072f4f63614df0cb35,sha256,unknown-artifact,medium,30,active,2026-10-04,2026-10-04,1,,,,
ff4e71cfcc7cb0c3f2e0e2ffad160842e23d883d35686fb7322059da32aa3286,sha256,unknown-artifact,medium,30,active,2026-10-04,2026-10-04,1,,,,
ff6b35ff04b16cb76d9d3d4846550f011508aa75310eb0f798ed0443b207eced,sha256,unknown-artifact,medium,30,active,2026-09-15,2026-09-15,1,,,,
ff6f81930943c96a37d7741cd547ad90295a9bd63b6194b2a834a1d32bc8f85d,sha256,unknown-artifact,medium,30,active,2026-10-04,2026-10-04,1,,,,
ff74b296296640b2aa151541b6ad3676836ac5addfde673eb594cf08c54787ca,sha256,unknown-artifact,medium,30,active,2026-09-30,2026-09-30,1,,,,
ff7c77871c3a5ea2fb2ca7fbd2c36b184c6a0798fa0e20c8d50012b147d5b5f2,sha256,unknown-artifact,medium,30,active,2026-09-27,2026-09-27,1,,,,
ff80fb56e85b2830c165a57d7bdc5cdce52a28ca4ccf6c1f0ba9c83b16a1b125,sha256,unknown-artifact,medium,30,active,2026-10-09,2026-10-09,1,,,,
ff868d16861cfc7f4f39748d277b668154934ce78b9a3fce142b61026ccb4a85,sha256,unknown-artifact,medium,30,active,2026-10-09,2026-10-09,1,,,,
ff954e28db2b39b176d536dca9c28bd0309c0d5b80cf6d00bb7f61643dd15293,sha256,unknown-artifact,medium,30,active,2026-09-15,2026-09-15,1,,,,
ffacb44d97e579ccc8212d76f51292c609fd30d0de2ad3f5b66e7d5f7ca759c8,sha256,unknown-artifact,medium,30,active,2026-10-03,2026-10-03,1,,,,
ffacbbb7af9c95a652b97a8775917d63fe5ff2775ce5676b8c7317a68a53b2ce,sha256,unknown-artifact,medium,30,active,2026-10-07,2026-10-07,1,,,,
ffbf852b2e476f1b1ee5fd046a5107bce9c7bcd3d9bd1a08b5f07fbcbcd4eeae,sha256,unknown-artifact,medium,30,active,2026-10-09,2026-10-09,1,,,,
ffd1d6107270a86e080fff1388825c53edfcee37bc3ab34ba7696ff8cf05d3e5,sha256,unknown-artifact,medium,30,active,2026-09-27,2026-09-27,1,,,,
ffd491252a3fbe057f2bfe4a01ae348276dbd4b639421a1608195437f1f52225,sha256,unknown-artifact,medium,30,active,2026-09-15,2026-09-15,1,,,,
ffdf44e53586a4f1067b48a3482e980ef340982af1130d3e4547a42bb27a55c1,sha256,unknown-artifact,medium,30,active,2026-10-04,2026-10-04,1,,,,
ffe04bc05a56f78b1273876cf17ded8df1aa3da5a15deb17dce99a3e206eb705,sha256,unknown-artifact,medium,30,active,2026-09-14,2026-09-14,1,,,,
ffeaae6e8438ced5ba8b4cf607243c9e181b7ce426657054f61173952a5265f9,sha256,unknown-artifact,medium,30,active,2026-09-16,2026-09-16,1,,,,
ffed59cf8115181045071ac671de700770712c847006676743a8d26ec020b414,sha256,unknown-artifact,medium,30,active,2026-09-30,2026-09-30,1,,,,
ffeec9fd15378839fa7fecc4c0ad1b016f22a700f762c16531941e761c77f17a,sha256,unknown-artifact,medium,30,active,2026-10-09,2026-10-09,1,,,,
fffeb90fccd2556ae66a6b9bfed8fa45975606bed9489e14690c6145a4b687dd,sha256,unknown-artifact,medium,30,active,2026-09-26,2026-09-26,1,,,,
http://193.161.193.99:53112/w.sh,url,payload-url,high,80,active,2026-10-07,2026-10-07,1,,,,
http://83.168.69.95/aarch64,url,payload-url,high,80,active,2026-09-27,2026-09-27,1,,,,
http://83.168.69.95/armv4l,url,payload-url,high,80,active,2026-09-27,2026-09-27,1,,,,
http://83.168.69.95/armv5l,url,payload-url,high,80,active,2026-09-27,2026-09-27,1,,,,
http://83.168.69.95/armv6l,url,payload-url,high,80,active,2026-09-27,2026-09-27,1,,,,
http://83.168.69.95/armv7l,url,payload-url,high,80,active,2026-09-27,2026-09-27,1,,,,
http://83.168.69.95/i486,url,payload-url,high,80,active,2026-09-27,2026-09-27,1,,,,
http://83.168.69.95/m68k,url,payload-url,high,80,active,2026-09-27,2026-09-27,1,,,,
http://83.168.69.95/mips,url,payload-url,high,80,active,2026-09-27,2026-09-27,1,,,,
http://83.168.69.95/mipsel,url,payload-url,high,80,active,2026-09-27,2026-09-27,1,,,,
http://83.168.69.95/mipsrouter,url,payload-url,high,80,active,2026-09-27,2026-09-27,1,,,,
http://83.168.69.95/powerpc,url,payload-url,high,80,active,2026-09-27,2026-09-27,1,,,,
http://83.168.69.95/x86_64,url,payload-url,high,80,active,2026-09-27,2026-09-27,1,,,,
